track type=bedGraph
cg00158333	6	7	100
cg00158333	8	9	100
cg00158333	10	11	100
cg00279752	41	42	100
cg00279752	44	45	100
cg00279752	45	46	100
cg00279752	51	52	100
cg00300211	17	18	0
cg00300211	32	33	0
cg00300211	35	36	0
cg00300211	46	47	0
cg00300211	52	53	0
cg00499875	29	30	0
cg00499875	32	33	0
cg00499875	35	36	100
cg00499875	38	39	100
cg00499875	39	40	100
cg00877739	18	19	100
cg00877739	21	22	100
cg00877739	24	25	100
cg00877739	25	26	100
cg00877739	64	65	100
cg00877739	66	67	100
cg00877739	67	68	100
cg00877739	68	69	0
cg00930873	17	18	0
cg00930873	62	63	0
cg00930873	63	64	0
cg00987824	11	12	50
cg00987824	15	16	0
cg00987824	18	19	0
cg00987824	19	20	0
cg00987824	37	38	0
cg00987824	38	39	0
cg00987824	39	40	0
cg00987824	40	41	0
cg01090774	21	22	0
cg01090774	22	23	0
cg01090774	27	28	0
cg01090774	28	29	0
cg01090774	30	31	0
cg01090774	31	32	0
cg01090774	32	33	0
cg01090774	43	44	0
cg01090774	44	45	0
cg01090774	49	50	0
cg01090774	56	57	0
cg01090774	57	58	0
cg01099625	45	46	100
cg01099625	48	49	100
cg01099625	57	58	100
cg01099625	58	59	50
cg01099625	61	62	100
cg01145031	7	8	0
cg01145031	8	9	0
cg01145031	12	13	0
cg01145031	32	33	0
cg01145031	40	41	0
cg01145031	41	42	0
cg01145031	43	44	0
cg01145031	58	59	0
cg01145031	64	65	0
cg01245471	23	24	0
cg01245471	24	25	0
cg01245471	26	27	0
cg01245471	28	29	0
cg01245471	52	53	0
cg01245471	62	63	0
cg01620430	16	17	100
cg01620430	18	19	100
cg01620430	20	21	100
cg01620430	37	38	0
cg01620430	42	43	0
cg01658453	33	34	0
cg01658453	38	39	0
cg01856529	9	10	0
cg01856529	11	12	100
cg01856529	12	13	100
cg01856529	13	14	100
cg01856529	14	15	0
cg01856529	15	16	100
cg01856529	17	18	100
cg01856529	19	20	100
cg01856529	21	22	100
cg01883716	58	59	0
cg01883716	59	60	0
cg01883716	60	61	0
cg01933636	62	63	0
cg01933636	63	64	50
cg01933636	70	71	100
cg02231183	2	3	100
cg02231183	16	17	100
cg02231183	19	20	0
cg02231183	21	22	100
cg02231183	22	23	100
cg02231349	2	3	0
cg02231349	55	56	0
cg02231349	56	57	0
cg02244090	39	40	0
cg02486904	65	66	100
cg02486904	70	71	100
cg02486904	77	78	100
cg02486904	78	79	0
cg02540142	34	35	0
cg02540142	35	36	0
cg02540142	36	37	0
cg02540142	45	46	0
cg02540142	51	52	0
cg02540142	53	54	0
cg02540142	54	55	0
cg02540142	55	56	0
cg02540142	56	57	0
cg02898094	46	47	0
cg03163633	35	36	0
cg03555227	22	23	0
cg03555227	25	26	0
cg03555227	28	29	0
cg03555227	29	30	0
cg03555227	44	45	0
cg03582041	49	50	100
cg03582041	50	51	100
cg03582041	51	52	100
cg03597059	39	40	100
cg03597059	61	62	100
cg03597059	62	63	0
cg03646571	58	59	100
cg03646571	59	60	100
cg03646571	73	74	100
cg03646571	74	75	0
cg03663215	39	40	0
cg03663215	41	42	0
cg03843323	6	7	0
cg03843323	13	14	100
cg03843323	40	41	0
cg03843323	41	42	0
cg03843323	53	54	0
cg03843323	65	66	100
cg03843323	66	67	100
cg03843323	67	68	100
cg03843323	70	71	100
cg03843323	72	73	0
cg03938432	17	18	0
cg03938432	30	31	0
cg03938432	37	38	0
cg03938432	43	44	0
cg03938432	44	45	0
cg03938432	46	47	0
cg03938432	47	48	0
cg03938432	53	54	0
cg03972287	45	46	100
cg03972287	49	50	100
cg03972287	51	52	100
cg03972287	72	73	0
cg03972287	73	74	0
cg04348533	32	33	100
cg04348533	35	36	0
cg04348533	37	38	0
cg04348533	63	64	100
cg04348533	65	66	0
cg04348533	67	68	100
cg04348533	68	69	100
cg04449703	54	55	100
cg04449703	55	56	0
cg04449703	57	58	100
cg04449703	58	59	100
cg04449703	59	60	100
cg04449703	60	61	0
cg04529370	24	25	0
cg04529370	25	26	0
cg04583031	21	22	100
cg04583031	22	23	100
cg04583031	23	24	100
cg04583031	29	30	100
cg04583031	43	44	100
cg04583031	44	45	0
cg04583031	45	46	100
cg04583031	46	47	100
cg04583031	47	48	0
cg04583031	50	51	100
cg04627377	10	11	0
cg04627377	11	12	0
cg04627377	13	14	0
cg04627377	18	19	0
cg04627377	24	25	0
cg04627377	25	26	0
cg04627377	34	35	0
cg04627377	35	36	0
cg04627377	37	38	0
cg04627377	46	47	0
cg04627377	47	48	0
cg04627377	49	50	0
cg04627377	50	51	0
cg04627377	52	53	0
cg04627377	58	59	0
cg04627377	67	68	0
cg04688368	13	14	0
cg04688368	63	64	100
cg04688368	64	65	100
cg04804914	30	31	0
cg04891368	55	56	0
cg04891368	57	58	0
cg04891368	64	65	100
cg04891368	66	67	100
cg04891368	67	68	0
cg05010579	10	11	0
cg05010579	11	12	0
cg05010579	14	15	100
cg05010579	50	51	0
cg05108018	18	19	0
cg05108018	52	53	0
cg05108018	63	64	50
cg05121253	7	8	0
cg05121253	68	69	0
cg05121253	74	75	0
cg05121253	76	77	0
cg05190315	16	17	0
cg05190315	19	20	0
cg05190315	27	28	0
cg05190315	28	29	0
cg05190315	41	42	0
cg05190315	55	56	0
cg05190315	61	62	0
cg05190315	62	63	0
cg05688812	19	20	100
cg05688812	22	23	100
cg05688812	23	24	100
cg05688812	25	26	100
cg05688812	35	36	100
cg05688812	36	37	100
cg05688812	39	40	100
cg05688812	42	43	0
cg05698015	18	19	0
cg05698015	19	20	100
cg05698015	20	21	100
cg05698015	43	44	0
cg05698015	49	50	0
cg05933419	49	50	100
cg06023028	20	21	0
cg06023028	21	22	0
cg06023028	22	23	0
cg06023028	24	25	0
cg06023028	25	26	0
cg06023028	36	37	100
cg06023028	38	39	0
cg06023028	39	40	0
cg06055418	6	7	0
cg06055418	17	18	0
cg06055418	18	19	0
cg06055418	19	20	100
cg06055418	20	21	100
cg06097717	9	10	100
cg06097717	58	59	100
cg06097717	64	65	100
cg06097717	65	66	0
cg06115225	26	27	0
cg06115225	37	38	0
cg06115225	40	41	0
cg06360155	37	38	0
cg06360155	45	46	0
cg06360155	46	47	0
cg06360155	47	48	0
cg06360155	48	49	0
cg06360155	49	50	0
cg06538073	46	47	0
cg06538073	70	71	0
cg06579027	15	16	0
cg06579027	17	18	0
cg06579027	28	29	0
cg06579027	29	30	0
cg06579027	35	36	0
cg06579027	44	45	0
cg06579027	53	54	0
cg06764225	43	44	0
cg06764225	45	46	100
cg06764225	46	47	100
cg06764225	48	49	100
cg06764225	52	53	100
cg06764225	53	54	100
cg07195259	58	59	0
cg07254032	36	37	100
cg07254032	39	40	100
cg07254032	40	41	100
cg07254032	42	43	0
cg07254032	46	47	100
cg07332354	12	13	100
cg07332354	19	20	100
cg07336259	1	2	0
cg07336259	2	3	0
cg07336259	4	5	0
cg07336259	5	6	0
cg07562874	56	57	0
cg07648871	65	66	0
cg07648871	66	67	0
cg07648871	67	68	0
cg07648871	69	70	0
cg07648871	76	77	0
cg07648871	77	78	0
cg07940754	18	19	0
cg07940754	20	21	0
cg07940754	23	24	0
cg07940754	25	26	0
cg07940754	32	33	0
cg07940754	51	52	0
cg07940754	52	53	0
cg07940754	77	78	0
cg08060524	26	27	100
cg08060524	31	32	100
cg08060524	33	34	50
cg08060524	34	35	100
cg08060524	35	36	0
cg08060524	45	46	0
cg08060524	52	53	0
cg08060524	72	73	0
cg08152447	58	59	0
cg08152447	66	67	0
cg08152447	76	77	0
cg08152447	77	78	0
cg08152447	78	79	0
cg08268145	57	58	0
cg08268145	58	59	0
cg08268145	65	66	0
cg08315393	32	33	100
cg08315393	33	34	100
cg08315393	39	40	100
cg08315393	40	41	100
cg08315393	42	43	100
cg08315393	43	44	100
cg08372705	16	17	0
cg08372705	21	22	100
cg08372705	22	23	0
cg08566450	23	24	100
cg08566450	26	27	100
cg08566450	28	29	100
cg08566450	48	49	100
cg08566450	50	51	100
cg08566450	53	54	0
cg08566450	55	56	100
cg08855449	36	37	0
cg08855449	48	49	0
cg08924167	12	13	100
cg09103452	12	13	0
cg09103452	30	31	0
cg09103452	36	37	0
cg09103452	37	38	0
cg09103452	38	39	0
cg09103452	41	42	0
cg09103452	48	49	0
cg09103452	49	50	0
cg09103452	56	57	0
cg09103452	61	62	0
cg09103452	63	64	0
cg09103452	65	66	0
cg09103452	69	70	0
cg09103452	70	71	0
cg09103452	73	74	0
cg09182475	13	14	100
cg09182475	19	20	100
cg09182475	23	24	100
cg09182475	25	26	100
cg09182475	65	66	0
cg09317554	39	40	0
cg09579869	57	58	100
cg09579869	58	59	100
cg09579869	60	61	50
cg09579869	67	68	100
cg09579869	69	70	100
cg09646359	70	71	0
cg09682305	14	15	100
cg09682305	17	18	100
cg09682305	20	21	100
cg09682305	23	24	100
cg09682305	26	27	85.7142857142857
cg09682305	27	28	28.5714285714286
cg09682305	29	30	100
cg09682305	31	32	100
cg09682305	32	33	66.6666666666667
cg09682305	35	36	100
cg09817427	11	12	0
cg09817427	12	13	100
cg09817427	13	14	0
cg09817427	17	18	50
cg09817553	48	49	0
cg09817553	49	50	0
cg09817553	50	51	0
cg09817553	51	52	0
cg10118204	23	24	100
cg10118204	24	25	100
cg10118204	25	26	100
cg10118204	27	28	100
cg10131194	55	56	100
cg10131194	57	58	100
cg10131194	59	60	0
cg10131194	60	61	100
cg10131194	61	62	100
cg10131194	65	66	100
cg10131194	67	68	0
cg10152878	58	59	100
cg10152878	65	66	100
cg10152878	67	68	100
cg10152878	68	69	100
cg10324939	33	34	100
cg10324939	39	40	100
cg10566829	7	8	0
cg10566829	8	9	100
cg10566829	9	10	100
cg10566829	11	12	100
cg10566829	14	15	100
cg10566829	19	20	100
cg10566829	20	21	100
cg10604668	29	30	60
cg10604668	30	31	80
cg10604668	34	35	83.3333333333333
cg10604668	36	37	71.4285714285714
cg10604668	37	38	42.8571428571429
cg10604668	38	39	71.4285714285714
cg10604668	39	40	85.7142857142857
cg10604668	40	41	42.8571428571429
cg10604668	41	42	71.4285714285714
cg10604668	44	45	55.5555555555556
cg10604668	46	47	66.6666666666667
cg10604668	47	48	55.5555555555556
cg10604668	49	50	50
cg10779098	6	7	0
cg10779098	7	8	0
cg10779098	9	10	0
cg10779098	32	33	0
cg10779098	57	58	0
cg10779098	61	62	0
cg10779098	73	74	100
cg10893516	48	49	100
cg10893516	51	52	0
cg10893516	52	53	100
cg10893516	54	55	100
cg10893516	55	56	100
cg10893516	63	64	100
cg10893516	67	68	100
cg11034948	11	12	0
cg11034948	13	14	0
cg11034948	14	15	0
cg11034948	15	16	0
cg11034948	16	17	0
cg11034948	19	20	0
cg11034948	20	21	0
cg11058785	28	29	0
cg11058785	37	38	0
cg11058785	39	40	100
cg11410180	20	21	100
cg11410180	21	22	0
cg11458204	20	21	0
cg11728741	8	9	0
cg11728741	10	11	100
cg11728741	11	12	0
cg11728741	17	18	0
cg11728741	19	20	100
cg11728741	23	24	0
cg11728741	25	26	0
cg11728741	26	27	0
cg11728741	27	28	0
cg11728741	41	42	0
cg11728741	47	48	0
cg12436917	3	4	0
cg12436917	9	10	0
cg12436917	60	61	100
cg12451099	29	30	0
cg12451099	61	62	0
cg12553580	28	29	0
cg12553580	32	33	0
cg12553580	33	34	0
cg12553580	34	35	0
cg12553580	40	41	0
cg12553580	48	49	0
cg12553580	53	54	0
cg12553580	54	55	0
cg12553580	56	57	0
cg12553580	60	61	0
cg12553580	67	68	0
cg12572894	50	51	100
cg12572894	52	53	50
cg12572894	53	54	100
cg12572894	54	55	100
cg12572894	61	62	100
cg12572894	63	64	100
cg12597232	2	3	0
cg12597232	27	28	0
cg12597232	28	29	0
cg12597232	29	30	0
cg12597232	32	33	0
cg12597232	35	36	0
cg12597232	40	41	0
cg12597232	58	59	0
cg12597232	59	60	0
cg12927674	25	26	0
cg12927674	26	27	0
cg12927674	27	28	0
cg12927674	37	38	0
cg12935350	68	69	100
cg12935350	71	72	100
cg12935350	77	78	100
cg13165311	58	59	0
cg13165311	59	60	0
cg13194536	8	9	0
cg13194536	14	15	0
cg13194536	15	16	0
cg13194536	16	17	0
cg13194536	17	18	0
cg13194536	25	26	50
cg13194536	26	27	50
cg13194536	27	28	100
cg13194536	40	41	100
cg13194536	42	43	0
cg13194536	44	45	0
cg13194536	66	67	0
cg13194536	71	72	0
cg13194536	72	73	0
cg13579064	7	8	0
cg13579064	25	26	0
cg13579064	36	37	0
cg13579064	41	42	0
cg13579064	44	45	0
cg13579064	45	46	0
cg13579064	46	47	0
cg13579064	66	67	100
cg13579064	72	73	0
cg13604683	10	11	0
cg13604683	11	12	0
cg13604683	21	22	0
cg13604683	22	23	0
cg13604683	69	70	0
cg13604683	75	76	0
cg13837730	4	5	100
cg13837730	12	13	100
cg14089899	31	32	100
cg14089899	33	34	100
cg14089899	37	38	100
cg14089899	38	39	0
cg14403768	8	9	100
cg14403768	10	11	100
cg14403768	11	12	100
cg14403768	23	24	100
cg14523578	65	66	0
cg14702498	36	37	100
cg14702498	47	48	100
cg14702498	48	49	100
cg14702498	49	50	100
cg14702498	50	51	0
cg14702498	53	54	0
cg14880389	28	29	0
cg14880389	29	30	0
cg14880389	32	33	0
cg14880389	35	36	0
cg14880389	38	39	0
cg14880389	41	42	0
cg14880389	44	45	0
cg14880389	47	48	0
cg14880389	53	54	0
cg14880389	54	55	0
cg14880389	55	56	0
cg14977462	38	39	100
cg14977462	39	40	100
cg14977462	44	45	100
cg14977462	46	47	100
cg15043841	8	9	0
cg15043841	13	14	0
cg15043841	14	15	50
cg15043841	16	17	0
cg15219830	23	24	0
cg15219830	30	31	0
cg15219830	65	66	0
cg15262576	35	36	100
cg15262576	36	37	0
cg15262576	39	40	0
cg15262576	41	42	0
cg15262576	43	44	100
cg15262576	44	45	100
cg15262576	45	46	100
cg15516833	10	11	0
cg15516833	12	13	0
cg15516833	13	14	0
cg15639204	8	9	0
cg15639204	9	10	0
cg15639204	10	11	0
cg15693666	8	9	0
cg15693666	12	13	0
cg15693666	14	15	0
cg15693666	15	16	0
cg15693666	16	17	0
cg15693666	18	19	0
cg15693666	19	20	0
cg15693666	25	26	0
cg15693666	26	27	0
cg15693666	28	29	0
cg15693666	29	30	0
cg15693666	72	73	0
cg15952296	10	11	50
cg15952296	11	12	50
cg15952296	18	19	100
cg15952296	19	20	0
cg15952296	26	27	0
cg15952296	32	33	100
cg15952296	33	34	100
cg15952296	36	37	100
cg15952296	37	38	100
cg15952296	68	69	100
cg15952296	69	70	100
cg15952296	71	72	100
cg15952296	74	75	100
cg15952296	75	76	0
cg15988120	1	2	100
cg15988120	6	7	0
cg15988120	9	10	0
cg15988120	12	13	0
cg15988120	14	15	100
cg15988120	15	16	100
cg15988120	19	20	0
cg15988120	24	25	0
cg15988120	25	26	100
cg16124154	16	17	0
cg16124154	17	18	0
cg16124154	30	31	0
cg16124154	62	63	0
cg16124154	63	64	0
cg16124154	70	71	0
cg16124154	75	76	0
cg16534861	72	73	100
cg16839209	27	28	0
cg16839209	33	34	0
cg16839209	47	48	0
cg16839209	48	49	0
cg16839209	49	50	0
cg16839209	51	52	0
cg16925789	7	8	0
cg16925789	8	9	0
cg16925789	14	15	0
cg16925789	31	32	0
cg16925789	45	46	0
cg16925789	60	61	0
cg17212850	17	18	100
cg17212850	19	20	100
cg17212850	20	21	100
cg17212850	22	23	100
cg17212850	23	24	100
cg17212850	26	27	100
cg17426532	24	25	100
cg17426532	27	28	0
cg17426532	35	36	0
cg17435471	54	55	100
cg17435471	55	56	100
cg17435471	56	57	0
cg17435471	59	60	50
cg17435471	60	61	0
cg17435471	62	63	100
cg17435471	64	65	100
cg17923358	5	6	0
cg17923358	6	7	0
cg17923358	8	9	0
cg17923358	27	28	0
cg17923358	31	32	0
cg17923358	55	56	0
cg17923358	60	61	0
cg17923358	69	70	0
cg17923358	70	71	0
cg18306254	5	6	100
cg18306254	6	7	100
cg18306254	8	9	100
cg18306254	9	10	0
cg18306254	13	14	100
cg18306254	15	16	100
cg18306254	17	18	100
cg18306254	31	32	100
cg18394148	34	35	0
cg18394148	35	36	0
cg18394148	41	42	0
cg18394148	50	51	0
cg18488855	14	15	0
cg18488855	23	24	0
cg18488855	29	30	0
cg18488855	35	36	0
cg18488855	36	37	0
cg18488855	37	38	0
cg18488855	72	73	0
cg18629679	6	7	100
cg18629679	14	15	100
cg18629679	71	72	100
cg18629679	73	74	100
cg18629679	75	76	100
cg18678822	12	13	0
cg18678822	50	51	100
cg18815657	65	66	50
cg19117962	39	40	0
cg19117962	41	42	0
cg19117962	45	46	100
cg19117962	47	48	50
cg19117962	49	50	50
cg19117962	51	52	100
cg19117962	53	54	100
cg19117962	55	56	100
cg19117962	57	58	100
cg19117962	59	60	100
cg19117962	61	62	66.6666666666667
cg19117962	63	64	100
cg19169532	47	48	0
cg19169532	49	50	100
cg19169532	51	52	100
cg19169532	54	55	100
cg19169532	55	56	0
cg19234378	7	8	0
cg19234378	8	9	0
cg19234378	12	13	0
cg19234378	19	20	0
cg19234378	31	32	0
cg19234378	33	34	0
cg19234378	37	38	0
cg19234378	38	39	0
cg19234378	61	62	0
cg19234378	63	64	0
cg19243613	43	44	0
cg19243613	67	68	0
cg19243613	69	70	0
cg19314788	12	13	0
cg19314788	13	14	0
cg19314788	20	21	100
cg19314788	21	22	100
cg19314788	55	56	0
cg19314788	56	57	66.6666666666667
cg19314788	57	58	66.6666666666667
cg19314788	63	64	100
cg19314788	65	66	100
cg19314788	72	73	100
cg19345073	17	18	100
cg19345073	38	39	0
cg19833686	18	19	0
cg19833686	19	20	0
cg19833686	24	25	0
cg19833686	25	26	0
cg19833686	30	31	0
cg19833686	35	36	0
cg19833686	39	40	0
cg19833686	42	43	0
cg19833686	43	44	100
cg19833686	44	45	0
cg19833686	53	54	0
cg19833686	59	60	0
cg19833686	73	74	0
cg20186843	34	35	0
cg20186843	35	36	0
cg20186843	38	39	0
cg20186843	39	40	0
cg20186843	53	54	0
cg20186843	54	55	0
cg20186843	56	57	0
cg20186843	58	59	0
cg20192941	8	9	100
cg20192941	22	23	100
cg20192941	23	24	100
cg20192941	25	26	100
cg20242875	62	63	0
cg20638025	25	26	100
cg20638025	43	44	33.3333333333333
cg20638025	44	45	100
cg20638025	48	49	50
cg20638025	49	50	50
cg20638025	50	51	100
cg20638025	51	52	100
cg20638025	55	56	50
cg20821442	39	40	66.6666666666667
cg20821442	40	41	66.6666666666667
cg20821442	51	52	50
cg20872072	9	10	100
cg20872072	12	13	100
cg20872072	13	14	33.3333333333333
cg20872072	15	16	66.6666666666667
cg20872072	18	19	75
cg20872072	19	20	25
cg20872072	21	22	75
cg20872072	22	23	50
cg20872072	27	28	75
cg20872072	28	29	75
cg20872072	30	31	33.3333333333333
cg21027178	34	35	0
cg21027178	38	39	0
cg21027178	43	44	0
cg21107288	64	65	0
cg21107288	65	66	0
cg21107288	66	67	0
cg21107288	68	69	0
cg21107288	70	71	0
cg21107288	71	72	0
cg21107288	73	74	0
cg21155517	77	78	0
cg21155517	78	79	0
cg21206637	32	33	0
cg21206637	50	51	100
cg21206637	51	52	0
cg21206637	52	53	100
cg21516079	22	23	100
cg21516079	30	31	0
cg21639837	37	38	100
cg21639837	43	44	100
cg21639837	46	47	100
cg21639837	48	49	0
cg21639837	52	53	100
cg21836885	44	45	0
cg21836885	50	51	100
cg21836885	52	53	100
cg21836885	54	55	40
cg21836885	58	59	100
cg21836885	59	60	33.3333333333333
cg21836885	60	61	66.6666666666667
cg21836885	64	65	66.6666666666667
cg21836885	65	66	66.6666666666667
cg21836885	67	68	100
cg21836885	68	69	66.6666666666667
cg21849844	38	39	0
cg21849844	39	40	100
cg21849844	44	45	0
cg21849844	45	46	0
cg21849844	47	48	0
cg22320967	9	10	100
cg22320967	32	33	100
cg22320967	41	42	100
cg22399626	33	34	100
cg22399626	34	35	100
cg22399626	70	71	100
cg22399626	72	73	100
cg22993731	7	8	0
cg22993731	27	28	0
cg22993731	29	30	0
cg22993731	43	44	0
cg22993731	44	45	0
cg22993731	56	57	0
cg23302461	50	51	0
cg23302461	51	52	50
cg23302461	58	59	0
cg23302461	59	60	0
cg23302461	62	63	0
cg23527723	19	20	50
cg23527723	20	21	0
cg23630163	53	54	0
cg23630163	54	55	0
cg23630163	58	59	0
cg23630163	59	60	0
cg23630163	61	62	0
cg23630163	63	64	0
cg23758053	2	3	0
cg23758053	3	4	0
cg23758053	24	25	0
cg23758053	33	34	0
cg23758053	39	40	0
cg23778391	14	15	0
cg23778391	23	24	0
cg23778391	51	52	100
cg23778391	52	53	0
cg23778391	53	54	0
cg23778391	66	67	0
cg23778391	71	72	0
cg23778391	72	73	0
cg23778391	73	74	0
cg23793099	19	20	0
cg23793099	21	22	0
cg23793099	24	25	0
cg23793099	25	26	0
cg23793099	47	48	100
cg23793099	48	49	0
cg23793099	49	50	0
cg23793099	51	52	0
cg23793099	52	53	0
cg23793099	54	55	0
cg23793099	61	62	0
cg23793099	62	63	0
cg23934404	57	58	0
cg23934404	62	63	0
cg23934404	63	64	0
cg23934404	64	65	0
cg23934404	65	66	0
cg23993631	22	23	0
cg23993631	35	36	0
cg23993631	39	40	0
cg23993631	45	46	0
cg23993631	53	54	0
cg23993631	54	55	0
cg24265610	19	20	0
cg24265610	29	30	0
cg24265610	30	31	0
cg24265610	33	34	0
cg24293580	18	19	0
cg24293580	19	20	50
cg24293580	20	21	0
cg24293580	38	39	0
cg24293580	44	45	0
cg24653257	25	26	100
cg24653257	32	33	0
cg24746619	27	28	0
cg24746619	32	33	0
cg24746619	48	49	0
cg24746619	50	51	0
cg24746619	54	55	0
cg25209681	70	71	100
cg25209681	73	74	100
cg25226813	23	24	0
cg25226813	25	26	0
cg25226813	27	28	0
cg25226813	30	31	0
cg25226813	31	32	0
cg25226813	33	34	0
cg25226813	40	41	0
cg25235409	9	10	0
cg25235409	10	11	0
cg25502186	6	7	0
cg25502186	7	8	0
cg25502186	8	9	33.3333333333333
cg25502186	11	12	0
cg25502186	15	16	33.3333333333333
cg25502186	17	18	0
cg25502186	18	19	0
cg25502186	20	21	0
cg25502186	23	24	33.3333333333333
cg25502186	26	27	33.3333333333333
cg25502186	35	36	0
cg25502186	37	38	0
cg25502186	53	54	0
cg25502186	60	61	0
cg25502186	61	62	0
cg25502186	62	63	0
cg25502186	66	67	0
cg25502186	68	69	0
cg25502186	69	70	0
cg25502186	76	77	0
cg25642165	3	4	100
cg25642165	4	5	100
cg25642165	5	6	0
cg25642165	7	8	100
cg25642165	9	10	100
cg25642165	10	11	50
cg25642165	11	12	50
cg25642165	14	15	100
cg25642165	15	16	100
cg25642165	39	40	0
cg25642165	41	42	0
cg25642165	54	55	0
cg25773519	32	33	0
cg25773519	33	34	0
cg25773519	35	36	0
cg25773519	36	37	0
cg25773519	38	39	0
cg25773519	51	52	0
cg26024182	11	12	0
cg26024182	16	17	0
cg26024182	50	51	0
cg26024182	58	59	0
cg26024182	61	62	0
cg26024182	65	66	0
cg26024182	70	71	0
cg26024182	72	73	0
cg26024182	73	74	0
cg26024182	75	76	0
cg26255127	5	6	100
cg26255127	6	7	0
cg26255127	7	8	0
cg26255127	18	19	0
cg26286303	77	78	0
cg26411343	21	22	0
cg26411343	27	28	0
cg26411343	41	42	0
cg26411343	43	44	0
cg26411343	51	52	0
cg26411343	62	63	0
cg26581639	40	41	100
cg26581639	42	43	33.3333333333333
cg26581639	49	50	0
cg26581639	50	51	100
cg26581639	51	52	50
cg26683318	19	20	0
cg26683318	25	26	0
cg26683318	48	49	33.3333333333333
cg26683318	49	50	33.3333333333333
cg27088374	15	16	100
cg27088374	17	18	100
cg27088374	20	21	100
cg27088374	22	23	100
cg27088374	23	24	100
cg27088374	46	47	100
cg27101921	66	67	100
cg27159708	16	17	100
cg27159708	19	20	100
cg27159708	25	26	0
cg27181123	7	8	0
cg27181123	8	9	0
cg27181123	12	13	50
cg27181123	13	14	50
cg27181123	15	16	50
cg27181123	25	26	0
cg27181123	31	32	0
cg27181123	41	42	0
cg27181123	43	44	0
cg27181123	50	51	0
cg27181123	51	52	0
cg27482461	28	29	0
cg27482461	29	30	0
cg27482461	30	31	0
cg27482461	31	32	0
cg27482461	33	34	0
cg27482461	34	35	0
cg27582648	23	24	100
cg27582648	29	30	100
cg27582648	31	32	100
cg27664916	18	19	0
cg27664916	19	20	100
cg27664916	22	23	0
cg27664916	69	70	0
cg27699373	14	15	0
cg27699373	35	36	0
cg27699373	41	42	0
cg27699373	44	45	0
cg27699373	46	47	0
cg27699373	47	48	0
cg27699373	50	51	0
cg27699373	56	57	0
cg27699373	63	64	0
