track type=bedGraph
cg00200899	37	38	100
cg00384342	67	68	0
cg00546693	16	17	100
cg00546693	19	20	100
cg00546693	51	52	0
cg00595237	21	22	100
cg00820579	30	31	66.6666666666667
cg01049141	16	17	100
cg01099625	64	65	75
cg01134518	67	68	0
cg01901522	30	31	100
cg02231349	29	30	0
cg02246955	53	54	0
cg02343568	9	10	100
cg02400551	6	7	100
cg02400551	70	71	0
cg02427264	10	11	0
cg02430333	51	52	0
cg02430333	58	59	0
cg02546724	29	30	100
cg02546724	31	32	100
cg02905739	54	55	100
cg02972618	77	78	100
cg03144020	45	46	100
cg03214411	21	22	0
cg03214411	26	27	0
cg03597491	73	74	0
cg03674256	51	52	100
cg03724450	71	72	0
cg03724450	77	78	0
cg03767531	77	78	0
cg03843323	30	31	100
cg03847707	26	27	0
cg03938432	58	59	100
cg04107706	29	30	100
cg04150055	24	25	0
cg04556126	28	29	0
cg04583031	4	5	0
cg04583031	9	10	0
cg04583031	27	28	0
cg04688368	68	69	12.5
cg04688368	71	72	0
cg04688368	74	75	0
cg04688368	77	78	0
cg05173279	72	73	0
cg05506365	21	22	0
cg05506365	23	24	0
cg05706365	29	30	0
cg05879189	19	20	0
cg05884078	26	27	100
cg06055418	60	61	0
cg06184939	55	56	0
cg06292880	12	13	66.6666666666667
cg06292880	64	65	0
cg06360155	52	53	0
cg06360155	53	54	0
cg06392318	17	18	0
cg06538073	30	31	0
cg06540073	54	55	0
cg07254032	30	31	0
cg07279255	12	13	0
cg07279255	18	19	0
cg07356745.2	43	44	0
cg07356745.2	48	49	0
cg07610132	66	67	100
cg07645671	67	68	66.6666666666667
cg07648871	49	50	0
cg07648871	51	52	0
cg07648871	53	54	0
cg07648871	55	56	0
cg07648871	59	60	0
cg07648871	70	71	0
cg07866592	23	24	100
cg07966323	21	22	100
cg08005992	71	72	50
cg08327269	32	33	0
cg08352408	29	30	0
cg08372705	8	9	100
cg08480303	72	73	0
cg08563010	74	75	100
cg08566450	29	30	0
cg08661762	4	5	100
cg08662919	52	53	100
cg08854986	29	30	0
cg08854986	70	71	0
cg08854986	72	73	0
cg08855194	59	60	0
cg08987848	30	31	0
cg09105275	6	7	0
cg09148605	5	6	0
cg09300249	28	29	0
cg09536551	66	67	0
cg09682305	38	39	100
cg09841954	74	75	0
cg09841954	78	79	0
cg10104432	30	31	0
cg10604668	2	3	0
cg10709038	65	66	0
cg10779098	24	25	50
cg10901415	22	23	100
cg10918079	49	50	100
cg11171400	34	35	0
cg11411958	14	15	0
cg11465136	30	31	0
cg11551173	15	16	100
cg11672180	17	18	100
cg11807038	71	72	100
cg11879601	53	54	100
cg11879601	67	68	66.6666666666667
cg11905658	11	12	0
cg11905658	42	43	0
cg12046720	67	68	0
cg12046720	68	69	0
cg12311671	14	15	100
cg12469785	30	31	100
cg12553580	21	22	100
cg12565017	55	56	0
cg12799227	67	68	100
cg12838514	46	47	0
cg12856514	30	31	0
cg13060540	18	19	0
cg13090788	74	75	0
cg13107977	29	30	0
cg13132580	63	64	0
cg13143654	75	76	0
cg13151303	17	18	100
cg13702567	30	31	100
cg13739934	59	60	0
cg13739934	61	62	0
cg13739934	71	72	0
cg13768953	19	20	0
cg13768953	24	25	0
cg13768953	31	32	0
cg13768953	49	50	100
cg14190856	29	30	0
cg14255803	67	68	0
cg14299268	59	60	0
cg14550267	45	46	0
cg14550267	59	60	0
cg14660630	67	68	0
cg14880389	26	27	50
cg14977462	68	69	100
cg14991487	19	20	0
cg14991487	21	22	0
cg14991487	23	24	0
cg14991487	51	52	0
cg15073168	14	15	0
cg15073168	18	19	100
cg15566115	44	45	0
cg15608939	28	29	0
cg15608939	57	58	0
cg15693666	55	56	100
cg15693666	74	75	0
cg15746205	44	45	0
cg15823859	28	29	100
cg15890010	57	58	0
cg15903069	29	30	0
cg15988120	22	23	100
cg16103501	69	70	0
cg16188689	34	35	0
cg16501308	28	29	0
cg16675333	29	30	0
cg16675333	54	55	0
cg16744551	48	49	0
cg16839209	9	10	0
cg16839209	36	37	0
cg17177168	62	63	0
cg17177168	65	66	0
cg17426532	53	54	100
cg17517572	31	32	0
cg17711361	8	9	100
cg18257298	67	68	0
cg18257298	70	71	0
cg18257298	73	74	0
cg18257298	75	76	0
cg18271715	18	19	0
cg18271715	70	71	100
cg18278083	38	39	100
cg18278971	30	31	50
cg18678822	30	31	0
cg18809102	28	29	100
cg19050854	9	10	100
cg19314788	18	19	0
cg19555331	58	59	0
cg19560915	52	53	0
cg19702779	10	11	0
cg19722977	77	78	100
cg19929340	32	33	0
cg20011459	26	27	0
cg20011459	77	78	100
cg20040459	41	42	100
cg20149183	57	58	100
cg20149183	61	62	100
cg20169907	58	59	100
cg20425337	28	29	0
cg20425337	63	64	100
cg20638025	41	42	100
cg20872072	25	26	78.9473684210526
cg21027178	46	47	0
cg21097283	29	30	100
cg21097283	30	31	100
cg21177673	20	21	50
cg21177673	30	31	0
cg21181292	51	52	0
cg21423577	48	49	0
cg21423577	58	59	0
cg21520769	51	52	0
cg21654796	53	54	100
cg21767196	17	18	0
cg21767196	75	76	0
cg21836885	30	31	33.3333333333333
cg21836885	79	80	0
cg21849844	60	61	100
cg21973311	13	14	0
cg22078760	58	59	0
cg22320967	50	51	87.5
cg22724078	48	49	0
cg22950745	30	31	100
cg23037611	62	63	0
cg23037611	64	65	0
cg23037611	67	68	100
cg23037611	70	71	0
cg23055029	38	39	0
cg23055029	45	46	0
cg23055029	53	54	0
cg23076498	31	32	100
cg23087015	50	51	100
cg23091488	30	31	0
cg23091488	57	58	100
cg23146472	41	42	0
cg23146472	52	53	0
cg23252799	21	22	100
cg23302461	76	77	0
cg23626248	30	31	0
cg23793099	67	68	0
cg23826041	30	31	100
cg23829949	59	60	100
cg24178740	67	68	100
cg24181917	49	50	100
cg24255409	56	57	0
cg24255409	63	64	0
cg24265558	41	42	0
cg24444575	16	17	0
cg24746619	46	47	0
cg24900201	22	23	0
cg24900201	37	38	0
cg25020809	63	64	100
cg25165498	27	28	0
cg25400234	10	11	0
cg25400234	16	17	0
cg25400234	21	22	0
cg25743059	53	54	100
cg26062249	51	52	0
cg26062249	63	64	0
cg26109480	61	62	0
cg26258498	29	30	0
cg26291907	15	16	100
cg26313355	54	55	0
cg26411343	32	33	0
cg26452091	61	62	100
cg26512254	76	77	100
cg26538799	73	74	100
cg26566168	55	56	100
cg26830742	30	31	100
cg27009703	23	24	0
cg27009703	65	66	0
cg27146637	72	73	100
cg27181123	9	10	100
cg27201382	42	43	0
cg27255867	3	4	100
cg27454487	64	65	0
cg27562808	49	50	100
cg27562808	57	58	0
cg27582648	4	5	100
cg27605823	27	28	0
