track type=bedGraph
cg00158333	28	29	0
cg00310215	13	14	0
cg00310215	17	18	0
cg00310215	30	31	0
cg00310215	38	39	0
cg00310215	48	49	0
cg00546693	16	17	0
cg00546693	19	20	0
cg00546693	25	26	0
cg00546693	29	30	0
cg00546693	51	52	0
cg01049141	16	17	0
cg01049141	54	55	100
cg01099625	64	65	50
cg01145031	29	30	0
cg01603001	67	68	0
cg01620430	45	46	0
cg01620430	56	57	0
cg01901522	29	30	100
cg02153665	29	30	0
cg02273345	30	31	0
cg02343568	9	10	0
cg02379880	55	56	0
cg02379880	56	57	100
cg02386994	40	41	0
cg02386994	63	64	0
cg02602455	46	47	0
cg02690638	4	5	100
cg02690638	73	74	0
cg02762509	16	17	0
cg02762509	22	23	0
cg02762509	50	51	0
cg02762509	56	57	0
cg02762509	69	70	0
cg02873524	5	6	0
cg02873524	15	16	0
cg02873524	18	19	0
cg02873524	26	27	0
cg02873524	47	48	0
cg02873524	64	65	0
cg02873524	67	68	0
cg02873524	69	70	0
cg02894112	8	9	0
cg02894112	45	46	0
cg02894112	48	49	0
cg02968414	15	16	50
cg02968414	18	19	100
cg03121178	22	23	0
cg03122810	6	7	0
cg03133310	48	49	0
cg03133310	58	59	0
cg03133310	64	65	0
cg03144020	45	46	0
cg03676512	5	6	0
cg03676512	14	15	0
cg03676512	30	31	0
cg03676512	45	46	0
cg03676512	49	50	0
cg03724450	17	18	0
cg03740978	33	34	0
cg03740978	60	61	0
cg03740978	68	69	0
cg03740978	70	71	0
cg03957108	22	23	0
cg03960951	1	2	0
cg03960951	7	8	0
cg03960951	51	52	0
cg03960951	56	57	0
cg03960951	61	62	0
cg03960951	74	75	0
cg04209727	11	12	0
cg04209727	14	15	0
cg04209727	25	26	0
cg04281230	30	31	100
cg04611891	29	30	0
cg04627377	44	45	0
cg04735310	7	8	0
cg04735310	27	28	0
cg04735310	49	50	0
cg04956792	6	7	0
cg04956792	70	71	0
cg05121253	29	30	0
cg05173279	42	43	0
cg05173279	57	58	0
cg05173279	64	65	0
cg05190315	3	4	0
cg05275337	29	30	100
cg05406154	12	13	0
cg05406154	18	19	0
cg05406154	22	23	0
cg05406154	26	27	0
cg05406154	29	30	0
cg05406154	36	37	0
cg05406154	44	45	0
cg05506365	6	7	0
cg05506365	7	8	0
cg05506365	21	22	0
cg05506365	22	23	0
cg05506365	23	24	0
cg05506365	24	25	0
cg05506365	41	42	0
cg05506365	42	43	0
cg05506365	44	45	0
cg05506365	45	46	0
cg05506365	53	54	0
cg05506365	54	55	0
cg05907933	30	31	0
cg05907933	40	41	0
cg06115225	19	20	0
cg06115225	43	44	0
cg06115225	52	53	0
cg06115225	55	56	0
cg06550953	30	31	0
cg06569016	4	5	0
cg06569016	23	24	50
cg06569016	24	25	0
cg06569016	48	49	0
cg06569016	54	55	0
cg06579027	67	68	0
cg06579027	75	76	0
cg07232817	24	25	0
cg07232817	69	70	0
cg07254032	30	31	100
cg07300517	55	56	0
cg07300517	71	72	0
cg07339555	1	2	0
cg07339555	33	34	0
cg07339555	42	43	0
cg07339555	53	54	0
cg07645671	67	68	100
cg07668688	76	77	0
cg07704742	41	42	0
cg07704742	57	58	100
cg08152447	21	22	0
cg08152447	30	31	0
cg08152447	33	34	0
cg08152447	55	56	0
cg08170671	18	19	0
cg08170671	22	23	0
cg08170671	29	30	0
cg08285141	40	41	0
cg08285141	41	42	0
cg08285141	54	55	0
cg08285141	55	56	0
cg08285141	70	71	0
cg08454381	60	61	100
cg08566450	29	30	0
cg08588194	58	59	0
cg08629602	8	9	0
cg08629602	18	19	0
cg08629602	24	25	0
cg08629602	28	29	0
cg08629602	30	31	0
cg08629602	53	54	0
cg08629602	59	60	0
cg08661762	4	5	0
cg08661762	16	17	0
cg08661762	17	18	0
cg08766215	27	28	0
cg08766215	36	37	0
cg08766215	47	48	0
cg08766215	57	58	0
cg08849105	32	33	0
cg08921975	21	22	0
cg08921975	23	24	0
cg08938156	62	63	0
cg09141122	33	34	0
cg09141122	76	77	0
cg09300249	29	30	0
cg09300249	44	45	0
cg09300249	55	56	0
cg09313308	24	25	100
cg09313308	31	32	0
cg09317554	33	34	100
cg09317554	36	37	100
cg09317554	73	74	0
cg09327310	20	21	0
cg09347937	77	78	0
cg09536551	29	30	0
cg09536551	32	33	0
cg09536551	65	66	0
cg09692769	14	15	100
cg10131194	18	19	0
cg10131194	27	28	0
cg10131194	30	31	0
cg10235290	73	74	0
cg10392713	61	62	0
cg10392713	65	66	0
cg10392713	76	77	0
cg10441680	56	57	0
cg10779098	25	26	0
cg10779098	36	37	0
cg11058785	10	11	0
cg11266260	6	7	0
cg11266260	24	25	0
cg11266260	59	60	0
cg11266260	73	74	0
cg11700079	6	7	0
cg11700079	10	11	0
cg11700079	18	19	0
cg11700079	21	22	0
cg11700079	25	26	0
cg11700079	45	46	0
cg11700079	49	50	0
cg11700079	51	52	0
cg11768647	14	15	0
cg11768647	18	19	0
cg11827910	29	30	0
cg11827910	34	35	0
cg11827910	41	42	0
cg11827910	73	74	0
cg12649001	29	30	0
cg12649001	47	48	0
cg12649001	53	54	0
cg12856514	54	55	100
cg12856514	75	76	100
cg12899502	44	45	0
cg12899502	51	52	0
cg12903213	19	20	0
cg12959926	60	61	0
cg12959926	75	76	0
cg12981876	67	68	0
cg13604683	30	31	100
cg13677591	29	30	0
cg13732394	45	46	0
cg13845517	13	14	0
cg13845517	22	23	0
cg13845517	55	56	0
cg13845517	58	59	0
cg13884903	12	13	100
cg13909487	33	34	0
cg13909487	51	52	0
cg13909487	55	56	0
cg14019317	22	23	0
cg14043264	54	55	0
cg14299268	58	59	0
cg14525247	2	3	0
cg14525247	36	37	0
cg14525247	44	45	0
cg14525247	52	53	0
cg14525247	65	66	0
cg14778330	13	14	0
cg14778330	20	21	0
cg14801866	17	18	0
cg14801866	22	23	0
cg14850368	27	28	0
cg14940505	30	31	0
cg14940505	33	34	0
cg14940505	36	37	0
cg15012446	16	17	0
cg15012446	49	50	0
cg15012446	62	63	0
cg15545854	39	40	0
cg15545854	55	56	0
cg15545854	63	64	0
cg15555425	34	35	0
cg15555425	57	58	0
cg15555425	70	71	0
cg15723222	70	71	0
cg15726426	56	57	0
cg15726426	68	69	0
cg15834661	11	12	0
cg15834661	24	25	0
cg15846956	26	27	0
cg15846956	27	28	0
cg15846956	57	58	0
cg15846956	58	59	0
cg15846956	64	65	0
cg15846956	65	66	0
cg15903069	28	29	0
cg15913680	63	64	0
cg16113298	34	35	0
cg16113298	55	56	0
cg16113298	64	65	0
cg16113298	70	71	0
cg16124154	67	68	0
cg16290482	29	30	0
cg16427848	38	39	0
cg16501308	61	62	0
cg16524928	66	67	100
cg16872560	66	67	100
cg17037716	43	44	0
cg17037716	46	47	0
cg17037716	63	64	0
cg17037716	64	65	0
cg17118421	39	40	0
cg17417202	54	55	0
cg17662507	29	30	0
cg18010822	54	55	0
cg18120675	24	25	0
cg18120675	35	36	0
cg18120675	38	39	0
cg18120675	52	53	0
cg18120675	54	55	0
cg18120675	60	61	0
cg18120675	73	74	0
cg18141557	6	7	0
cg18141557	8	9	0
cg18141557	26	27	0
cg18141557	29	30	0
cg18141557	38	39	0
cg18141557	62	63	0
cg18243072	65	66	0
cg18278083	23	24	100
cg18278083	66	67	0
cg18306254	53	54	0
cg18560297	60	61	0
cg19050854	10	11	0
cg19050854	53	54	0
cg19107290	7	8	0
cg19107290	10	11	0
cg19107290	17	18	0
cg19107290	34	35	0
cg19107290	39	40	0
cg19223789	45	46	0
cg19243613	39	40	0
cg19291109	68	69	0
cg19461192	33	34	0
cg19461192	44	45	0
cg19461192	67	68	0
cg19631884	10	11	0
cg19702779	55	56	0
cg19828220	71	72	100
cg19936176	36	37	0
cg19936176	47	48	0
cg19936176	54	55	0
cg19936176	58	59	0
cg19936176	73	74	0
cg20040459	29	30	0
cg20346209	53	54	0
cg20422755	30	31	0
cg20687703	10	11	0
cg20687703	14	15	0
cg20687703	23	24	0
cg20687703	39	40	0
cg20687703	54	55	0
cg20687703	72	73	0
cg20872072	25	26	75
cg20872072	26	27	0
cg20960545	16	17	0
cg20960545	17	18	0
cg20960545	29	30	0
cg20960545	30	31	0
cg20960545	45	46	0
cg20960545	46	47	0
cg21030623	21	22	0
cg21030623	23	24	0
cg21030623	25	26	0
cg21030623	30	31	0
cg21030623	52	53	0
cg21107288	30	31	0
cg21181292	38	39	0
cg21181292	52	53	0
cg21181292	61	62	0
cg21520769	29	30	100
cg21520769	50	51	100
cg21607628	51	52	100
cg21801378	4	5	0
cg21801378	6	7	0
cg21801378	56	57	0
cg21821214	16	17	0
cg21821214	72	73	0
cg21836885	30	31	0
cg22069272	66	67	0
cg22075146	10	11	100
cg22075146	28	29	0
cg22075146	50	51	66.6666666666667
cg22290035	49	50	100
cg22311716	28	29	33.3333333333333
cg22704389	71	72	0
cg22714777	21	22	0
cg22714777	23	24	0
cg22714777	42	43	0
cg22714777	51	52	0
cg22714777	52	53	0
cg22971559	29	30	0
cg22971559	42	43	0
cg22993731	46	47	0
cg23055029	24	25	0
cg23055029	26	27	0
cg23055029	61	62	0
cg23055029	66	67	100
cg23055029	68	69	0
cg23146472	18	19	0
cg23146472	31	32	0
cg23146472	41	42	0
cg23146472	52	53	0
cg23252799	62	63	0
cg23626248	10	11	100
cg23678852	9	10	33.3333333333333
cg23678852	16	17	25
cg23678852	28	29	0
cg23678852	67	68	0
cg23693668	75	76	0
cg23767994	17	18	0
cg23767994	29	30	0
cg24023187	1	2	0
cg24023187	36	37	0
cg24117712	16	17	0
cg24117712	18	19	0
cg24117712	29	30	0
cg24117712	38	39	0
cg24117712	60	61	0
cg24466972	73	74	100
cg24570563	29	30	0
cg24570563	32	33	0
cg24822649	7	8	0
cg24866418	36	37	0
cg24866418	63	64	0
cg25244980	50	51	100
cg25244980	61	62	100
cg25244980	73	74	0
cg25732341	59	60	0
cg25742767	23	24	0
cg25742767	26	27	0
cg25742767	28	29	0
cg25764105	16	17	0
cg25764105	30	31	0
cg25764105	66	67	0
cg25764105	68	69	0
cg26109480	18	19	0
cg26258498	29	30	0
cg26438612	51	52	0
cg26581639	29	30	0
cg26691477	1	2	0
cg26691477	3	4	0
cg26691477	29	30	0
cg26691477	39	40	0
cg26691477	72	73	0
cg26776127	13	14	0
cg26776127	24	25	0
cg26776127	29	30	0
cg26776127	44	45	0
cg26845448	13	14	0
cg26845448	17	18	0
cg26845448	59	60	0
cg26973329	28	29	0
cg27255867	62	63	0
cg27344974	29	30	0
cg27344974	73	74	0
cg27365371	14	15	100
cg27365371	41	42	0
cg27514424	16	17	0
cg27562808	49	50	0
