track type=bedGraph
cg00008998	9	10	0
cg00008998	10	11	0
cg00008998	13	14	100
cg00008998	15	16	100
cg00008998	16	17	100
cg00008998	49	50	100
cg00153046	30	31	0
cg00153046	31	32	50
cg00158333	65	66	0
cg00158333	67	68	0
cg00158333	68	69	0
cg00158333	69	70	100
cg00300211	32	33	100
cg00300211	35	36	0
cg00300211	52	53	50
cg00300211	61	62	0
cg00300211	63	64	0
cg00300211	64	65	0
cg00310215	15	16	0
cg00310215	19	20	0
cg00310215	23	24	0
cg00310215	28	29	0
cg00310215	34	35	0
cg00310215	41	42	0
cg00310215	58	59	0
cg00310215	60	61	0
cg00310215	70	71	0
cg00367518	52	53	100
cg00367518	55	56	100
cg00546693	3	4	0
cg00546693	4	5	0
cg00546693	5	6	0
cg00546693	27	28	0
cg00546693	44	45	0
cg00546693	45	46	0
cg00546693	48	49	0
cg00877739	18	19	0
cg00877739	21	22	100
cg00877739	24	25	0
cg00877739	64	65	100
cg00877739	66	67	100
cg00877739	67	68	100
cg00877739	68	69	0
cg00877739	69	70	100
cg00877739	72	73	100
cg00906973	7	8	100
cg00906973	19	20	0
cg00906973	22	23	0
cg00906973	24	25	0
cg00992842	29	30	0
cg00992842	33	34	100
cg00992842	34	35	100
cg00992842	38	39	0
cg00992842	39	40	0
cg00992842	40	41	100
cg00992842	56	57	0
cg00992842	57	58	0
cg00992842	58	59	0
cg01049141	18	19	0
cg01049141	19	20	0
cg01049141	21	22	100
cg01049141	50	51	0
cg01099625	44	45	0
cg01099625	45	46	100
cg01099625	48	49	100
cg01099625	57	58	100
cg01099625	58	59	100
cg01099625	61	62	83.3333333333333
cg01145031	12	13	0
cg01145031	32	33	0
cg01145031	40	41	0
cg01145031	41	42	0
cg01145031	43	44	0
cg01145031	58	59	0
cg01145031	64	65	0
cg01594757	14	15	100
cg01594757	16	17	0
cg01594757	17	18	0
cg01594757	20	21	100
cg01594757	55	56	100
cg01594757	56	57	100
cg01594757	58	59	0
cg01594757	59	60	100
cg01603001	40	41	0
cg01603001	65	66	0
cg01603001	70	71	0
cg01603001	71	72	0
cg01603001	72	73	0
cg01603001	74	75	0
cg01620430	9	10	100
cg01620430	11	12	0
cg01620430	12	13	100
cg01620430	16	17	100
cg01620430	18	19	100
cg01620430	20	21	0
cg01620430	30	31	0
cg01620430	37	38	0
cg01620430	42	43	0
cg01620430	43	44	0
cg01620430	47	48	0
cg01620430	53	54	0
cg01675333	7	8	0
cg01675333	9	10	0
cg01675333	11	12	0
cg01675333	12	13	0
cg01675333	41	42	100
cg01901522	7	8	50
cg01901522	22	23	100
cg01901522	72	73	0
cg01901522	73	74	0
cg01901522	74	75	0
cg01915021	45	46	100
cg01915021	47	48	100
cg01915021	72	73	0
cg01915021	75	76	0
cg01935699	22	23	0
cg01935699	23	24	100
cg01935699	24	25	0
cg01935699	30	31	0
cg01935699	32	33	100
cg01935699	71	72	0
cg02017717	15	16	0
cg02017717	20	21	0
cg02017717	41	42	0
cg02017717	42	43	50
cg02017717	43	44	0
cg02017717	45	46	0
cg02153665	6	7	0
cg02153665	10	11	0
cg02153665	11	12	0
cg02153665	19	20	0
cg02153665	22	23	0
cg02153665	24	25	0
cg02153665	43	44	0
cg02153665	71	72	0
cg02153665	73	74	0
cg02193885	3	4	0
cg02193885	6	7	0
cg02193885	11	12	0
cg02231349	25	26	100
cg02231349	45	46	100
cg02273345	35	36	0
cg02273345	37	38	0
cg02286774	8	9	100
cg02286774	12	13	33.3333333333333
cg02286774	13	14	33.3333333333333
cg02286774	17	18	0
cg02351382	33	34	100
cg02351382	37	38	0
cg02351382	39	40	100
cg02351382	43	44	0
cg02351382	65	66	0
cg02351382	66	67	100
cg02352577	4	5	100
cg02352577	53	54	0
cg02352577	54	55	0
cg02352577	55	56	0
cg02379880	32	33	100
cg02379880	35	36	0
cg02379880	36	37	100
cg02379880	37	38	0
cg02379880	39	40	0
cg02379880	43	44	0
cg02379880	49	50	0
cg02379880	50	51	0
cg02379880	53	54	0
cg02386994	23	24	0
cg02386994	24	25	0
cg02386994	34	35	0
cg02386994	36	37	0
cg02386994	38	39	0
cg02386994	48	49	0
cg02386994	49	50	0
cg02386994	50	51	0
cg02386994	57	58	0
cg02386994	61	62	0
cg02386994	65	66	0
cg02386994	69	70	0
cg02386994	70	71	0
cg02386994	71	72	0
cg02540142	14	15	0
cg02540142	16	17	100
cg02540142	17	18	0
cg02540142	34	35	0
cg02540142	35	36	0
cg02540142	36	37	0
cg02540142	37	38	0
cg02540142	45	46	0
cg02540142	51	52	0
cg02540142	53	54	0
cg02540142	54	55	0
cg02540142	55	56	0
cg02540142	56	57	0
cg02540142	63	64	0
cg02554923	12	13	100
cg02554923	34	35	100
cg02554923	38	39	100
cg02602455	48	49	0
cg02602455	49	50	0
cg02688223	49	50	0
cg02688223	52	53	0
cg02688223	54	55	0
cg02688223	58	59	0
cg02688223	60	61	0
cg02690638	7	8	0
cg02690638	10	11	100
cg02762509	25	26	0
cg02762509	26	27	0
cg02762509	33	34	0
cg02762509	41	42	0
cg02762509	45	46	0
cg02762509	53	54	0
cg02762509	74	75	0
cg02762509	75	76	0
cg02873524	22	23	0
cg02873524	29	30	0
cg02873524	49	50	0
cg02894112	15	16	0
cg02894112	18	19	0
cg02894112	19	20	0
cg02894112	20	21	0
cg02894112	29	30	0
cg02894112	31	32	0
cg02894112	35	36	0
cg02894112	59	60	0
cg02968414	13	14	0
cg02972618	37	38	100
cg03094159	8	9	100
cg03094159	58	59	100
cg03094159	59	60	0
cg03121178	16	17	0
cg03121178	17	18	0
cg03121178	26	27	0
cg03121178	27	28	0
cg03121178	40	41	0
cg03122810	9	10	0
cg03122810	11	12	0
cg03133310	30	31	0
cg03133310	31	32	0
cg03133310	32	33	0
cg03133310	44	45	0
cg03133310	46	47	0
cg03144020	47	48	0
cg03144020	48	49	0
cg03144020	50	51	0
cg03144020	51	52	0
cg03144020	53	54	0
cg03144020	55	56	0
cg03153971	12	13	100
cg03153971	66	67	0
cg03153971	68	69	100
cg03174933	12	13	100
cg03174933	13	14	100
cg03174933	15	16	100
cg03174933	20	21	100
cg03174933	37	38	100
cg03174933	41	42	100
cg03174933	42	43	0
cg03174933	46	47	100
cg03265102	20	21	100
cg03265102	21	22	100
cg03265102	22	23	100
cg03265102	25	26	0
cg03265102	27	28	0
cg03265102	28	29	0
cg03265102	36	37	0
cg03597059	25	26	100
cg03597059	71	72	0
cg03597059	72	73	100
cg03603997	15	16	0
cg03603997	16	17	0
cg03603997	17	18	0
cg03603997	20	21	100
cg03603997	33	34	0
cg03603997	34	35	0
cg03639871	56	57	0
cg03639871	60	61	100
cg03639871	65	66	0
cg03674256	42	43	0
cg03674256	43	44	0
cg03674256	46	47	0
cg03674256	48	49	0
cg03676512	7	8	0
cg03676512	11	12	0
cg03676512	12	13	0
cg03676512	16	17	0
cg03676512	18	19	0
cg03676512	19	20	0
cg03676512	21	22	0
cg03676512	47	48	0
cg03676512	58	59	0
cg03676512	61	62	0
cg03676512	64	65	0
cg03676512	73	74	0
cg03676512	74	75	0
cg03724450	15	16	0
cg03724450	49	50	100
cg03724450	52	53	100
cg03724450	54	55	100
cg03724450	55	56	0
cg03724450	56	57	100
cg03740978	31	32	0
cg03843323	13	14	100
cg03843323	18	19	0
cg03843323	19	20	0
cg03843323	22	23	100
cg03843323	23	24	100
cg03843323	28	29	100
cg03957108	66	67	0
cg03957108	67	68	0
cg03960951	10	11	0
cg03960951	15	16	0
cg03960951	21	22	0
cg03960951	30	31	0
cg03960951	31	32	0
cg03960951	32	33	0
cg03960951	34	35	0
cg03960951	41	42	0
cg03960951	44	45	0
cg03960951	53	54	0
cg03960951	54	55	0
cg03960951	58	59	0
cg03960951	59	60	0
cg03960951	64	65	0
cg03960951	65	66	0
cg03960951	66	67	0
cg03960951	67	68	0
cg03972287	34	35	100
cg03972287	37	38	100
cg03972287	40	41	100
cg03972287	41	42	100
cg03972287	61	62	0
cg03972287	65	66	100
cg04209727	19	20	0
cg04209727	20	21	0
cg04209727	28	29	0
cg04209727	29	30	0
cg04209727	35	36	0
cg04209727	44	45	100
cg04209727	45	46	0
cg04209727	51	52	0
cg04209727	53	54	100
cg04209727	67	68	0
cg04209727	68	69	0
cg04209727	70	71	0
cg04209727	74	75	0
cg04281230	32	33	0
cg04281230	33	34	0
cg04281230	46	47	100
cg04348533	63	64	0
cg04348533	65	66	0
cg04348533	67	68	100
cg04348533	68	69	0
cg04504700	5	6	0
cg04504700	7	8	0
cg04504700	12	13	0
cg04504700	14	15	100
cg04504700	15	16	0
cg04504700	16	17	0
cg04504700	20	21	100
cg04611891	24	25	0
cg04627377	24	25	0
cg04627377	25	26	0
cg04627377	34	35	0
cg04627377	35	36	0
cg04627377	37	38	0
cg04627377	46	47	0
cg04627377	47	48	0
cg04627377	49	50	0
cg04627377	50	51	0
cg04627377	52	53	0
cg04627377	58	59	0
cg04627479	49	50	0
cg04735310	1	2	0
cg04735310	2	3	0
cg04735310	3	4	0
cg04735310	5	6	0
cg04735310	18	19	0
cg04735310	35	36	0
cg04735310	43	44	0
cg04735310	46	47	0
cg04735310	61	62	0
cg04735310	64	65	0
cg04802182	35	36	0
cg04802182	64	65	0
cg04863645	12	13	100
cg04863645	15	16	100
cg04863645	30	31	100
cg04863645	33	34	100
cg04863645	34	35	100
cg04863645	54	55	100
cg04863645	57	58	100
cg04956792	16	17	0
cg04956792	20	21	0
cg04956792	21	22	0
cg04956792	31	32	0
cg04956792	35	36	0
cg04956792	52	53	0
cg04956792	65	66	0
cg05060618	9	10	50
cg05060618	10	11	50
cg05060618	48	49	0
cg05060618	53	54	0
cg05121253	7	8	100
cg05121253	15	16	100
cg05121253	42	43	100
cg05121253	45	46	0
cg05121253	47	48	0
cg05173279	45	46	0
cg05173279	46	47	0
cg05173279	48	49	0
cg05173279	62	63	0
cg05190315	21	22	0
cg05190315	23	24	0
cg05190315	24	25	0
cg05190315	35	36	0
cg05190315	36	37	0
cg05190315	37	38	0
cg05190315	42	43	0
cg05190315	44	45	0
cg05190315	45	46	0
cg05190315	51	52	0
cg05190315	52	53	0
cg05260361	50	51	0
cg05260361	51	52	100
cg05260361	53	54	0
cg05275337	13	14	0
cg05275337	14	15	0
cg05275337	16	17	0
cg05275337	21	22	0
cg05406154	3	4	0
cg05406154	8	9	0
cg05406154	9	10	0
cg05406154	10	11	0
cg05406154	20	21	0
cg05406154	31	32	0
cg05406154	33	34	0
cg05406154	34	35	0
cg05406154	46	47	0
cg05406154	56	57	0
cg05406154	57	58	0
cg05406154	58	59	0
cg05406154	61	62	0
cg05473648	65	66	0
cg05473648	69	70	100
cg05475048	68	69	100
cg05491758	6	7	100
cg05491758	44	45	100
cg05491758	45	46	100
cg05491758	46	47	100
cg05506365	3	4	0
cg05506365	4	5	0
cg05506365	9	10	0
cg05506365	11	12	0
cg05506365	12	13	0
cg05506365	13	14	0
cg05506365	18	19	0
cg05506365	20	21	0
cg05506365	26	27	0
cg05506365	27	28	0
cg05506365	32	33	0
cg05506365	33	34	0
cg05506365	38	39	0
cg05506365	39	40	0
cg05506365	48	49	0
cg05506365	52	53	0
cg05506365	56	57	0
cg05506365	57	58	0
cg05506365	60	61	0
cg05506365	61	62	0
cg05506365	62	63	0
cg05506365	63	64	0
cg05506365	64	65	0
cg05506365	65	66	0
cg05770325	40	41	100
cg05770325	42	43	0
cg05770325	54	55	100
cg05770325	55	56	0
cg05770325	58	59	100
cg05884078	50	51	0
cg05884078	51	52	0
cg05907933	35	36	0
cg05907933	42	43	0
cg05907933	46	47	0
cg05907933	47	48	0
cg05907933	48	49	0
cg05907933	53	54	0
cg05907933	55	56	0
cg05907933	58	59	0
cg05933419	61	62	100
cg05933419	67	68	100
cg06055418	24	25	0
cg06055418	29	30	0
cg06055418	31	32	0
cg06055418	44	45	100
cg06055418	46	47	100
cg06055418	70	71	0
cg06055418	72	73	0
cg06097717	47	48	0
cg06115225	26	27	0
cg06115225	27	28	0
cg06115225	28	29	0
cg06115225	32	33	0
cg06115225	37	38	0
cg06115225	40	41	0
cg06115225	41	42	0
cg06115225	61	62	0
cg06115225	67	68	0
cg06115225	68	69	0
cg06115225	71	72	0
cg06292880	18	19	66.6666666666667
cg06292880	26	27	50
cg06292880	27	28	100
cg06292880	31	32	33.3333333333333
cg06292880	34	35	100
cg06360155	7	8	0
cg06538073	8	9	100
cg06538073	9	10	100
cg06538073	13	14	100
cg06538073	14	15	100
cg06538073	51	52	0
cg06538073	73	74	0
cg06538073	74	75	0
cg06550953	12	13	0
cg06550953	26	27	0
cg06550953	35	36	0
cg06557369	11	12	0
cg06557369	14	15	100
cg06557369	15	16	0
cg06557369	36	37	0
cg06557369	39	40	0
cg06557369	40	41	0
cg06557369	46	47	100
cg06564900	16	17	50
cg06564900	20	21	0
cg06564900	21	22	0
cg06564900	22	23	0
cg06569016	2	3	0
cg06569016	16	17	0
cg06569016	20	21	50
cg06569016	40	41	0
cg06569016	45	46	0
cg06569016	46	47	0
cg06569016	50	51	0
cg06569016	51	52	0
cg06579027	1	2	0
cg06579027	2	3	0
cg06579027	15	16	0
cg06579027	17	18	0
cg06579027	28	29	0
cg06579027	29	30	0
cg06579027	35	36	0
cg06579027	44	45	0
cg06579027	53	54	0
cg06579027	56	57	0
cg06579027	57	58	0
cg06579027	65	66	0
cg06708132	2	3	0
cg06708132	3	4	0
cg06708132	6	7	0
cg06708132	8	9	0
cg06708132	10	11	0
cg06718658	63	64	0
cg06718658	65	66	100
cg06723671	42	43	0
cg06723671	56	57	100
cg06723671	59	60	0
cg07206761	26	27	100
cg07206761	27	28	100
cg07206761	37	38	0
cg07206761	39	40	100
cg07206761	41	42	100
cg07206761	44	45	0
cg07232817	5	6	0
cg07232817	13	14	0
cg07232817	18	19	0
cg07232817	19	20	0
cg07232817	21	22	0
cg07232817	27	28	0
cg07232817	34	35	0
cg07232817	43	44	0
cg07232817	56	57	0
cg07232817	62	63	0
cg07254032	33	34	100
cg07254032	34	35	100
cg07254032	36	37	0
cg07254032	39	40	100
cg07254032	40	41	100
cg07254032	42	43	0
cg07254032	46	47	0
cg07254032	50	51	100
cg07254032	51	52	0
cg07254032	52	53	100
cg07300517	9	10	100
cg07300517	10	11	100
cg07300517	11	12	100
cg07300517	59	60	33.3333333333333
cg07300517	60	61	33.3333333333333
cg07300517	65	66	0
cg07300517	66	67	0
cg07300517	68	69	0
cg07300517	69	70	0
cg07309253	30	31	50
cg07309253	35	36	100
cg07332354	12	13	100
cg07332354	57	58	100
cg07339555	18	19	0
cg07339555	19	20	0
cg07339555	20	21	0
cg07339555	22	23	0
cg07339555	23	24	0
cg07339555	31	32	0
cg07550331	11	12	100
cg07550331	15	16	0
cg07550331	41	42	100
cg07645671	52	53	100
cg07645671	55	56	50
cg07645671	56	57	50
cg07645671	58	59	50
cg07645671	61	62	100
cg07645671	65	66	100
cg07668688	23	24	0
cg07668688	24	25	0
cg07668688	30	31	0
cg07704742	36	37	0
cg07704742	59	60	100
cg07704742	60	61	100
cg08013479	3	4	100
cg08013479	46	47	0
cg08013479	48	49	100
cg08013479	54	55	100
cg08152447	23	24	0
cg08152447	24	25	0
cg08152447	45	46	0
cg08152447	48	49	0
cg08152447	49	50	0
cg08152447	58	59	0
cg08152447	66	67	0
cg08152447	76	77	0
cg08152447	77	78	0
cg08152447	78	79	0
cg08170671	5	6	0
cg08170671	8	9	0
cg08170671	12	13	0
cg08170671	13	14	0
cg08170671	14	15	0
cg08170671	16	17	0
cg08170671	20	21	0
cg08170671	24	25	0
cg08170671	25	26	0
cg08170671	26	27	0
cg08170671	38	39	0
cg08170671	52	53	0
cg08170671	53	54	0
cg08170671	55	56	0
cg08170671	63	64	0
cg08170671	70	71	0
cg08170671	71	72	0
cg08170671	72	73	0
cg08271353	50	51	0
cg08271353	51	52	100
cg08271353	54	55	100
cg08271353	65	66	0
cg08271353	67	68	0
cg08285141	21	22	0
cg08285141	27	28	0
cg08285141	28	29	0
cg08285141	29	30	0
cg08285141	32	33	0
cg08285141	36	37	0
cg08285141	42	43	50
cg08285141	46	47	50
cg08285141	52	53	0
cg08285141	57	58	0
cg08285141	61	62	0
cg08285141	62	63	0
cg08285141	63	64	0
cg08285141	68	69	0
cg08315393	22	23	0
cg08315393	29	30	0
cg08315393	35	36	0
cg08315393	51	52	0
cg08315393	59	60	0
cg08315393	60	61	0
cg08315393	62	63	0
cg08315393	63	64	0
cg08352408	44	45	0
cg08352408	45	46	0
cg08352408	50	51	0
cg08454381	25	26	0
cg08454381	26	27	0
cg08454381	28	29	0
cg08454381	29	30	0
cg08454381	35	36	0
cg08454381	42	43	0
cg08454381	43	44	0
cg08454381	45	46	0
cg08454381	46	47	0
cg08454381	50	51	0
cg08454381	52	53	0
cg08454381	53	54	0
cg08454381	54	55	0
cg08588194	14	15	100
cg08588194	38	39	0
cg08588194	43	44	50
cg08588194	44	45	0
cg08588194	45	46	0
cg08588194	46	47	0
cg08588194	66	67	0
cg08629602	20	21	0
cg08629602	21	22	0
cg08629602	45	46	0
cg08629602	51	52	0
cg08629602	63	64	0
cg08629602	70	71	0
cg08661762	8	9	0
cg08661762	12	13	0
cg08661762	20	21	0
cg08661762	28	29	0
cg08661762	32	33	0
cg08661762	34	35	0
cg08661762	37	38	0
cg08661762	47	48	0
cg08661762	49	50	0
cg08661762	50	51	0
cg08661762	51	52	0
cg08661762	53	54	0
cg08661762	64	65	0
cg08661762	70	71	0
cg08766215	30	31	0
cg08766215	39	40	0
cg08766215	45	46	0
cg08849105	5	6	0
cg08849105	6	7	0
cg08849105	7	8	0
cg08849105	11	12	0
cg08849105	12	13	0
cg08849105	30	31	0
cg08921975	39	40	0
cg08921975	41	42	0
cg08921975	44	45	0
cg08921975	45	46	12.5
cg08921975	47	48	22.2222222222222
cg08921975	48	49	22.2222222222222
cg08921975	50	51	11.1111111111111
cg08921975	51	52	28.5714285714286
cg08921975	53	54	0
cg08921975	55	56	0
cg08921975	57	58	0
cg08921975	61	62	16.6666666666667
cg08921975	62	63	0
cg08921975	67	68	12.5
cg08921975	74	75	50
cg08921975	76	77	0
cg08933507	9	10	0
cg08933507	10	11	0
cg08933507	67	68	0
cg08938156	27	28	0
cg08938156	30	31	0
cg08987848	9	10	100
cg08987848	21	22	100
cg09097835	40	41	100
cg09141122	69	70	0
cg09141122	71	72	0
cg09141122	72	73	0
cg09141122	74	75	0
cg09300249	31	32	0
cg09313308	12	13	0
cg09313308	15	16	0
cg09313308	19	20	0
cg09313308	27	28	0
cg09313308	37	38	0
cg09313308	38	39	0
cg09313308	42	43	0
cg09313308	45	46	0
cg09317554	39	40	0
cg09327310	34	35	0
cg09327310	35	36	50
cg09327310	37	38	0
cg09327310	50	51	0
cg09347937	6	7	0
cg09347937	7	8	100
cg09347937	8	9	100
cg09347937	9	10	100
cg09347937	11	12	100
cg09347937	71	72	0
cg09347937	73	74	0
cg09347937	74	75	0
cg09347937	75	76	0
cg09400505	6	7	0
cg09400505	7	8	0
cg09400505	13	14	0
cg09400505	21	22	0
cg09400505	66	67	100
cg09400505	72	73	100
cg09536551	7	8	0
cg09536551	24	25	0
cg09536551	26	27	0
cg09536551	27	28	0
cg09536551	38	39	0
cg09536551	39	40	0
cg09536551	40	41	0
cg09536551	60	61	0
cg09559982	15	16	0
cg09692769	19	20	0
cg09692769	20	21	0
cg09726978	62	63	0
cg09726978	66	67	0
cg09726978	69	70	0
cg09726978	70	71	0
cg09773031	18	19	0
cg09773031	19	20	100
cg09773031	23	24	100
cg09773031	24	25	0
cg09879356	66	67	0
cg10131194	9	10	0
cg10131194	20	21	0
cg10131194	21	22	0
cg10131194	33	34	0
cg10131194	55	56	50
cg10131194	57	58	0
cg10131194	59	60	40
cg10131194	60	61	60
cg10131194	61	62	40
cg10131194	65	66	33.3333333333333
cg10131194	67	68	33.3333333333333
cg10131194	69	70	0
cg10131194	70	71	33.3333333333333
cg10182925	13	14	100
cg10182925	16	17	100
cg10182925	19	20	100
cg10235290	46	47	0
cg10235290	47	48	0
cg10235290	53	54	0
cg10235290	55	56	0
cg10235290	60	61	0
cg10235290	61	62	0
cg10235290	62	63	0
cg10392713	27	28	0
cg10392713	29	30	0
cg10392713	37	38	0
cg10392713	42	43	0
cg10392713	44	45	0
cg10392713	46	47	0
cg10392713	47	48	0
cg10392713	50	51	0
cg10392713	56	57	0
cg10392713	63	64	0
cg10392713	67	68	0
cg10451848	33	34	0
cg10451848	36	37	0
cg10451848	38	39	0
cg10451848	42	43	0
cg10503757	70	71	0
cg10583873	43	44	0
cg10583873	45	46	0
cg10583873	55	56	0
cg10583873	57	58	100
cg10583873	65	66	0
cg10604668	29	30	100
cg10604668	30	31	0
cg10604668	34	35	100
cg10604668	36	37	66.6666666666667
cg10604668	37	38	100
cg10604668	38	39	100
cg10604668	39	40	66.6666666666667
cg10604668	40	41	66.6666666666667
cg10604668	41	42	66.6666666666667
cg10604668	44	45	66.6666666666667
cg10604668	46	47	50
cg10604668	47	48	100
cg10604668	49	50	0
cg11011976	18	19	0
cg11011976	42	43	0
cg11011976	43	44	0
cg11011976	46	47	0
cg11011976	48	49	0
cg11011976	62	63	0
cg11011976	64	65	0
cg11034948	11	12	100
cg11034948	13	14	0
cg11034948	14	15	100
cg11034948	15	16	100
cg11034948	16	17	0
cg11034948	19	20	100
cg11034948	20	21	50
cg11034948	21	22	0
cg11058785	12	13	0
cg11058785	22	23	0
cg11058785	23	24	0
cg11058785	73	74	0
cg11058785	74	75	0
cg11058785	77	78	0
cg11251215	37	38	0
cg11266260	2	3	0
cg11266260	50	51	0
cg11266260	70	71	0
cg11319388	56	57	0
cg11319388	58	59	100
cg11319388	70	71	100
cg11346223	69	70	0
cg11346223	71	72	0
cg11352219	52	53	100
cg11437639	48	49	0
cg11437639	49	50	0
cg11437639	50	51	0
cg11437639	66	67	0
cg11465136	39	40	0
cg11465136	49	50	0
cg11465136	51	52	0
cg11551173	26	27	0
cg11551173	72	73	100
cg11584091	33	34	100
cg11584091	36	37	100
cg11584091	37	38	100
cg11584091	40	41	100
cg11700079	3	4	0
cg11700079	4	5	0
cg11700079	23	24	0
cg11700079	27	28	0
cg11700079	28	29	0
cg11700079	33	34	0
cg11700079	34	35	0
cg11700079	35	36	0
cg11700079	37	38	0
cg11700079	58	59	0
cg11700079	63	64	0
cg11700079	70	71	0
cg11700079	71	72	0
cg11728741	1	2	100
cg11728741	2	3	100
cg11728741	4	5	0
cg11728741	5	6	0
cg11728741	8	9	100
cg11728741	10	11	50
cg11728741	11	12	50
cg11728741	17	18	100
cg11728741	19	20	0
cg11768647	12	13	0
cg11768647	22	23	0
cg11768647	23	24	0
cg11768647	29	30	0
cg11768647	30	31	0
cg11768647	31	32	0
cg11827910	1	2	0
cg11827910	6	7	0
cg11827910	13	14	0
cg11827910	14	15	100
cg11827910	17	18	0
cg11827910	18	19	0
cg11827910	22	23	0
cg11827910	37	38	0
cg11827910	43	44	0
cg11827910	44	45	0
cg11827910	50	51	0
cg11827910	62	63	0
cg11827910	64	65	0
cg11827910	68	69	0
cg11875079	48	49	100
cg11875079	51	52	50
cg11875079	52	53	100
cg11875079	55	56	100
cg11875079	57	58	100
cg11923198	5	6	100
cg11923198	6	7	0
cg11923198	17	18	100
cg11923198	21	22	100
cg12016197	50	51	0
cg12016197	52	53	0
cg12016197	53	54	100
cg12385547	43	44	100
cg12385547	45	46	0
cg12436917	3	4	0
cg12436917	9	10	100
cg12436917	18	19	100
cg12436917	60	61	0
cg12501356	43	44	0
cg12501356	44	45	0
cg12501356	45	46	0
cg12501356	47	48	0
cg12501356	70	71	0
cg12501356	73	74	0
cg12537145	18	19	100
cg12537145	20	21	100
cg12537145	21	22	100
cg12572894	16	17	100
cg12572894	50	51	100
cg12572894	52	53	0
cg12572894	53	54	0
cg12572894	54	55	100
cg12620743	14	15	0
cg12620743	17	18	100
cg12620743	18	19	100
cg12620743	24	25	100
cg12620743	25	26	100
cg12620743	26	27	100
cg12620743	27	28	100
cg12620743	55	56	100
cg12646064	18	19	50
cg12649001	12	13	0
cg12649001	17	18	0
cg12649001	20	21	0
cg12649001	25	26	0
cg12649001	36	37	0
cg12649001	56	57	0
cg12649001	59	60	100
cg12649001	63	64	100
cg12649001	69	70	0
cg12741020	28	29	100
cg12741020	30	31	100
cg12741020	35	36	100
cg12741020	37	38	100
cg12780461	31	32	100
cg12780461	33	34	100
cg12780461	65	66	100
cg12780461	71	72	0
cg12856514	49	50	0
cg12856514	50	51	0
cg12856514	64	65	0
cg12856514	66	67	0
cg12856514	79	80	0
cg12899502	25	26	0
cg12899502	32	33	0
cg12899502	34	35	0
cg12899502	42	43	0
cg12899502	49	50	0
cg12899502	53	54	0
cg12899502	54	55	0
cg12899502	56	57	0
cg12899502	65	66	0
cg12899502	66	67	0
cg12903213	15	16	0
cg12903213	28	29	0
cg12903213	29	30	0
cg12903213	32	33	0
cg12903213	37	38	0
cg12903213	75	76	0
cg12927674	58	59	0
cg12927674	60	61	0
cg12927674	63	64	100
cg12935350	63	64	0
cg12935350	68	69	0
cg12935350	71	72	0
cg12959926	62	63	0
cg12959926	64	65	0
cg12959926	67	68	0
cg12959926	70	71	0
cg12981876	59	60	0
cg12981876	63	64	0
cg13143654	11	12	0
cg13143654	13	14	0
cg13143654	14	15	100
cg13143654	19	20	0
cg13143654	20	21	0
cg13143654	22	23	0
cg13143654	23	24	0
cg13143654	25	26	0
cg13143654	26	27	0
cg13143654	27	28	0
cg13143654	28	29	0
cg13143654	29	30	0
cg13143654	32	33	0
cg13143654	44	45	0
cg13194536	8	9	100
cg13194536	14	15	100
cg13194536	42	43	0
cg13194536	44	45	100
cg13300506	34	35	0
cg13300506	43	44	0
cg13300506	45	46	0
cg13300506	47	48	0
cg13300506	59	60	0
cg13300506	64	65	0
cg13366102	21	22	0
cg13366102	22	23	0
cg13366102	24	25	0
cg13366102	25	26	0
cg13366102	26	27	0
cg13366102	28	29	0
cg13366102	30	31	0
cg13366102	34	35	0
cg13366102	35	36	0
cg13486820	50	51	0
cg13486820	53	54	0
cg13604683	18	19	0
cg13604683	35	36	50
cg13604683	36	37	50
cg13604683	65	66	0
cg13604683	67	68	0
cg13677591	10	11	0
cg13677591	11	12	0
cg13677591	33	34	0
cg13677591	37	38	0
cg13677591	39	40	0
cg13677591	40	41	0
cg13677591	41	42	0
cg13677591	42	43	0
cg13677591	43	44	0
cg13677591	44	45	0
cg13677591	52	53	0
cg13677591	70	71	0
cg13677591	73	74	0
cg13677591	75	76	0
cg13677591	76	77	0
cg13732394	15	16	0
cg13732394	19	20	0
cg13732394	24	25	0
cg13732394	29	30	0
cg13732394	30	31	0
cg13732394	40	41	0
cg13732394	42	43	0
cg13732394	43	44	0
cg13845517	24	25	0
cg13845517	34	35	0
cg13845517	38	39	0
cg13845517	39	40	0
cg13845517	44	45	0
cg13845517	49	50	0
cg13884903	74	75	100
cg13884903	76	77	100
cg13884903	78	79	100
cg13909487	42	43	0
cg13909487	48	49	0
cg13909487	49	50	0
cg13909487	53	54	0
cg13909487	57	58	0
cg13909487	61	62	0
cg13909487	66	67	0
cg14019317	30	31	0
cg14019317	33	34	0
cg14019317	40	41	0
cg14019317	41	42	0
cg14019317	53	54	0
cg14019317	65	66	0
cg14043264	24	25	0
cg14043264	37	38	0
cg14043264	45	46	0
cg14043264	47	48	0
cg14043264	48	49	0
cg14043264	61	62	0
cg14043264	62	63	0
cg14043264	65	66	0
cg14044818	4	5	0
cg14089899	23	24	0
cg14089899	31	32	0
cg14089899	33	34	0
cg14089899	37	38	0
cg14089899	38	39	0
cg14299268	54	55	0
cg14311946	10	11	100
cg14311946	11	12	0
cg14311946	13	14	100
cg14311946	30	31	100
cg14311946	33	34	100
cg14311946	35	36	100
cg14311946	36	37	100
cg14311946	39	40	100
cg14360629	6	7	100
cg14360629	7	8	0
cg14360629	9	10	100
cg14360629	11	12	100
cg14360629	13	14	0
cg14360629	15	16	100
cg14360629	17	18	100
cg14360629	18	19	75
cg14360629	19	20	25
cg14360629	20	21	75
cg14360629	22	23	66.6666666666667
cg14523578	50	51	0
cg14523578	51	52	0
cg14523578	53	54	0
cg14523578	57	58	0
cg14525247	0	1	0
cg14525247	7	8	0
cg14525247	12	13	0
cg14525247	13	14	0
cg14525247	22	23	0
cg14525247	26	27	0
cg14525247	27	28	0
cg14525247	29	30	0
cg14525247	34	35	0
cg14525247	50	51	0
cg14525247	56	57	0
cg14676415	25	26	0
cg14778330	22	23	0
cg14778330	23	24	0
cg14778330	24	25	0
cg14778330	25	26	0
cg14801866	10	11	0
cg14801866	27	28	0
cg14801866	33	34	0
cg14801866	68	69	0
cg14801866	70	71	0
cg14850368	29	30	0
cg14850368	31	32	0
cg14850368	32	33	0
cg14850368	69	70	0
cg14850368	70	71	100
cg14850368	72	73	0
cg14850368	74	75	0
cg15012446	18	19	0
cg15012446	19	20	0
cg15012446	29	30	0
cg15012446	52	53	0
cg15012446	56	57	0
cg15012446	57	58	0
cg15012446	58	59	0
cg15012446	59	60	0
cg15234261	33	34	0
cg15234261	37	38	0
cg15234261	48	49	0
cg15234261	49	50	0
cg15262576	35	36	100
cg15262576	36	37	0
cg15262576	39	40	0
cg15262576	41	42	100
cg15262576	43	44	100
cg15262576	44	45	100
cg15262576	45	46	0
cg15545854	23	24	0
cg15545854	24	25	0
cg15545854	26	27	0
cg15545854	30	31	0
cg15545854	32	33	0
cg15545854	33	34	0
cg15545854	34	35	0
cg15545854	37	38	0
cg15545854	42	43	0
cg15545854	47	48	0
cg15545854	48	49	0
cg15545854	60	61	0
cg15545854	61	62	0
cg15545854	66	67	0
cg15545854	69	70	0
cg15545854	70	71	0
cg15545854	74	75	0
cg15555425	31	32	0
cg15555425	36	37	0
cg15555425	44	45	0
cg15723222	2	3	0
cg15723222	64	65	0
cg15723222	65	66	0
cg15723222	67	68	0
cg15726426	59	60	0
cg15726426	62	63	0
cg15726426	65	66	0
cg15726426	71	72	0
cg15726426	72	73	0
cg15726426	73	74	0
cg15823859	37	38	0
cg15823859	40	41	0
cg15823859	41	42	0
cg15823859	43	44	0
cg15823859	48	49	0
cg15834661	6	7	0
cg15834661	13	14	0
cg15834661	36	37	0
cg15846956	6	7	0
cg15846956	17	18	0
cg15846956	19	20	0
cg15846956	25	26	0
cg15846956	36	37	0
cg15846956	51	52	0
cg15846956	52	53	0
cg15846956	53	54	0
cg15846956	55	56	0
cg15846956	60	61	0
cg15846956	61	62	0
cg15890010	35	36	0
cg15890010	37	38	100
cg15890010	39	40	100
cg15890010	40	41	0
cg15903069	36	37	0
cg15903069	47	48	0
cg15903069	48	49	0
cg15903069	50	51	0
cg15903069	65	66	0
cg15913680	7	8	0
cg15913680	10	11	100
cg15913680	11	12	0
cg15913680	13	14	0
cg15913680	58	59	0
cg15981352	46	47	0
cg15998452	37	38	0
cg15998452	47	48	0
cg16095149	32	33	0
cg16095149	39	40	0
cg16095149	40	41	0
cg16095149	48	49	0
cg16095149	55	56	0
cg16113298	31	32	0
cg16113298	36	37	0
cg16113298	44	45	0
cg16124154	22	23	100
cg16124154	23	24	100
cg16124154	27	28	0
cg16124154	49	50	0
cg16124154	51	52	0
cg16124154	52	53	0
cg16124154	55	56	0
cg16124154	58	59	0
cg16277100	56	57	0
cg16277100	61	62	0
cg16277100	62	63	0
cg16290482	27	28	0
cg16290725	7	8	100
cg16290725	8	9	100
cg16290725	11	12	0
cg16290725	13	14	100
cg16290725	71	72	0
cg16290725	74	75	0
cg16427848	11	12	0
cg16427848	12	13	0
cg16456627	10	11	33.3333333333333
cg16456627	11	12	66.6666666666667
cg16456627	12	13	50
cg16456627	21	22	75
cg16456627	23	24	75
cg16456627	24	25	75
cg16456627	28	29	50
cg16456627	29	30	80
cg16456627	31	32	100
cg16456627	36	37	100
cg16501308	35	36	100
cg16501308	38	39	0
cg16501308	41	42	100
cg16501308	59	60	0
cg16501308	64	65	0
cg16501308	65	66	0
cg16524928	54	55	100
cg16524928	55	56	100
cg16524928	63	64	100
cg16524928	64	65	100
cg16524928	68	69	100
cg16524928	69	70	100
cg16532688	18	19	100
cg16532688	19	20	0
cg16532688	22	23	100
cg16532688	27	28	100
cg16532688	37	38	100
cg16606195	57	58	100
cg16606195	65	66	50
cg16606195	67	68	66.6666666666667
cg16606195	70	71	100
cg16633088	22	23	0
cg16633088	23	24	0
cg16633088	26	27	0
cg16633088	30	31	0
cg16848740	17	18	100
cg16848740	18	19	100
cg16848740	21	22	100
cg16872560	61	62	50
cg16872560	62	63	50
cg16872560	63	64	100
cg16872560	71	72	100
cg17037716	12	13	0
cg17037716	27	28	0
cg17037716	29	30	0
cg17037716	32	33	100
cg17037716	33	34	0
cg17037716	37	38	0
cg17061244	1	2	0
cg17061244	5	6	50
cg17061244	6	7	0
cg17061244	12	13	0
cg17118421	41	42	100
cg17118421	45	46	100
cg17118421	70	71	100
cg17137627	43	44	0
cg17137627	44	45	0
cg17137627	48	49	0
cg17137627	50	51	0
cg17216365	4	5	100
cg17216365	7	8	100
cg17216365	9	10	100
cg17216365	34	35	100
cg17216365	38	39	0
cg17329011	13	14	0
cg17329011	14	15	0
cg17329011	15	16	0
cg17329011	17	18	0
cg17329011	22	23	0
cg17329011	58	59	100
cg17329011	61	62	100
cg17329011	65	66	100
cg17329011	66	67	100
cg17329011	67	68	100
cg17329011	68	69	100
cg17349389	57	58	0
cg17349389	62	63	0
cg17349389	63	64	0
cg17417202	44	45	100
cg17417202	52	53	0
cg17662507	4	5	0
cg17662507	22	23	0
cg17662507	34	35	0
cg17696987	56	57	0
cg17840681	14	15	100
cg17840681	19	20	100
cg17840681	21	22	100
cg17840681	22	23	100
cg17942031	20	21	0
cg17942031	21	22	0
cg17942031	27	28	0
cg18010822	27	28	0
cg18010822	28	29	0
cg18010822	29	30	0
cg18010822	30	31	0
cg18010822	31	32	0
cg18010822	52	53	100
cg18120675	27	28	0
cg18120675	33	34	0
cg18120675	41	42	0
cg18120675	42	43	0
cg18120675	66	67	0
cg18120675	69	70	0
cg18120675	75	76	0
cg18141557	18	19	0
cg18141557	41	42	0
cg18141557	42	43	0
cg18141557	47	48	0
cg18141557	48	49	0
cg18141557	49	50	0
cg18141557	50	51	0
cg18141557	54	55	0
cg18141557	64	65	0
cg18141557	71	72	0
cg18141557	72	73	0
cg18141557	75	76	0
cg18149227	8	9	0
cg18149227	12	13	0
cg18149227	15	16	0
cg18149227	17	18	0
cg18149227	37	38	100
cg18243072	38	39	0
cg18243072	43	44	0
cg18243072	49	50	0
cg18243072	54	55	0
cg18243072	72	73	0
cg18277399	22	23	0
cg18277399	47	48	0
cg18277399	48	49	0
cg18277399	52	53	0
cg18278083	21	22	0
cg18278083	61	62	0
cg18278083	62	63	100
cg18278083	63	64	0
cg18306254	22	23	0
cg18306254	24	25	0
cg18306254	31	32	0
cg18560297	67	68	100
cg18760617	9	10	100
cg18760617	36	37	50
cg18760617	40	41	0
cg18760617	42	43	0
cg18815657	40	41	0
cg18815657	42	43	0
cg18815657	47	48	0
cg18815657	49	50	0
cg18815657	51	52	0
cg18815657	52	53	0
cg18906085	12	13	0
cg18906085	14	15	0
cg18906085	21	22	0
cg18906085	24	25	0
cg18906085	33	34	0
cg18906085	48	49	0
cg18906085	50	51	0
cg18906085	58	59	0
cg18906085	60	61	0
cg18906085	68	69	0
cg18922837	70	71	100
cg18922837	73	74	100
cg18934851	29	30	100
cg18934851	36	37	100
cg18934851	37	38	100
cg18968947	63	64	0
cg18968947	78	79	100
cg18968947	79	80	0
cg19050854	29	30	0
cg19050854	38	39	0
cg19050854	58	59	50
cg19107290	12	13	0
cg19107290	13	14	0
cg19107290	14	15	0
cg19107290	30	31	0
cg19107290	32	33	0
cg19107290	42	43	0
cg19107290	43	44	0
cg19117962	39	40	0
cg19117962	41	42	66.6666666666667
cg19117962	45	46	33.3333333333333
cg19117962	47	48	75
cg19117962	49	50	50
cg19117962	51	52	50
cg19117962	53	54	50
cg19117962	55	56	66.6666666666667
cg19117962	57	58	100
cg19117962	59	60	0
cg19117962	61	62	0
cg19133511	32	33	100
cg19133511	41	42	0
cg19133511	42	43	50
cg19133511	43	44	100
cg19133511	47	48	100
cg19133511	48	49	100
cg19133511	53	54	100
cg19133511	54	55	100
cg19208044	36	37	0
cg19223789	47	48	100
cg19223789	48	49	0
cg19223789	50	51	0
cg19243613	28	29	100
cg19243613	30	31	100
cg19243613	31	32	100
cg19243613	67	68	0
cg19243613	69	70	0
cg19291109	13	14	0
cg19291109	17	18	0
cg19291109	23	24	0
cg19461192	24	25	0
cg19461192	47	48	0
cg19461192	69	70	0
cg19631884	12	13	0
cg19631884	14	15	0
cg19631884	56	57	0
cg19631884	57	58	0
cg19658834	19	20	0
cg19658834	20	21	0
cg19680012	36	37	0
cg19680012	39	40	100
cg19680012	46	47	100
cg19702779	16	17	100
cg19702779	20	21	100
cg19785357	58	59	100
cg19785357	59	60	0
cg19785357	60	61	0
cg19785357	62	63	0
cg19828220	11	12	0
cg19828220	12	13	0
cg19828220	17	18	0
cg19936176	8	9	0
cg19936176	18	19	0
cg19936176	20	21	0
cg19936176	39	40	0
cg19936176	40	41	0
cg19936176	41	42	0
cg19936176	49	50	0
cg19936176	50	51	0
cg19936176	56	57	0
cg19996711	3	4	0
cg19996711	4	5	0
cg19996711	7	8	0
cg19996711	9	10	0
cg19996711	10	11	0
cg19996711	24	25	0
cg20040459	11	12	0
cg20233387.1	51	52	100
cg20233387.1	53	54	100
cg20233387.1	61	62	100
cg20265375	6	7	100
cg20265375	40	41	0
cg20265375	41	42	100
cg20265375	44	45	0
cg20346209	45	46	0
cg20346209	46	47	0
cg20346209	48	49	0
cg20346209	49	50	0
cg20374928	31	32	0
cg20374928	35	36	100
cg20422755	15	16	0
cg20422755	18	19	0
cg20422755	19	20	0
cg20422755	22	23	0
cg20638025	48	49	0
cg20638025	49	50	100
cg20638025	50	51	0
cg20638025	51	52	100
cg20687703	7	8	0
cg20687703	20	21	0
cg20687703	28	29	0
cg20687703	32	33	0
cg20687703	47	48	0
cg20687703	62	63	0
cg20687703	66	67	0
cg20687703	67	68	0
cg20687703	68	69	0
cg20687703	69	70	0
cg20821442	26	27	100
cg20821442	27	28	0
cg20821442	33	34	0
cg20821442	35	36	0
cg20821442	39	40	33.3333333333333
cg20821442	40	41	75
cg20829742	19	20	100
cg20829742	24	25	0
cg20829742	26	27	100
cg20829742	46	47	0
cg20872072	9	10	66.6666666666667
cg20872072	12	13	66.6666666666667
cg20872072	13	14	66.6666666666667
cg20872072	15	16	33.3333333333333
cg20872072	18	19	66.6666666666667
cg20872072	19	20	66.6666666666667
cg20872072	21	22	25
cg20872072	22	23	40
cg20872072	27	28	66.6666666666667
cg20872072	28	29	33.3333333333333
cg20872072	30	31	50
cg20872072	54	55	0
cg20872072	58	59	50
cg20872072	64	65	0
cg20872072	65	66	0
cg20872072	71	72	0
cg20960545	5	6	0
cg20960545	9	10	0
cg20960545	10	11	0
cg20960545	14	15	0
cg20960545	19	20	0
cg20960545	21	22	0
cg20960545	26	27	0
cg20960545	28	29	0
cg20960545	32	33	0
cg20960545	33	34	0
cg20960545	34	35	0
cg20960545	37	38	0
cg20960545	40	41	0
cg20960545	43	44	0
cg20960545	47	48	0
cg20960545	52	53	0
cg20960545	57	58	0
cg20960545	59	60	0
cg21030623	32	33	0
cg21030623	41	42	0
cg21030623	50	51	0
cg21075112	43	44	100
cg21075112	48	49	100
cg21097283	49	50	0
cg21097283	51	52	0
cg21097283	52	53	0
cg21107288	18	19	0
cg21107288	27	28	0
cg21107288	35	36	0
cg21107288	54	55	0
cg21107288	64	65	0
cg21107288	65	66	0
cg21107288	66	67	0
cg21181292	36	37	0
cg21181292	40	41	0
cg21181292	55	56	0
cg21181292	67	68	0
cg21314020	44	45	100
cg21314020	45	46	100
cg21314020	47	48	100
cg21314020	70	71	100
cg21329093	29	30	0
cg21329093	32	33	0
cg21329093	35	36	0
cg21520769	6	7	100
cg21520769	9	10	100
cg21520769	14	15	0
cg21520769	16	17	0
cg21520769	18	19	0
cg21520769	20	21	0
cg21520769	55	56	0
cg21532698	38	39	100
cg21532698	40	41	100
cg21532698	41	42	0
cg21532698	46	47	0
cg21532698	73	74	100
cg21532698	74	75	100
cg21607628	12	13	100
cg21639837	21	22	50
cg21639837	23	24	50
cg21639837	32	33	0
cg21639837	33	34	0
cg21801378	52	53	0
cg21821214	18	19	0
cg21821214	19	20	0
cg21821214	24	25	0
cg21821214	36	37	0
cg21821214	47	48	0
cg21821214	52	53	0
cg21821214	61	62	0
cg21821214	63	64	0
cg21821214	74	75	0
cg21836885	50	51	60
cg21836885	52	53	40
cg21836885	54	55	80
cg21836885	58	59	33.3333333333333
cg21836885	59	60	66.6666666666667
cg21836885	60	61	100
cg21836885	64	65	33.3333333333333
cg21836885	65	66	100
cg21836885	67	68	33.3333333333333
cg21836885	68	69	100
cg21836885	75	76	0
cg21836885	76	77	100
cg21836885	77	78	100
cg22029297	16	17	0
cg22029297	18	19	0
cg22029297	21	22	50
cg22029297	22	23	50
cg22029297	27	28	50
cg22029297	29	30	50
cg22029297	30	31	50
cg22029297	31	32	50
cg22069272	19	20	0
cg22069272	21	22	0
cg22069272	22	23	0
cg22069272	51	52	0
cg22069272	63	64	0
cg22075146	25	26	0
cg22075146	26	27	0
cg22075146	30	31	100
cg22075146	31	32	0
cg22075146	40	41	0
cg22290035	47	48	0
cg22290035	63	64	0
cg22290035	64	65	0
cg22290035	68	69	0
cg22290035	73	74	0
cg22311716	16	17	0
cg22311716	36	37	0
cg22311716	42	43	0
cg22311716	43	44	0
cg22311716	50	51	0
cg22311716	52	53	0
cg22311716	56	57	0
cg22311716	57	58	0
cg22311716	59	60	0
cg22311716	68	69	0
cg22311716	70	71	0
cg22311716	71	72	0
cg22316499	19	20	100
cg22316499	21	22	50
cg22316499	23	24	0
cg22316499	25	26	50
cg22379728	15	16	100
cg22379728	25	26	100
cg22379728	29	30	100
cg22379728	43	44	0
cg22379728	59	60	0
cg22379728	65	66	0
cg22529808	22	23	0
cg22529808	24	25	0
cg22529808	25	26	0
cg22529808	37	38	50
cg22529808	39	40	50
cg22529808	40	41	100
cg22529808	71	72	100
cg22529808	72	73	100
cg22704389	48	49	100
cg22704389	68	69	0
cg22704389	69	70	100
cg22714777	6	7	0
cg22714777	29	30	0
cg22714777	30	31	0
cg22714777	40	41	0
cg22714777	44	45	0
cg22714777	53	54	0
cg22714777	54	55	0
cg22714777	57	58	0
cg22971559	39	40	0
cg22971559	47	48	0
cg22971559	49	50	0
cg22971559	50	51	0
cg22971559	60	61	0
cg22972602	45	46	0
cg22972602	46	47	0
cg22972602	66	67	0
cg22972602	71	72	0
cg22993731	57	58	100
cg22993731	59	60	100
cg23001333	42	43	0
cg23001333	44	45	0
cg23001333	47	48	0
cg23055029	22	23	0
cg23091488	8	9	100
cg23091488	16	17	50
cg23091488	17	18	50
cg23146472	1	2	0
cg23146472	3	4	0
cg23146472	5	6	0
cg23146472	7	8	0
cg23146472	8	9	0
cg23146472	10	11	0
cg23146472	11	12	0
cg23146472	14	15	0
cg23146472	22	23	0
cg23146472	23	24	0
cg23146472	28	29	0
cg23146472	29	30	0
cg23146472	55	56	0
cg23252799	37	38	0
cg23252799	38	39	0
cg23252799	71	72	0
cg23252799	72	73	0
cg23281380	3	4	50
cg23281380	8	9	33.3333333333333
cg23281380	10	11	33.3333333333333
cg23626248	5	6	100
cg23626248	13	14	0
cg23626248	17	18	100
cg23626248	58	59	100
cg23678852	3	4	0
cg23678852	6	7	0
cg23678852	18	19	0
cg23678852	21	22	0
cg23678852	25	26	0
cg23678852	35	36	0
cg23678852	36	37	0
cg23678852	45	46	0
cg23678852	51	52	0
cg23678852	60	61	0
cg23693668	30	31	0
cg23693668	31	32	0
cg23693668	32	33	0
cg23693668	33	34	0
cg23693668	53	54	0
cg23693668	64	65	0
cg23693668	73	74	0
cg23734662	58	59	0
cg23734662	59	60	0
cg23734662	71	72	0
cg23767994	3	4	0
cg23767994	12	13	0
cg23767994	19	20	0
cg23778391	14	15	0
cg23778391	23	24	0
cg24018680	13	14	100
cg24018680	31	32	0
cg24018680	32	33	100
cg24018680	33	34	100
cg24018680	40	41	0
cg24023187	7	8	0
cg24023187	29	30	0
cg24023187	49	50	0
cg24023187	53	54	0
cg24023187	55	56	0
cg24023187	64	65	0
cg24117712	20	21	0
cg24117712	47	48	0
cg24117712	58	59	0
cg24117712	64	65	0
cg24117712	66	67	0
cg24310367	39	40	0
cg24310367	65	66	100
cg24310367	67	68	100
cg24310367	74	75	100
cg24352905	35	36	100
cg24352905	36	37	0
cg24458752	28	29	100
cg24458752	29	30	100
cg24458752	66	67	0
cg24458752	68	69	0
cg24458752	69	70	100
cg24466972	61	62	0
cg24466972	63	64	0
cg24466972	68	69	0
cg24533228	59	60	0
cg24533228	62	63	0
cg24533228	67	68	0
cg24570563	6	7	0
cg24570563	41	42	0
cg24570563	52	53	0
cg24570563	56	57	0
cg24570563	62	63	0
cg24570563	63	64	0
cg24573918	46	47	0
cg24573918	48	49	100
cg24782168	19	20	0
cg24782168	22	23	0
cg24782168	30	31	100
cg24822649	1	2	0
cg24822649	3	4	0
cg24822649	5	6	0
cg24822649	18	19	50
cg24822649	23	24	0
cg24822649	24	25	0
cg24822649	25	26	0
cg24822649	30	31	0
cg24866418	33	34	0
cg25001128	16	17	100
cg25001128	72	73	100
cg25001128	75	76	0
cg25165498	31	32	100
cg25165498	34	35	50
cg25165498	35	36	100
cg25165498	36	37	100
cg25165498	75	76	0
cg25165498	76	77	0
cg25165498	78	79	0
cg25244980	53	54	0
cg25244980	59	60	0
cg25244980	76	77	100
cg25322213	64	65	100
cg25322213	65	66	0
cg25322213	71	72	0
cg25322213	74	75	0
cg25322213	75	76	0
cg25322213	78	79	0
cg25322213	79	80	0
cg25642165	3	4	50
cg25642165	4	5	50
cg25642165	5	6	100
cg25642165	7	8	100
cg25642165	9	10	100
cg25642165	10	11	100
cg25642165	11	12	100
cg25642165	14	15	100
cg25642165	15	16	100
cg25642165	16	17	50
cg25642165	17	18	100
cg25642165	20	21	100
cg25732341	7	8	0
cg25732341	8	9	0
cg25732341	10	11	0
cg25732341	23	24	0
cg25732341	25	26	0
cg25732341	33	34	0
cg25732341	39	40	0
cg25732341	61	62	0
cg25732341	62	63	0
cg25732341	65	66	0
cg25732341	66	67	0
cg25732341	69	70	0
cg25742767	36	37	0
cg25742767	39	40	0
cg25742767	49	50	0
cg25742767	55	56	0
cg25742767	60	61	0
cg25742767	68	69	0
cg25742767	76	77	0
cg25764105	20	21	0
cg25764105	24	25	0
cg25764105	43	44	0
cg25764105	45	46	0
cg25764105	53	54	0
cg25764105	70	71	0
cg25764105	71	72	0
cg25764105	76	77	0
cg25974818	7	8	100
cg25974818	10	11	0
cg25974818	16	17	100
cg25974818	18	19	0
cg25974818	22	23	100
cg25974818	23	24	100
cg26109480	20	21	0
cg26109480	21	22	100
cg26109480	27	28	0
cg26109480	30	31	0
cg26109480	31	32	0
cg26186239	13	14	0
cg26186239	18	19	0
cg26186239	19	20	0
cg26186239	21	22	0
cg26186239	75	76	0
cg26226211	33	34	100
cg26226211	35	36	100
cg26226211	36	37	0
cg26226211	39	40	100
cg26226211	40	41	100
cg26226211	42	43	100
cg26226211	44	45	100
cg26226211	46	47	0
cg26258498	33	34	0
cg26258498	62	63	0
cg26258498	66	67	0
cg26438612	35	36	0
cg26438612	40	41	0
cg26438612	59	60	0
cg26438612	60	61	0
cg26507427	26	27	100
cg26507427	27	28	100
cg26507427	35	36	100
cg26507427	36	37	100
cg26581639	37	38	0
cg26581639	60	61	0
cg26691477	5	6	0
cg26691477	7	8	0
cg26691477	9	10	0
cg26691477	10	11	0
cg26691477	14	15	0
cg26691477	23	24	0
cg26776127	4	5	0
cg26776127	41	42	0
cg26776127	42	43	0
cg26776127	71	72	0
cg26845448	53	54	0
cg26845448	63	64	0
cg26845448	66	67	0
cg26845448	67	68	0
cg26845448	68	69	0
cg26845448	69	70	0
cg26962970	60	61	0
cg26962970	66	67	0
cg26962970	74	75	0
cg26973329	35	36	50
cg26973693	10	11	0
cg26973693	12	13	0
cg27037659	30	31	0
cg27037659	31	32	100
cg27037659	66	67	0
cg27088374	1	2	0
cg27088374	2	3	0
cg27088374	6	7	0
cg27088374	7	8	0
cg27088374	15	16	50
cg27088374	17	18	0
cg27088374	20	21	0
cg27088374	22	23	100
cg27088374	23	24	0
cg27088374	39	40	100
cg27159708	6	7	0
cg27159708	11	12	0
cg27159708	16	17	0
cg27159708	19	20	0
cg27196467	2	3	50
cg27196467	3	4	0
cg27196467	4	5	50
cg27196467	8	9	0
cg27196467	9	10	33.3333333333333
cg27196467	12	13	0
cg27196467	54	55	0
cg27236202	16	17	0
cg27255867	64	65	100
cg27344974	2	3	50
cg27344974	3	4	0
cg27344974	10	11	33.3333333333333
cg27344974	16	17	33.3333333333333
cg27344974	32	33	0
cg27344974	38	39	100
cg27344974	42	43	100
cg27344974	43	44	100
cg27344974	54	55	0
cg27344974	60	61	0
cg27365371	17	18	0
cg27365371	22	23	0
cg27365371	23	24	0
cg27365371	29	30	0
cg27365371	33	34	0
cg27365371	35	36	0
cg27365371	44	45	0
cg27365371	45	46	0
cg27447914	31	32	100
cg27447914	35	36	0
cg27447914	37	38	100
cg27447914	42	43	100
cg27447914	47	48	0
cg27455566	52	53	50
cg27455566	57	58	100
cg27514424	4	5	100
cg27514424	6	7	0
cg27514424	47	48	0
cg27562808	41	42	100
cg27562808	43	44	50
cg27562808	44	45	0
cg27562808	46	47	100
