track type=bedGraph
cg00571033	14	15	0
cg00571033	16	17	0
cg01008025	27	28	0
cg01099625	64	65	80
cg02343568	9	10	100
cg02540142	74	75	0
cg02690638	50	51	0
cg03077729	75	76	100
cg03144020	45	46	100
cg03218689	59	60	100
cg03260195	34	35	0
cg03665271	28	29	100
cg03938432	58	59	100
cg04087693	29	30	0
cg04638311	56	57	0
cg04688368	68	69	0
cg04688368	71	72	0
cg04688368	74	75	0
cg04688368	77	78	0
cg04735310	68	69	0
cg04863645	63	64	100
cg04951214	26	27	100
cg05575054	19	20	0
cg05698015	47	48	100
cg06206751	18	19	100
cg06292880	12	13	80
cg06360155	34	35	50
cg06360155	63	64	0
cg06392318	12	13	100
cg06633079	30	31	100
cg07254032	30	31	100
cg07299823	33	34	100
cg07601141	12	13	100
cg07645671	67	68	0
cg07648871	50	51	0
cg07648871	52	53	0
cg07648871	54	55	0
cg07648871	56	57	0
cg07648871	60	61	0
cg08060524	13	14	0
cg08271353	30	31	100
cg08285141	41	42	0
cg09103452	46	47	100
cg09207493	53	54	0
cg09399982	44	45	0
cg09682305	38	39	100
cg09945801	11	12	0
cg10118204	73	74	100
cg10604668	2	3	33.3333333333333
cg10873006	67	68	100
cg11352219	30	31	0
cg11848212	65	66	100
cg11848212	77	78	100
cg12483516	62	63	0
cg12593479	16	17	100
cg12593479	46	47	100
cg12593479	47	48	100
cg12986671	13	14	0
cg12986671	17	18	0
cg12986671	75	76	0
cg13194536	22	23	0
cg13366102	77	78	100
cg13400013	42	43	100
cg13604683	30	31	100
cg13660279	9	10	0
cg13834844	29	30	100
cg13971339	7	8	0
cg13971339	13	14	0
cg14012997	58	59	0
cg14012997	72	73	0
cg14361875	30	31	0
cg15004491	58	59	100
cg15043841	55	56	0
cg15043841	59	60	0
cg15221079	70	71	100
cg15555425	70	71	0
cg15566115	29	30	100
cg15566115	44	45	0
cg15693666	55	56	75
cg15823859	28	29	100
cg16264705	11	12	0
cg16313026	18	19	100
cg16456408	76	77	0
cg16625559	26	27	33.3333333333333
cg16744551	67	68	0
cg16744551	69	70	0
cg16744551	71	72	0
cg17942396	51	52	100
cg18192799	35	36	100
cg18531946	64	65	0
cg18760617	68	69	100
cg19117962	28	29	0
cg19117962	68	69	0
cg19117962	72	73	100
cg19121679	18	19	100
cg19722977	77	78	100
cg19936176	55	56	0
cg19936176	59	60	0
cg20006236	77	78	100
cg20268522	15	16	0
cg20268522	17	18	0
cg20268522	24	25	100
cg20425337	63	64	100
cg20508712	14	15	0
cg20638025	41	42	50
cg20687703	11	12	50
cg20687703	15	16	0
cg20821442	62	63	100
cg20872072	3	4	0
cg20872072	25	26	67.6470588235294
cg20925142	12	13	100
cg21177673	20	21	100
cg21177673	30	31	100
cg21294440	67	68	100
cg21836885	79	80	0
cg22031066	47	48	0
cg22320967	50	51	91.6666666666667
cg22724078	16	17	100
cg22914892	26	27	0
cg23076498	0	1	0
cg23076498	55	56	100
cg23091488	57	58	100
cg23449696	72	73	100
cg23575948	65	66	100
cg23582869	50	51	0
cg23626248	30	31	0
cg23758053	65	66	100
cg24178740	17	18	50
cg24226527	55	56	100
cg24255409	56	57	100
cg24255409	63	64	0
cg25073174	26	27	0
cg25211765	61	62	100
cg25402449	11	12	100
cg25743059	45	46	0
cg25957641	28	29	100
cg26834803	28	29	0
cg26834803	30	31	0
cg27514424	16	17	100
cg27582648	4	5	100
