track type=bedGraph
cg00362487	45	46	0
cg00362487	58	59	0
cg00571033	14	15	0
cg00571033	16	17	0
cg00611149	11	12	0
cg00611149	19	20	0
cg00872748	70	71	0
cg01005773	56	57	0
cg01049455	49	50	0
cg01099625	64	65	0
cg01232138	21	22	0
cg01232138	30	31	0
cg01232138	36	37	0
cg01650941	4	5	50
cg01650941	78	79	0
cg01676370	50	51	0
cg02244090	28	29	0
cg02379880	55	56	0
cg02690638	13	14	0
cg02690638	49	50	0
cg02873524	64	65	0
cg02873524	67	68	0
cg02873524	69	70	0
cg02905739	55	56	0
cg03144020	45	46	50
cg03187378	57	58	0
cg03187378	62	63	0
cg03260195	19	20	0
cg03557129	51	52	0
cg03557129	63	64	0
cg03557129	65	66	0
cg03646571	22	23	0
cg03843323	29	30	0
cg03957108	23	24	0
cg03957108	34	35	0
cg04016956	30	31	0
cg04016956	63	64	0
cg04150055	69	70	0
cg04504700	51	52	0
cg04504700	65	66	0
cg04567783	28	29	0
cg04627377	45	46	0
cg04863645	18	19	100
cg04863645	38	39	0
cg05097610	29	30	0
cg05121253	30	31	100
cg05194810	6	7	100
cg05275337	29	30	0
cg05406154	12	13	0
cg05406154	23	24	0
cg05406154	27	28	0
cg05406154	30	31	0
cg05406154	37	38	0
cg05406154	45	46	0
cg05821475	61	62	0
cg05884078	27	28	0
cg05884078	30	31	0
cg06023028	26	27	0
cg06037672	16	17	50
cg06037672	51	52	0
cg06115225	18	19	0
cg06115225	19	20	0
cg06115225	43	44	0
cg06115225	44	45	0
cg06115225	52	53	0
cg06115225	55	56	0
cg06292880	12	13	0
cg06292880	64	65	0
cg06550953	31	32	0
cg06637963	33	34	0
cg07195259	60	61	0
cg07933997	13	14	0
cg07933997	38	39	100
cg07940754	40	41	0
cg08215774	12	13	0
cg08215774	26	27	0
cg08215774	30	31	0
cg08215774	56	57	0
cg08215774	62	63	0
cg08215774	66	67	0
cg08566450	29	30	0
cg08849105	17	18	0
cg08921975	21	22	0
cg09103452	9	10	50
cg09103452	46	47	0
cg09182475	75	76	0
cg09817553	29	30	0
cg09817553	44	45	0
cg09945801	71	72	0
cg09977861	19	20	0
cg09977861	32	33	0
cg09977861	66	67	0
cg10067250	20	21	100
cg10624665	11	12	0
cg10624665	51	52	0
cg10624665	57	58	0
cg10624665	60	61	0
cg10624665	69	70	0
cg10624665	72	73	0
cg10624665	74	75	0
cg11167025	49	50	50
cg11179893	67	68	0
cg11560032	2	3	0
cg11560032	7	8	0
cg11560032	14	15	0
cg11560032	28	29	0
cg11560032	33	34	0
cg11560032	46	47	0
cg11560032	51	52	0
cg11560032	67	68	50
cg11591813	65	66	0
cg11807038	3	4	0
cg11827910	29	30	33.3333333333333
cg11827910	34	35	0
cg11827910	41	42	0
cg12145907	21	22	0
cg12145907	37	38	0
cg12309991	30	31	0
cg12903213	20	21	0
cg13677591	29	30	0
cg13732394	56	57	0
cg13732394	59	60	0
cg14033937	29	30	0
cg14241460	62	63	0
cg14666740	75	76	100
cg14715530	43	44	0
cg14778330	20	21	0
cg14880272	47	48	0
cg14880272	52	53	0
cg14880272	54	55	0
cg15012446	61	62	0
cg15073168	18	19	0
cg15503346	54	55	0
cg15823859	3	4	0
cg16073238	16	17	0
cg16073238	51	52	0
cg16264705	10	11	0
cg16264705	23	24	0
cg16264705	36	37	0
cg16267458	47	48	0
cg16384721	54	55	0
cg16384721	55	56	0
cg16468500	15	16	0
cg16468500	30	31	0
cg16468500	49	50	0
cg16468500	53	54	0
cg16625559	26	27	0
cg16675686	29	30	0
cg16692317	12	13	0
cg16692317	26	27	0
cg16692317	29	30	0
cg17435471	37	38	0
cg17820491	36	37	0
cg18141557	6	7	0
cg18141557	8	9	0
cg18141557	26	27	0
cg18149227	62	63	0
cg18488855	17	18	0
cg18488855	20	21	0
cg18663696	7	8	0
cg18663696	30	31	0
cg18678822	30	31	0
cg19044063	11	12	0
cg19050854	9	10	0
cg19117962	68	69	0
cg19117962	72	73	0
cg19292353	29	30	0
cg19314788	6	7	100
cg19560915	18	19	0
cg19560915	51	52	0
cg19631884	24	25	0
cg19680012	64	65	100
cg20126035	41	42	100
cg20126035	49	50	100
cg20568292	21	22	0
cg20568292	25	26	0
cg20568292	31	32	0
cg20568292	36	37	0
cg20687703	10	11	0
cg20687703	14	15	0
cg20687703	23	24	0
cg20687703	39	40	0
cg20687703	54	55	0
cg20785169	24	25	0
cg20785169	61	62	100
cg20823439	27	28	100
cg20823439	54	55	0
cg20872072	3	4	0
cg20909027	74	75	50
cg21046297	45	46	0
cg21046297	46	47	0
cg21046297	49	50	0
cg21046297	50	51	0
cg21767196	16	17	0
cg21820842	9	10	0
cg22057720	56	57	0
cg22075146	49	50	0
cg22075146	50	51	0
cg22719669	52	53	0
cg22875689	25	26	0
cg22875689	26	27	0
cg22875689	73	74	0
cg23076498	0	1	0
cg23114866	50	51	0
cg23114866	63	64	0
cg23114866	65	66	0
cg23189934	57	58	0
cg23189934	58	59	100
cg23496355	15	16	0
cg23496355	48	49	0
cg23496355	58	59	0
cg23826041	30	31	0
cg23931730	25	26	0
cg23931730	30	31	0
cg23931730	61	62	0
cg24385325	38	39	0
cg24573918	23	24	0
cg24786875	65	66	0
cg24911286	29	30	100
cg25235409	18	19	0
cg25248596	77	78	0
cg25636884	30	31	0
cg25732341	74	75	0
cg25768681	49	50	0
cg25768681	50	51	0
cg25878799	30	31	0
cg26109480	57	58	100
cg26109480	61	62	100
cg26109480	62	63	0
cg26230100	50	51	100
cg26255127	69	70	0
cg26844246	21	22	0
cg26844246	27	28	0
cg26844246	29	30	0
cg26844246	53	54	0
cg26844246	56	57	0
cg26844246	63	64	0
cg26844246	66	67	0
cg26844246	70	71	0
cg26845448	17	18	0
cg26845448	24	25	0
cg27664916	29	30	0
