track type=bedGraph
cg00370791	6	7	0
cg00370791	8	9	0
cg00370791	17	18	0
cg00370791	19	20	0
cg00370791	22	23	0
cg00370791	42	43	0
cg00370791	44	45	0
cg00370791	49	50	0
cg00370791	51	52	0
cg00370791	54	55	0
cg00370791	56	57	0
cg00370791	75	76	0
cg00370791	77	78	0
cg00475509	63	64	0
cg00546693	53	54	0
cg00777340	21	22	0
cg00777340	47	48	0
cg01049141	14	15	0
cg01522923	22	23	0
cg01522923	41	42	0
cg01650941	5	6	0
cg01650941	10	11	0
cg01650941	12	13	0
cg01650941	22	23	0
cg01650941	26	27	0
cg01650941	28	29	0
cg01650941	32	33	0
cg01650941	34	35	50
cg01650941	63	64	0
cg02040024	36	37	0
cg02040024	43	44	0
cg02286774	43	44	100
cg02317025	48	49	100
cg02334049	38	39	0
cg02334049	41	42	0
cg02334049	56	57	0
cg02343936	25	26	0
cg02538199	62	63	0
cg02538199	71	72	0
cg02762509	42	43	0
cg02762509	54	55	0
cg02762509	62	63	0
cg02873524	14	15	0
cg02873524	31	32	0
cg02873524	44	45	0
cg02873524	50	51	0
cg02873524	56	57	0
cg02873524	59	60	0
cg02894112	11	12	0
cg02894112	25	26	0
cg02894112	27	28	0
cg02894112	32	33	0
cg02894112	34	35	0
cg02894112	46	47	0
cg02894112	49	50	0
cg02894112	53	54	0
cg02894112	56	57	0
cg02905739	59	60	100
cg03144020	23	24	0
cg03144020	32	33	0
cg03144020	41	42	0
cg03391684	76	77	100
cg03597491	12	13	0
cg03597491	28	29	0
cg03597491	33	34	0
cg03597491	47	48	0
cg03600207	32	33	0
cg03674256	11	12	100
cg03787614	40	41	0
cg04449703	13	14	0
cg04449703	24	25	0
cg04449703	38	39	0
cg04449703	45	46	0
cg04449703	48	49	0
cg04449703	63	64	0
cg04583031	65	66	0
cg04804914	18	19	0
cg04905851	26	27	0
cg04951214	31	32	100
cg04956792	43	44	0
cg04956792	49	50	0
cg04956792	59	60	0
cg04956792	75	76	0
cg05035791	12	13	0
cg05035791	40	41	0
cg05173279	43	44	0
cg05173279	55	56	0
cg05406154	24	25	0
cg05406154	49	50	0
cg05642042	38	39	0
cg05660816	74	75	0
cg05688812	70	71	0
cg05688812	74	75	0
cg05821475	9	10	0
cg05821475	37	38	0
cg05821475	54	55	0
cg06023028	28	29	100
cg06037672	37	38	0
cg06037672	48	49	0
cg06113157	38	39	0
cg06113157	72	73	0
cg06115225	12	13	0
cg06115225	22	23	0
cg06115225	34	35	0
cg06115225	51	52	0
cg06115225	62	63	0
cg06610975	50	51	0
cg06610975	71	72	0
cg06718658	36	37	100
cg06718658	55	56	100
cg07171305	45	46	100
cg07232817	36	37	0
cg07232817	53	54	0
cg07232817	68	69	0
cg07645671	8	9	100
cg08170671	4	5	0
cg08170671	11	12	0
cg08170671	36	37	0
cg08170671	42	43	0
cg08170671	45	46	0
cg08170671	50	51	0
cg08285141	39	40	0
cg08519469	11	12	0
cg08519469	49	50	0
cg08519469	75	76	0
cg08629602	4	5	0
cg08629602	6	7	0
cg08629602	10	11	0
cg08629602	12	13	0
cg08629602	13	14	0
cg08629602	15	16	0
cg08629602	19	20	0
cg08629602	22	23	0
cg08629602	31	32	0
cg08629602	60	61	0
cg08854986	53	54	0
cg08921975	26	27	0
cg08921975	33	34	0
cg08921975	35	36	0
cg08921975	36	37	0
cg08921975	38	39	0
cg08921975	71	72	0
cg08924167	66	67	100
cg09102690	36	37	0
cg09102690	45	46	0
cg09102690	60	61	0
cg09102690	68	69	0
cg09207493	7	8	0
cg09207493	40	41	33.3333333333333
cg09313308	47	48	0
cg09313308	58	59	0
cg09317554	30	31	0
cg09317554	41	42	0
cg09317554	44	45	0
cg09317554	48	49	0
cg09317554	59	60	0
cg09317554	62	63	0
cg09317554	65	66	0
cg09317554	72	73	0
cg09367901	39	40	0
cg09376856	35	36	0
cg09376856	41	42	0
cg09579869	47	48	0
cg09579869	53	54	0
cg09682305	37	38	0
cg09682305	44	45	0
cg09817553	6	7	0
cg09817553	52	53	0
cg09841954	15	16	0
cg10131194	5	6	0
cg10131194	31	32	0
cg10131194	53	54	0
cg10593080	24	25	0
cg10593080	27	28	0
cg10593080	36	37	0
cg10593080	48	49	0
cg10593080	59	60	0
cg10624665	25	26	0
cg10624665	30	31	0
cg10624665	40	41	0
cg10624665	49	50	0
cg10624665	55	56	0
cg10624665	70	71	0
cg11458204	11	12	0
cg11458204	17	18	0
cg11666770	43	44	0
cg11666770	52	53	0
cg11908885	7	8	0
cg11908885	19	20	0
cg11908885	31	32	0
cg11908885	36	37	33.3333333333333
cg12046720	50	51	0
cg12145907	7	8	0
cg12145907	13	14	0
cg12306961	40	41	0
cg12306961	47	48	0
cg12306961	53	54	0
cg12306961	70	71	0
cg12338604	50	51	0
cg12338604	55	56	0
cg12406333	10	11	100
cg12841266	12	13	0
cg12841266	16	17	0
cg12841266	34	35	0
cg12841266	48	49	0
cg12841266	74	75	0
cg12903213	11	12	0
cg12935350	33	34	0
cg12935350	41	42	100
cg13143654	33	34	0
cg13143654	45	46	0
cg13143654	51	52	0
cg13163729	11	12	0
cg13163729	17	18	0
cg13163729	38	39	0
cg13163729	41	42	0
cg13163729	62	63	0
cg13163729	72	73	0
cg13192313	5	6	100
cg13288931	62	63	0
cg13300506	36	37	0
cg13331682	27	28	0
cg13548252	0	1	0
cg13548252	26	27	0
cg13694139	17	18	0
cg13854663	31	32	0
cg13922229	44	45	0
cg13922229	48	49	0
cg14140337	14	15	0
cg14140337	23	24	0
cg14140337	28	29	0
cg14360629	26	27	100
cg14415958	57	58	0
cg14415958	69	70	0
cg14715530	18	19	0
cg14715530	32	33	0
cg14715530	38	39	0
cg14824014	66	67	0
cg15028045	8	9	0
cg15028045	12	13	0
cg15028045	57	58	0
cg15075184	9	10	100
cg15234261	59	60	0
cg15262576	23	24	0
cg15639204	2	3	0
cg15639204	15	16	0
cg15639204	35	36	0
cg15639204	41	42	0
cg15639204	50	51	0
cg15639204	57	58	0
cg16046465	13	14	0
cg16046465	16	17	0
cg16046465	19	20	0
cg16046465	26	27	0
cg16046465	40	41	0
cg16046465	43	44	0
cg16046465	48	49	0
cg16046465	56	57	0
cg16046465	59	60	0
cg16095149	17	18	0
cg16532688	67	68	0
cg16582309	31	32	0
cg16606195	51	52	100
cg16658659	29	30	0
cg16839209	12	13	0
cg16839209	24	25	0
cg16839209	34	35	0
cg16839209	40	41	0
cg16839209	43	44	0
cg17644722	15	16	0
cg17644722	65	66	0
cg18120675	30	31	0
cg18120675	32	33	0
cg18120675	37	38	0
cg18120675	43	44	0
cg18120675	45	46	0
cg18120675	57	58	0
cg18192799	5	6	0
cg18192799	67	68	0
cg18243072	19	20	100
cg18815657	58	59	100
cg18821963	4	5	0
cg18821963	16	17	0
cg18821963	34	35	0
cg18821963	40	41	0
cg18972426	6	7	0
cg18972426	24	25	0
cg19117962	35	36	100
cg19658834	13	14	0
cg19658834	16	17	0
cg20477718	20	21	0
cg20627844	70	71	0
cg20821442	20	21	0
cg20872072	5	6	100
cg20872072	24	25	0
cg20916989	53	54	0
cg20916989	58	59	0
cg20916989	61	62	0
cg20916989	65	66	0
cg20925142	11	12	0
cg20925142	21	22	0
cg20925142	32	33	100
cg20925142	38	39	100
cg20950377	13	14	0
cg21046297	34	35	0
cg21077839	5	6	100
cg21077839	64	65	0
cg21294440	44	45	0
cg21314020	15	16	0
cg21314020	36	37	0
cg21333598	45	46	100
cg21344984	9	10	0
cg21344984	36	37	0
cg21344984	62	63	0
cg21344984	68	69	0
cg21452781	10	11	0
cg21452781	16	17	0
cg21452781	50	51	0
cg21714079	47	48	0
cg21714079	50	51	0
cg21714079	59	60	0
cg21767196	8	9	0
cg21767196	15	16	0
cg21767196	18	19	0
cg21767196	28	29	0
cg21767196	33	34	0
cg21767196	51	52	0
cg21767196	55	56	0
cg21767196	61	62	0
cg21767196	65	66	0
cg22029297	38	39	0
cg22029297	54	55	0
cg22029297	63	64	0
cg22029297	68	69	0
cg22029297	72	73	0
cg22044564	21	22	0
cg22044564	30	31	0
cg22044564	36	37	0
cg22044564	45	46	0
cg22044564	51	52	0
cg22078760	15	16	0
cg22191805	35	36	0
cg22191805	40	41	0
cg22191805	53	54	0
cg22191805	59	60	0
cg22875689	3	4	0
cg22875689	29	30	0
cg23146472	15	16	100
cg23575948	17	18	0
cg23575948	23	24	0
cg23575948	43	44	0
cg23575948	59	60	0
cg23575948	66	67	0
cg23575948	69	70	0
cg23677945	3	4	0
cg23677945	12	13	0
cg23677945	21	22	0
cg23677945	54	55	0
cg23743304	11	12	0
cg23743304	72	73	0
cg23743304	75	76	0
cg23758053	31	32	0
cg23778391	61	62	100
cg23845691	10	11	0
cg23845691	28	29	0
cg23845691	70	71	0
cg23993631	25	26	0
cg24265610	43	44	0
cg24265610	46	47	100
cg24265610	57	58	100
cg24275772	60	61	100
cg24310367	0	1	0
cg24310367	3	4	0
cg24310367	6	7	0
cg24310367	23	24	0
cg24310367	29	30	0
cg24310367	36	37	0
cg24310367	42	43	0
cg24444575	25	26	0
cg24444575	28	29	0
cg24444575	41	42	0
cg24444575	54	55	0
cg24444575	64	65	0
cg24444575	70	71	100
cg24555998	23	24	0
cg24555998	32	33	0
cg24557791	0	1	0
cg24557791	23	24	50
cg24557791	34	35	0
cg24557791	64	65	0
cg24557791	67	68	0
cg24642372	26	27	0
cg24686610	43	44	0
cg24724167	61	62	0
cg24970974	26	27	0
cg24970974	29	30	100
cg25091185	7	8	0
cg25091185	17	18	0
cg25226813	4	5	0
cg25226813	7	8	0
cg25226813	74	75	0
cg25502186	71	72	100
cg25878799	14	15	0
cg25878799	22	23	0
cg25878799	39	40	0
cg25878799	46	47	0
cg25878799	74	75	0
cg25974818	11	12	0
cg26313355	5	6	50
cg26313355	18	19	0
cg26313355	27	28	0
cg26313355	32	33	0
cg26313355	41	42	0
cg26313355	45	46	0
cg26313355	57	58	0
cg26352306	20	21	0
cg26352306	37	38	0
cg26352306	42	43	0
cg26352306	70	71	0
cg26438612	54	55	0
cg26457229	31	32	100
cg26631126	8	9	0
cg26631126	11	12	100
cg26631126	53	54	100
cg27049734	67	68	0
cg27213895	33	34	0
cg27213895	73	74	0
cg27294582	19	20	0
cg27294582	26	27	0
cg27294582	41	42	0
cg27344974	75	76	0
cg27626343	49	50	100
cg27664916	28	29	0
cg27664916	33	34	0
