track type=bedGraph
cg00158333	5	6	100
cg00300211	13	14	0
cg00300211	16	17	0
cg00300211	24	25	0
cg00300211	30	31	0
cg00330845	20	21	0
cg00330845	24	25	0
cg00330845	27	28	0
cg00987824	7	8	0
cg00987824	26	27	0
cg00987824	31	32	0
cg00987824	35	36	0
cg01090774	17	18	0
cg01090774	37	38	0
cg01090774	61	62	0
cg01145031	9	10	0
cg01145031	44	45	0
cg01245471	31	32	0
cg01245471	39	40	0
cg01245471	43	44	0
cg01245471	51	52	0
cg01620430	38	39	100
cg01933636	71	72	100
cg02244090	46	47	0
cg02540142	6	7	0
cg02540142	20	21	0
cg02540142	32	33	0
cg02540142	49	50	0
cg02898094	43	44	0
cg02898094	61	62	0
cg03555227	21	22	0
cg03555227	34	35	0
cg03555227	43	44	0
cg03597059	42	43	100
cg03663215	35	36	0
cg03663215	45	46	0
cg03663215	48	49	0
cg03843323	37	38	0
cg03843323	54	55	0
cg03938432	18	19	0
cg03938432	23	24	0
cg03938432	48	49	0
cg04449703	63	64	100
cg04583031	30	31	100
cg04627377	38	39	100
cg04627377	41	42	0
cg04627377	59	60	0
cg04627377	64	65	0
cg04627377	68	69	0
cg04688368	66	67	100
cg04804914	18	19	0
cg04804914	31	32	0
cg04804914	34	35	0
cg04804914	44	45	0
cg05010579	46	47	100
cg05190315	33	34	0
cg05698015	46	47	0
cg05725590	20	21	100
cg05725590	28	29	0
cg05933419	45	46	0
cg06023028	28	29	0
cg06115225	14	15	0
cg06115225	24	25	0
cg06115225	36	37	0
cg06360155	41	42	0
cg06538073	24	25	0
cg06538073	34	35	0
cg06538073	67	68	0
cg06579027	30	31	0
cg07195259	66	67	0
cg07254032	45	46	100
cg07336259	8	9	0
cg07648871	72	73	0
cg07648871	75	76	0
cg07940754	14	15	0
cg07940754	17	18	0
cg07940754	42	43	0
cg07940754	50	51	0
cg07940754	61	62	0
cg08060524	36	37	0
cg08060524	49	50	0
cg08152447	17	18	0
cg08152447	22	23	0
cg08152447	69	70	0
cg08268145	10	11	0
cg08268145	59	60	0
cg08315393	38	39	100
cg08315393	55	56	100
cg08566450	18	19	100
cg08855449	27	28	0
cg08855449	42	43	0
cg09103452	32	33	0
cg09103452	34	35	0
cg09103452	58	59	0
cg09103452	60	61	0
cg09103452	66	67	0
cg09103452	68	69	0
cg09103452	76	77	0
cg09182475	10	11	100
cg09317554	30	31	0
cg09317554	41	42	0
cg09317554	44	45	0
cg09317554	48	49	0
cg09317554	59	60	0
cg09317554	62	63	0
cg09317554	65	66	0
cg09317554	72	73	0
cg09817553	6	7	0
cg09817553	52	53	0
cg09817553	55	56	0
cg09978183	9	10	0
cg10118204	64	65	0
cg10131194	53	54	100
cg10604668	9	10	0
cg10779098	48	49	0
cg10779098	60	61	0
cg10893516	64	65	100
cg10893516	71	72	100
cg11058785	27	28	100
cg11410180	11	12	0
cg11410180	23	24	100
cg11458204	17	18	0
cg11728741	14	15	0
cg11728741	16	17	0
cg11728741	20	21	0
cg11728741	22	23	0
cg11728741	31	32	0
cg11728741	67	68	0
cg12451099	34	35	0
cg12553580	23	24	0
cg12553580	38	39	0
cg12553580	59	60	0
cg12597232	3	4	0
cg12597232	8	9	0
cg12597232	21	22	0
cg12597232	24	25	0
cg12597232	36	37	0
cg12927674	39	40	0
cg12927674	47	48	0
cg12927674	55	56	0
cg13165311	41	42	0
cg13165311	54	55	0
cg13194536	48	49	0
cg13579064	16	17	0
cg13579064	24	25	0
cg13579064	35	36	0
cg13604683	53	54	0
cg13604683	72	73	0
cg14089899	28	29	100
cg14403768	5	6	100
cg14702498	54	55	100
cg14977462	42	43	100
cg15219830	66	67	0
cg15639204	15	16	0
cg15693666	7	8	0
cg15952296	76	77	100
cg15988120	26	27	0
cg16124154	15	16	0
cg16839209	26	27	0
cg16839209	31	32	0
cg16839209	42	43	0
cg16925789	11	12	0
cg17426532	21	22	100
cg17426532	30	31	0
cg17435471	53	54	100
cg17923358	20	21	0
cg17923358	30	31	0
cg17923358	54	55	0
cg18306254	18	19	100
cg18306254	36	37	100
cg18394148	29	30	0
cg18394148	38	39	0
cg18394148	43	44	0
cg18394148	47	48	0
cg18394148	63	64	0
cg18488855	19	20	0
cg18488855	22	23	0
cg18488855	28	29	0
cg18629679	5	6	100
cg18678822	49	50	0
cg19117962	35	36	100
cg19234378	3	4	0
cg19234378	13	14	0
cg19234378	34	35	0
cg19234378	42	43	0
cg19234378	56	57	0
cg19234378	70	71	0
cg19314788	11	12	0
cg19833686	11	12	0
cg19833686	16	17	0
cg19833686	38	39	0
cg19833686	56	57	0
cg19833686	58	59	0
cg20186843	40	41	0
cg20242875	63	64	50
cg20638025	21	22	0
cg20638025	42	43	66.6666666666667
cg20872072	24	25	75
cg21027178	22	23	0
cg21027178	28	29	0
cg21027178	47	48	0
cg21107288	62	63	0
cg21516079	20	21	100
cg21849844	42	43	50
cg22399626	38	39	100
cg22993731	33	34	0
cg22993731	36	37	0
cg22993731	42	43	0
cg22993731	50	51	0
cg22993731	54	55	0
cg23302461	52	53	0
cg23527723	25	26	0
cg23630163	42	43	0
cg23630163	49	50	0
cg23630163	66	67	0
cg23758053	4	5	0
cg23758053	9	10	0
cg23758053	29	30	0
cg23778391	32	33	0
cg23778391	70	71	0
cg23793099	18	19	0
cg23793099	31	32	0
cg23793099	37	38	0
cg23793099	41	42	0
cg23793099	45	46	0
cg23793099	58	59	0
cg23793099	66	67	0
cg23934404	49	50	0
cg23934404	56	57	0
cg23934404	74	75	50
cg23993631	25	26	0
cg24293580	21	22	0
cg24293580	24	25	0
cg24293580	39	40	0
cg24746619	57	58	0
cg25502186	42	43	0
cg25502186	57	58	0
cg25502186	59	60	0
cg25502186	71	72	0
cg25642165	25	26	0
cg25642165	44	45	100
cg25642165	53	54	0
cg25773519	5	6	0
cg25773519	11	12	0
cg25773519	29	30	0
cg25773519	40	41	0
cg25773519	52	53	0
cg25773519	61	62	0
cg25773519	64	65	0
cg26255127	4	5	0
cg26286303	76	77	0
cg26411343	13	14	0
cg26411343	61	62	0
cg26683318	7	8	0
cg26683318	26	27	0
cg26683318	38	39	0
cg26683318	62	63	0
cg27101921	60	61	0
cg27181123	11	12	50
cg27181123	22	23	0
cg27181123	30	31	0
cg27181123	40	41	0
cg27482461	35	36	0
cg27482461	38	39	0
cg27699373	31	32	0
cg27699373	34	35	0
cg27699373	40	41	0
cg27699373	62	63	0
cg27699373	66	67	0
cg27699373	70	71	0
