track type=bedGraph
cg00745868	61	62	0
cg01008025	46	47	100
cg01915021	43	44	100
cg01933636	43	44	100
cg01933636	48	49	0
cg01992907	59	60	100
cg02083803	29	30	100
cg02246955	28	29	100
cg02762509	23	24	100
cg03077729	74	75	100
cg03218689	5	6	100
cg03218689	23	24	100
cg03218689	58	59	100
cg03218689	62	63	0
cg03597491	45	46	100
cg03938432	59	60	100
cg03957108	41	42	100
cg04585419	52	53	100
cg04688368	62	63	0
cg04878542	11	12	0
cg04878542	31	32	100
cg05108018	71	72	100
cg05185512	11	12	0
cg05185512	38	39	0
cg05194810	68	69	0
cg05260361	35	36	100
cg05497416	50	51	100
cg05641937	58	59	0
cg05641937	63	64	100
cg05660816	74	75	100
cg05886164	44	45	100
cg06363517	24	25	100
cg06392318	31	32	100
cg06538073	36	37	100
cg06813117	58	59	100
cg07171305	58	59	50
cg07254032	31	32	100
cg07254032	45	46	100
cg07644544	68	69	0
cg08194812	15	16	100
cg08921975	38	39	75
cg08979438	33	34	0
cg08981690	36	37	0
cg09182475	10	11	100
cg09461098	21	22	100
cg09461098	34	35	100
cg09579869	6	7	100
cg09646359	11	12	100
cg09682305	37	38	100
cg09699229	21	22	100
cg09699229	62	63	0
cg09817427	56	57	0
cg09817427	60	61	100
cg09841954	15	16	50
cg10024790	72	73	100
cg10131194	53	54	0
cg10211907	14	15	0
cg10342649	34	35	100
cg10342649	70	71	0
cg10604668	9	10	80
cg10604668	58	59	100
cg10901415	50	51	0
cg11058785	27	28	100
cg11167025	51	52	100
cg11339341	57	58	100
cg11807038	30	31	0
cg11807038	39	40	0
cg12046720	50	51	100
cg12209151	62	63	100
cg12537145	67	68	0
cg12593479	45	46	100
cg12811630	43	44	100
cg12927674	8	9	100
cg12927674	13	14	100
cg12927674	41	42	100
cg12927674	49	50	100
cg12927674	57	58	100
cg12986671	29	30	0
cg12986671	47	48	100
cg13132580	11	12	100
cg13349948	8	9	100
cg13702567	8	9	100
cg13732394	55	56	0
cg14140337	26	27	0
cg14311946	41	42	100
cg14360629	26	27	50
cg14911328	20	21	100
cg15262576	23	24	0
cg15516833	40	41	0
cg15639204	35	36	0
cg15639204	41	42	50
cg15823859	33	34	33.3333333333333
cg15932297	7	8	100
cg15944967	16	17	0
cg15944967	19	20	0
cg15944967	53	54	0
cg16427848	18	19	100
cg16442395	55	56	100
cg16456627	69	70	100
cg16675333	26	27	0
cg16744551	28	29	100
cg16872560	3	4	100
cg16872560	69	70	100
cg17212850	48	49	100
cg17212850	52	53	0
cg17426532	8	9	0
cg17426532	52	53	100
cg17426532	68	69	100
cg17662507	68	69	100
cg17668518	23	24	100
cg17711361	4	5	100
cg17779362	14	15	0
cg17779362	17	18	100
cg17820491	68	69	100
cg18277399	31	32	100
cg18277399	57	58	100
cg18306254	18	19	100
cg18532887	18	19	100
cg18815657	58	59	100
cg18922837	28	29	100
cg18922837	30	31	0
cg18922837	43	44	0
cg18922837	67	68	0
cg19117962	12	13	0
cg19117962	35	36	85.7142857142857
cg19291109	40	41	100
cg19355530	8	9	0
cg19355530	11	12	0
cg19560915	53	54	100
cg19615998	51	52	100
cg19615998	63	64	100
cg20149183	33	34	100
cg20149183	55	56	0
cg20167583	35	36	75
cg20359134	13	14	100
cg20374928	11	12	100
cg20374928	67	68	100
cg20477718	16	17	100
cg20477718	20	21	100
cg20568292	72	73	100
cg20638025	42	43	100
cg20805191	18	19	100
cg20872072	24	25	71.4285714285714
cg21107288	62	63	100
cg21115959	64	65	100
cg21639837	65	66	0
cg22069272	48	49	100
cg22075146	5	6	0
cg22223787	17	18	0
cg22316499	45	46	100
cg22316499	63	64	0
cg22543683	8	9	0
cg22945864	26	27	0
cg23001333	5	6	100
cg23087015	3	4	0
cg23087015	8	9	0
cg23087015	13	14	0
cg23143204	24	25	100
cg23146717	46	47	100
cg23189934	30	31	100
cg23189934	56	57	100
cg23626248	47	48	50
cg23778391	30	31	100
cg23829949	58	59	100
cg24113826	12	13	0
cg24117712	31	32	100
cg24178740	18	19	100
cg24178740	68	69	0
cg24573918	58	59	100
cg25339883	60	61	0
cg25398727	62	63	0
cg25402449	68	69	100
cg25430089	9	10	100
cg25857570	17	18	100
cg26491213	44	45	0
cg26566168	73	74	100
cg26603143	35	36	100
cg27101921	13	14	100
cg27455566	16	17	0
cg27455566	32	33	0
cg27553955	62	63	0
