track type=bedGraph
cg00012879	36	37	0
cg00384342	34	35	100
cg01105418	56	57	100
cg01187271	28	29	0
cg01368226	74	75	100
cg01831882	23	24	0
cg01831882	42	43	100
cg02040823	58	59	100
cg02334049	38	39	100
cg02343568	10	11	100
cg02343568	25	26	100
cg02386994	31	32	0
cg02895393	21	22	0
cg03077729	74	75	100
cg03767531	22	23	0
cg03938432	25	26	100
cg03938432	59	60	100
cg04087693	51	52	0
cg04168436	24	25	0
cg04168436	36	37	0
cg04245317	31	32	0
cg04336027	31	32	100
cg04336027	33	34	0
cg04688368	62	63	0
cg04804914	50	51	0
cg04804914	64	65	100
cg04878542	5	6	100
cg04878542	8	9	0
cg04878542	11	12	0
cg04878542	31	32	0
cg04965129	70	71	0
cg05260361	33	34	100
cg05497416	50	51	100
cg05725590	4	5	0
cg05725590	70	71	0
cg05886164	44	45	100
cg06097717	55	56	100
cg06292880	75	76	0
cg06292880	79	80	0
cg06392318	3	4	100
cg06400713	37	38	0
cg06400713	55	56	0
cg06412376	7	8	100
cg06412376	11	12	100
cg06550953	65	66	100
cg06633079	59	60	100
cg06812724	20	21	100
cg06812724	60	61	100
cg06813117	58	59	100
cg06839075	16	17	100
cg06907391	32	33	100
cg07171305	58	59	100
cg07254032	45	46	100
cg07648871	61	62	0
cg07875786	52	53	100
cg08194812	15	16	100
cg08194812	31	32	0
cg08315393	38	39	50
cg08566450	43	44	100
cg08659076	21	22	100
cg09376856	35	36	100
cg09376856	64	65	100
cg09682305	37	38	100
cg09985753	40	41	100
cg10064809	40	41	0
cg10131194	53	54	40
cg10182925	40	41	0
cg10182925	52	53	100
cg10427592	11	12	0
cg10427592	46	47	0
cg10503757	6	7	0
cg10503757	39	40	100
cg10604668	9	10	50
cg10604668	16	17	100
cg10775708	10	11	100
cg10873006	66	67	50
cg11319388	31	32	0
cg11410180	23	24	100
cg11461434	74	75	100
cg11672180	23	24	100
cg11728741	14	15	25
cg11728741	20	21	100
cg11741231	72	73	0
cg12553580	35	36	0
cg12757011	40	41	100
cg12811128	19	20	0
cg12811128	35	36	0
cg12945120	15	16	100
cg12945120	35	36	0
cg12986671	47	48	100
cg13143654	4	5	100
cg13300506	23	24	100
cg13366102	47	48	100
cg13486820	11	12	100
cg13604683	55	56	0
cg13702567	31	32	50
cg13739934	36	37	0
cg14360629	26	27	84.2105263157895
cg15075184	52	53	0
cg15214658	23	24	0
cg15555425	62	63	0
cg15658912	44	45	50
cg15823859	29	30	0
cg15823859	33	34	50
cg15823859	74	75	100
cg15890010	52	53	100
cg15913680	34	35	100
cg15944967	7	8	100
cg15944967	45	46	0
cg15981352	37	38	0
cg15981352	50	51	0
cg16103501	70	71	0
cg16188689	36	37	0
cg16267458	56	57	100
cg16675686	31	32	0
cg16678811	13	14	100
cg16678811	21	22	0
cg17137627	40	41	0
cg17137627	55	56	100
cg17257156	33	34	0
cg17426532	68	69	100
cg17435471	10	11	100
cg17644722	15	16	50
cg17644722	49	50	50
cg18266944	31	32	0
cg18271715	34	35	100
cg18278971	31	32	100
cg18284930	23	24	100
cg18284930	50	51	100
cg18480384	56	57	0
cg18532887	63	64	100
cg18815657	58	59	66.6666666666667
cg18845660	34	35	0
cg19117962	35	36	76.9230769230769
cg19555331	20	21	100
cg19658834	41	42	100
cg20042949	47	48	0
cg20042949	52	53	0
cg20126035	6	7	0
cg20126035	36	37	0
cg20167583	35	36	33.3333333333333
cg20169907	28	29	0
cg20169907	31	32	100
cg20425337	27	28	100
cg20425337	62	63	50
cg20609321	21	22	100
cg20785169	38	39	100
cg20805191	18	19	100
cg20872072	24	25	50
cg20872072	33	34	100
cg20872072	47	48	50
cg21027178	69	70	0
cg21392555	10	11	100
cg21392555	69	70	0
cg21664322	57	58	100
cg21684886	14	15	100
cg21684886	41	42	100
cg21797039	67	68	50
cg22069272	48	49	75
cg22070406	7	8	100
cg22097199	37	38	0
cg22316499	45	46	100
cg22527167	68	69	100
cg23004138	56	57	0
cg23076498	19	20	0
cg23146472	15	16	100
cg23146472	56	57	0
cg23281380	16	17	100
cg23281380	70	71	0
cg23829949	44	45	100
cg23829949	58	59	50
cg23871832	45	46	100
cg23925685	5	6	0
cg23925685	22	23	0
cg24570563	44	45	100
cg24573918	58	59	0
cg24717141	50	51	100
cg25285936	64	65	0
cg25354602	19	20	100
cg25398727	25	26	100
cg25430089	9	10	100
cg25693396	2	3	100
cg25693396	41	42	100
cg25732341	71	72	100
cg25857570	17	18	100
cg26174523	45	46	0
cg26286303	39	40	100
cg26313355	16	17	0
cg26352306	70	71	100
cg26566168	73	74	100
cg26581639	12	13	100
cg26644063	12	13	0
cg27101921	13	14	100
cg27196467	28	29	100
cg27257879	21	22	100
cg27626343	65	66	100
cg27639460	11	12	0
