track type=bedGraph
cg00012879	35	36	0
cg00027863	29	30	0
cg00027863	32	33	50
cg00077617	26	27	0
cg00138195	1	2	0
cg00138195	10	11	0
cg00141625	76	77	0
cg00158333	12	13	0
cg00158333	20	21	0
cg00158333	27	28	33.3333333333333
cg00158333	71	72	100
cg00158333	72	73	0
cg00193345	30	31	0
cg00193345	53	54	0
cg00200899	9	10	0
cg00200899	30	31	0
cg00200899	37	38	0
cg00200899	62	63	0
cg00200899	63	64	0
cg00279752	60	61	33.3333333333333
cg00310215	77	78	0
cg00330845	14	15	25
cg00362487	45	46	0
cg00362487	46	47	0
cg00367518	23	24	0
cg00370791	11	12	0
cg00370791	12	13	0
cg00370791	20	21	0
cg00370791	21	22	0
cg00370791	45	46	0
cg00370791	46	47	0
cg00389116	24	25	0
cg00393155	26	27	0
cg00401433	24	25	50
cg00401433	25	26	50
cg00401433	64	65	0
cg00401433	65	66	0
cg00401433	73	74	100
cg00447136	29	30	50
cg00447136	30	31	0
cg00475509	74	75	0
cg00499875	59	60	0
cg00499875	64	65	50
cg00499875	66	67	100
cg00523855	45	46	33.3333333333333
cg00523855	56	57	0
cg00523855	57	58	0
cg00546693	19	20	50
cg00546693	51	52	33.3333333333333
cg00546693	52	53	0
cg00571033	14	15	0
cg00571033	15	16	0
cg00571033	16	17	0
cg00571033	17	18	0
cg00571033	52	53	0
cg00571033	63	64	0
cg00593231	28	29	0
cg00595237	22	23	33.3333333333333
cg00595237	24	25	0
cg00611149	12	13	0
cg00611149	20	21	0
cg00611149	36	37	0
cg00611149	63	64	0
cg00611149	72	73	0
cg00611149	74	75	0
cg00612925	29	30	0
cg00612925	57	58	0
cg00640255	10	11	0
cg00640255	11	12	0
cg00640255	15	16	50
cg00640255	16	17	0
cg00640255	18	19	0
cg00640255	19	20	0
cg00640255	45	46	0
cg00640255	46	47	0
cg00640255	66	67	0
cg00640255	67	68	0
cg00640255	72	73	0
cg00640255	75	76	0
cg00640255	76	77	0
cg00745868	12	13	0
cg00745868	33	34	0
cg00745868	34	35	0
cg00745868	68	69	0
cg00745868	69	70	100
cg00745868	71	72	0
cg00745868	72	73	100
cg00777340	11	12	0
cg00777340	43	44	0
cg00777340	44	45	0
cg00794219	30	31	0
cg00794219	36	37	0
cg00794219	37	38	50
cg00820579	30	31	0
cg00842325	31	32	0
cg00842325	49	50	0
cg00842325	50	51	100
cg00860838	2	3	0
cg00860838	4	5	0
cg00872748	18	19	0
cg00872748	69	70	0
cg00877739	3	4	0
cg00877739	4	5	0
cg00877739	53	54	0
cg00877739	54	55	0
cg00929113	4	5	0
cg00929113	5	6	0
cg00929113	29	30	0
cg00929113	30	31	0
cg00929113	49	50	0
cg00929113	50	51	0
cg00929113	63	64	0
cg00930873	6	7	0
cg00930873	50	51	100
cg00930873	51	52	0
cg00930873	64	65	0
cg00930873	65	66	0
cg00930873	66	67	0
cg00930873	67	68	0
cg00953859	36	37	100
cg00987824	13	14	0
cg00987824	21	22	0
cg00987824	30	31	0
cg00992842	9	10	0
cg00992842	10	11	0
cg00992842	62	63	0
cg00992842	63	64	100
cg01005773	30	31	100
cg01005773	56	57	100
cg01008025	27	28	0
cg01008025	28	29	0
cg01008025	29	30	0
cg01008025	63	64	0
cg01008025	70	71	0
cg01008025	72	73	0
cg01027323	76	77	100
cg01047058	52	53	0
cg01049141	6	7	0
cg01049141	7	8	0
cg01049141	15	16	0
cg01049141	16	17	0
cg01049141	26	27	0
cg01049141	27	28	0
cg01049141	53	54	0
cg01049141	54	55	0
cg01049455	1	2	0
cg01049455	7	8	100
cg01049455	49	50	0
cg01079812	16	17	0
cg01099625	64	65	12.5
cg01134518	15	16	0
cg01134518	18	19	0
cg01134518	20	21	0
cg01134518	30	31	0
cg01134518	35	36	0
cg01145031	30	31	0
cg01161204	42	43	100
cg01187271	50	51	75
cg01187271	51	52	0
cg01227361	29	30	0
cg01227361	30	31	0
cg01232138	20	21	0
cg01232138	29	30	0
cg01232138	30	31	0
cg01232138	35	36	100
cg01232138	36	37	100
cg01232138	68	69	0
cg01245471	45	46	0
cg01245471	50	51	0
cg01272334	62	63	100
cg01352789	26	27	0
cg01368226	77	78	0
cg01429475	34	35	0
cg01429507	30	31	40
cg01429507	43	44	100
cg01522923	51	52	0
cg01580681	21	22	0
cg01580681	22	23	0
cg01594757	10	11	100
cg01594757	11	12	0
cg01594757	28	29	0
cg01603001	54	55	0
cg01603001	55	56	50
cg01603001	56	57	0
cg01603001	57	58	50
cg01603001	58	59	0
cg01603001	59	60	50
cg01603001	63	64	0
cg01603001	64	65	50
cg01603001	67	68	0
cg01603001	68	69	100
cg01603001	76	77	0
cg01608986	24	25	0
cg01620430	73	74	0
cg01650941	4	5	0
cg01650941	78	79	0
cg01657263	9	10	50
cg01657263	10	11	0
cg01658453	12	13	0
cg01675333	30	31	0
cg01687105	15	16	0
cg01705052	13	14	0
cg01733991	53	54	0
cg01819137	2	3	0
cg01819137	3	4	0
cg01819137	15	16	0
cg01819137	16	17	50
cg01819137	58	59	0
cg01819137	59	60	0
cg01831882	3	4	0
cg01831882	5	6	0
cg01831882	30	31	0
cg01831882	31	32	0
cg01831882	53	54	0
cg01831882	54	55	0
cg01831882	56	57	0
cg01831882	58	59	0
cg01856529	33	34	0
cg01856529	34	35	0
cg01856529	59	60	100
cg01856529	60	61	0
cg01881437	11	12	0
cg01881437	24	25	0
cg01883716	30	31	0
cg01883716	65	66	50
cg01901522	30	31	100
cg01915021	29	30	0
cg01915021	30	31	33.3333333333333
cg01933636	15	16	0
cg01933636	47	48	33.3333333333333
cg01933636	56	57	33.3333333333333
cg01935699	11	12	0
cg01935699	57	58	0
cg01965931	50	51	50
cg02000659	3	4	50
cg02000659	4	5	0
cg02000659	28	29	60
cg02000659	31	32	75
cg02017717	13	14	100
cg02019798	30	31	0
cg02023768	14	15	0
cg02023768	15	16	0
cg02034167	31	32	0
cg02034167	50	51	0
cg02040024	4	5	0
cg02040024	5	6	0
cg02040024	19	20	0
cg02040024	20	21	0
cg02040024	41	42	0
cg02040024	53	54	0
cg02040024	54	55	0
cg02040024	74	75	0
cg02040024	75	76	0
cg02061970	50	51	100
cg02129856	29	30	0
cg02161890	62	63	100
cg02219744	28	29	0
cg02221888	5	6	0
cg02221888	71	72	0
cg02231183	13	14	100
cg02231349	29	30	100
cg02231349	30	31	50
cg02231349	38	39	0
cg02244090	28	29	100
cg02246955	11	12	0
cg02246955	12	13	0
cg02246955	66	67	0
cg02247164	7	8	0
cg02247164	51	52	100
cg02247164	52	53	0
cg02247164	68	69	0
cg02286774	73	74	0
cg02321644	23	24	50
cg02321644	24	25	50
cg02321644	77	78	0
cg02334049	7	8	0
cg02343568	8	9	0
cg02343568	9	10	0
cg02343936	30	31	0
cg02351382	51	52	0
cg02351382	52	53	0
cg02379880	13	14	50
cg02379880	55	56	0
cg02379880	56	57	0
cg02386994	2	3	100
cg02386994	3	4	100
cg02386994	6	7	50
cg02386994	7	8	0
cg02386994	39	40	100
cg02386994	40	41	0
cg02386994	63	64	0
cg02389125	19	20	50
cg02389125	24	25	14.2857142857143
cg02389125	29	30	0
cg02389125	30	31	0
cg02389125	55	56	0
cg02389125	56	57	100
cg02389125	77	78	0
cg02400551	5	6	100
cg02400551	29	30	100
cg02400551	46	47	0
cg02400551	70	71	0
cg02456288	70	71	0
cg02456288	71	72	0
cg02470096	29	30	0
cg02470096	30	31	66.6666666666667
cg02486904	58	59	0
cg02486904	60	61	0
cg02538199	70	71	0
cg02538199	74	75	0
cg02540142	73	74	100
cg02550277	77	78	100
cg02554923	40	41	50
cg02582875	24	25	0
cg02582875	49	50	25
cg02593513	26	27	25
cg02593513	27	28	0
cg02593513	58	59	0
cg02593513	59	60	0
cg02593513	67	68	0
cg02593513	69	70	0
cg02602455	45	46	0
cg02602455	46	47	0
cg02602455	75	76	0
cg02602455	76	77	0
cg02644056	26	27	0
cg02676375	9	10	0
cg02676375	10	11	0
cg02676375	24	25	0
cg02676375	25	26	0
cg02676375	27	28	0
cg02676375	28	29	0
cg02676375	45	46	0
cg02676375	46	47	0
cg02676375	60	61	0
cg02676375	61	62	0
cg02690638	49	50	0
cg02690638	61	62	0
cg02690638	62	63	100
cg02690638	73	74	0
cg02697105	5	6	100
cg02697105	6	7	0
cg02697105	20	21	0
cg02714609	53	54	0
cg02714609	62	63	0
cg02714609	63	64	0
cg02724885	65	66	0
cg02724885	78	79	100
cg02762509	15	16	33.3333333333333
cg02762509	16	17	0
cg02762509	21	22	20
cg02762509	22	23	9.09090909090909
cg02762509	49	50	0
cg02762509	50	51	0
cg02762509	55	56	0
cg02762509	56	57	0
cg02762509	68	69	0
cg02762509	69	70	0
cg02865946	21	22	0
cg02865946	29	30	100
cg02865946	37	38	0
cg02865946	38	39	0
cg02865946	51	52	0
cg02865946	69	70	33.3333333333333
cg02873524	6	7	0
cg02873524	16	17	0
cg02873524	26	27	0
cg02873524	47	48	0
cg02894112	44	45	100
cg02894112	45	46	50
cg02894112	48	49	50
cg02894112	68	69	33.3333333333333
cg02895393	20	21	25
cg02898094	29	30	0
cg02898094	30	31	50
cg02898094	38	39	0
cg02898094	39	40	0
cg02898094	40	41	0
cg02898094	41	42	0
cg02898094	65	66	0
cg02898094	70	71	0
cg02898094	75	76	0
cg02905739	4	5	0
cg02905739	54	55	0
cg02926165	6	7	0
cg02926165	9	10	0
cg02926165	10	11	0
cg02926165	12	13	0
cg02926165	13	14	0
cg02926165	65	66	0
cg02926165	75	76	100
cg02932095	9	10	0
cg02932095	18	19	0
cg02932095	19	20	0
cg02932095	22	23	0
cg02932095	23	24	0
cg02951552	24	25	0
cg02951552	25	26	0
cg02951552	31	32	0
cg02951552	50	51	0
cg02951552	61	62	0
cg02951552	65	66	0
cg02964555	39	40	100
cg02964555	40	41	0
cg02964555	50	51	100
cg02964555	51	52	0
cg02964555	66	67	33.3333333333333
cg02968414	60	61	0
cg02968414	64	65	50
cg03064169	25	26	0
cg03064443	28	29	0
cg03064443	65	66	0
cg03064443	66	67	50
cg03077729	75	76	0
cg03094159	14	15	0
cg03094159	62	63	33.3333333333333
cg03121178	3	4	0
cg03121178	22	23	60
cg03133310	48	49	0
cg03133310	49	50	0
cg03133310	58	59	0
cg03133310	59	60	0
cg03133310	64	65	0
cg03133310	65	66	0
cg03144020	27	28	100
cg03144020	45	46	11.1111111111111
cg03153971	60	61	100
cg03187378	4	5	0
cg03187378	39	40	0
cg03187378	40	41	0
cg03187378	46	47	0
cg03187378	57	58	50
cg03187378	62	63	0
cg03187378	72	73	0
cg03187378	73	74	100
cg03187378	74	75	0
cg03196097	65	66	0
cg03218689	19	20	0
cg03252517	19	20	0
cg03260195	19	20	25
cg03260195	34	35	0
cg03260195	40	41	0
cg03260249	44	45	0
cg03260249	65	66	0
cg03260249	68	69	0
cg03260249	72	73	0
cg03265102	11	12	0
cg03265102	17	18	0
cg03265102	29	30	0
cg03265102	60	61	0
cg03295083	77	78	100
cg03295417	17	18	100
cg03295417	18	19	100
cg03295417	58	59	0
cg03295417	72	73	0
cg03338794	27	28	100
cg03338794	29	30	0
cg03350186	4	5	33.3333333333333
cg03350186	10	11	0
cg03350186	11	12	0
cg03350186	14	15	0
cg03350186	15	16	50
cg03350186	20	21	50
cg03350186	23	24	0
cg03350186	37	38	0
cg03350186	67	68	0
cg03350186	68	69	0
cg03469153	5	6	0
cg03469153	7	8	0
cg03469153	15	16	0
cg03536971	22	23	0
cg03536971	51	52	50
cg03536971	73	74	100
cg03539526	25	26	0
cg03539526	28	29	0
cg03539526	51	52	0
cg03539526	62	63	0
cg03555227	7	8	0
cg03555227	10	11	0
cg03555227	13	14	0
cg03555227	51	52	0
cg03555227	58	59	0
cg03555227	59	60	100
cg03555227	61	62	0
cg03555227	62	63	100
cg03555227	63	64	0
cg03555227	64	65	100
cg03557129	34	35	0
cg03557129	35	36	0
cg03557129	51	52	16.6666666666667
cg03557129	53	54	0
cg03557129	63	64	20
cg03557129	65	66	0
cg03557129	66	67	0
cg03564053	2	3	0
cg03564053	31	32	0
cg03564053	57	58	0
cg03571891	15	16	0
cg03571891	16	17	0
cg03571891	20	21	0
cg03571891	21	22	0
cg03571891	42	43	0
cg03571891	43	44	0
cg03571891	47	48	0
cg03571891	48	49	0
cg03571891	74	75	0
cg03571891	75	76	50
cg03582041	4	5	0
cg03582041	34	35	0
cg03597059	77	78	100
cg03597491	74	75	0
cg03597491	78	79	0
cg03603997	77	78	50
cg03639871	77	78	0
cg03646571	21	22	33.3333333333333
cg03649776	19	20	0
cg03649776	63	64	0
cg03649776	66	67	0
cg03649776	68	69	100
cg03663215	60	61	0
cg03665271	1	2	100
cg03674256	51	52	0
cg03674256	52	53	100
cg03674256	73	74	0
cg03676512	14	15	0
cg03676512	29	30	0
cg03686643	38	39	0
cg03697136	37	38	0
cg03697136	77	78	33.3333333333333
cg03724450	16	17	0
cg03724450	17	18	50
cg03724450	43	44	50
cg03724450	44	45	0
cg03724450	71	72	0
cg03724450	77	78	0
cg03787614	75	76	0
cg03837769	40	41	0
cg03837769	58	59	0
cg03837769	61	62	0
cg03837769	64	65	0
cg03843323	29	30	33.3333333333333
cg03843323	30	31	0
cg03862352	26	27	0
cg03862352	27	28	0
cg03862352	32	33	0
cg03862352	33	34	0
cg03904814	44	45	0
cg03904814	45	46	33.3333333333333
cg03904814	71	72	0
cg03904814	72	73	100
cg03934905	49	50	0
cg03934905	50	51	50
cg03934905	58	59	0
cg03938432	57	58	0
cg03938432	58	59	100
cg03957108	2	3	0
cg03957108	22	23	0
cg03957108	23	24	0
cg03957108	33	34	33.3333333333333
cg03957108	34	35	0
cg03957964	11	12	0
cg03957964	30	31	0
cg03957964	34	35	0
cg03957964	62	63	0
cg03960951	1	2	0
cg03960951	7	8	0
cg03960951	51	52	0
cg03960951	56	57	0
cg03972287	11	12	0
cg03972287	67	68	0
cg03972287	68	69	50
cg04010581	17	18	0
cg04016956	15	16	0
cg04016956	16	17	0
cg04016956	30	31	0
cg04016956	63	64	0
cg04025518	67	68	100
cg04071434	32	33	100
cg04071434	33	34	0
cg04071434	39	40	100
cg04071434	62	63	100
cg04087693	29	30	0
cg04087693	30	31	0
cg04087693	50	51	25
cg04107706	29	30	0
cg04107706	30	31	0
cg04124389	24	25	0
cg04124389	30	31	0
cg04124389	42	43	0
cg04150055	2	3	100
cg04150055	24	25	33.3333333333333
cg04150055	49	50	0
cg04150055	69	70	0
cg04168436	28	29	0
cg04209727	11	12	0
cg04209727	12	13	0
cg04209727	14	15	0
cg04209727	15	16	0
cg04209727	25	26	0
cg04209727	26	27	0
cg04209727	59	60	0
cg04243635	26	27	0
cg04243635	34	35	100
cg04243635	35	36	0
cg04245317	18	19	0
cg04245317	42	43	0
cg04281230	30	31	100
cg04336027	75	76	0
cg04336027	76	77	0
cg04348533	56	57	0
cg04348533	57	58	33.3333333333333
cg04428702	24	25	50
cg04428702	27	28	50
cg04449703	50	51	25
cg04449703	51	52	50
cg04449703	78	79	100
cg04477010	29	30	0
cg04477010	30	31	0
cg04477010	34	35	0
cg04477010	35	36	0
cg04477010	37	38	0
cg04477010	64	65	0
cg04504700	26	27	50
cg04504700	27	28	0
cg04504700	31	32	0
cg04504700	32	33	0
cg04504700	38	39	25
cg04504700	39	40	0
cg04504700	51	52	0
cg04504700	52	53	0
cg04504700	65	66	0
cg04504700	66	67	33.3333333333333
cg04529370	7	8	0
cg04529370	8	9	0
cg04529370	17	18	0
cg04529370	35	36	33.3333333333333
cg04529370	44	45	33.3333333333333
cg04541229	64	65	0
cg04556126	22	23	0
cg04556126	23	24	0
cg04556126	27	28	0
cg04556126	28	29	0
cg04560456	36	37	0
cg04567783	28	29	0
cg04567783	29	30	100
cg04583031	1	2	0
cg04583031	3	4	0
cg04583031	8	9	0
cg04583031	19	20	20
cg04583031	20	21	0
cg04583031	26	27	0
cg04583031	27	28	0
cg04583031	33	34	0
cg04583031	34	35	0
cg04583031	61	62	0
cg04583031	62	63	0
cg04583031	66	67	33.3333333333333
cg04583031	67	68	0
cg04583031	68	69	0
cg04583031	69	70	0
cg04585419	16	17	50
cg04585419	49	50	0
cg04585419	50	51	0
cg04586876	51	52	0
cg04586876	56	57	0
cg04588674	10	11	0
cg04588674	13	14	100
cg04588674	25	26	0
cg04604747	72	73	0
cg04606307	67	68	0
cg04611891	30	31	0
cg04627377	22	23	100
cg04627377	23	24	100
cg04627377	44	45	100
cg04627479	25	26	50
cg04627479	26	27	0
cg04627479	58	59	0
cg04627479	72	73	0
cg04638311	23	24	0
cg04638311	55	56	0
cg04638311	61	62	0
cg04638311	72	73	0
cg04688368	8	9	0
cg04688368	10	11	0
cg04688368	11	12	0
cg04688368	30	31	0
cg04688368	32	33	0
cg04688368	67	68	0
cg04688368	70	71	0
cg04688368	73	74	100
cg04691337	55	56	0
cg04735310	7	8	0
cg04735310	28	29	0
cg04735310	49	50	60
cg04735310	69	70	0
cg04759874	3	4	50
cg04759874	11	12	0
cg04759874	19	20	0
cg04759874	20	21	0
cg04759874	27	28	0
cg04759874	68	69	0
cg04759874	76	77	100
cg04769815	12	13	0
cg04802182	29	30	33.3333333333333
cg04804914	24	25	50
cg04804914	28	29	33.3333333333333
cg04804914	36	37	22.2222222222222
cg04804914	50	51	0
cg04863645	18	19	0
cg04863645	38	39	0
cg04863645	39	40	0
cg04863645	63	64	0
cg04878542	65	66	0
cg04878542	66	67	0
cg04878542	71	72	0
cg04878542	72	73	33.3333333333333
cg04891368	61	62	0
cg04951214	10	11	100
cg04951214	11	12	100
cg04956792	69	70	0
cg04956792	70	71	100
cg04998737	18	19	50
cg04998737	19	20	0
cg04998737	29	30	0
cg04998737	30	31	0
cg05006349	24	25	0
cg05010579	20	21	66.6666666666667
cg05010579	21	22	0
cg05031474	20	21	0
cg05037556	2	3	0
cg05037556	12	13	50
cg05060618	29	30	0
cg05060618	30	31	0
cg05087350	2	3	0
cg05097610	29	30	50
cg05097610	72	73	100
cg05097610	73	74	0
cg05108018	72	73	0
cg05108018	73	74	0
cg05119060	8	9	0
cg05119060	12	13	0
cg05119060	14	15	0
cg05119060	44	45	0
cg05119060	71	72	0
cg05119060	73	74	0
cg05119060	77	78	0
cg05121253	29	30	0
cg05121253	30	31	25
cg05124292	22	23	33.3333333333333
cg05124292	30	31	25
cg05130731	15	16	0
cg05158744	29	30	0
cg05167834	58	59	100
cg05167834	59	60	0
cg05173279	41	42	0
cg05173279	56	57	0
cg05173279	63	64	0
cg05173279	73	74	100
cg05185512	13	14	0
cg05194810	4	5	0
cg05194810	6	7	0
cg05194810	52	53	0
cg05194810	53	54	0
cg05194810	57	58	0
cg05194810	58	59	0
cg05194810	66	67	0
cg05194810	67	68	0
cg05213609	42	43	100
cg05213609	60	61	0
cg05222837	19	20	0
cg05229784	10	11	100
cg05234920	66	67	0
cg05260361	77	78	100
cg05275337	29	30	0
cg05275337	30	31	0
cg05297552	29	30	50
cg05297552	30	31	33.3333333333333
cg05297552	37	38	66.6666666666667
cg05297552	38	39	50
cg05303018	42	43	100
cg05303018	59	60	0
cg05305327	55	56	25
cg05305327	61	62	100
cg05308374	50	51	100
cg05331950	23	24	0
cg05359706	17	18	50
cg05359706	18	19	100
cg05372644	29	30	0
cg05372644	30	31	0
cg05372644	49	50	0
cg05372644	50	51	50
cg05372644	56	57	0
cg05387438	30	31	0
cg05396320	59	60	0
cg05406154	12	13	0
cg05406154	13	14	0
cg05406154	18	19	0
cg05406154	19	20	0
cg05406154	22	23	0
cg05406154	23	24	0
cg05406154	26	27	0
cg05406154	27	28	0
cg05406154	29	30	0
cg05406154	30	31	0
cg05406154	36	37	0
cg05406154	37	38	0
cg05406154	45	46	33.3333333333333
cg05407325	19	20	100
cg05407325	62	63	0
cg05433039	53	54	0
cg05434345	18	19	0
cg05434345	46	47	0
cg05473648	19	20	100
cg05497416	76	77	0
cg05497416	77	78	0
cg05506365	6	7	0
cg05506365	21	22	0
cg05506365	23	24	0
cg05506365	41	42	0
cg05506365	42	43	0
cg05506365	44	45	0
cg05506365	45	46	0
cg05506365	53	54	0
cg05506365	54	55	0
cg05532671	66	67	0
cg05533382	30	31	100
cg05546219	9	10	75
cg05546219	10	11	0
cg05546219	64	65	50
cg05546219	65	66	0
cg05562063	49	50	0
cg05562063	50	51	66.6666666666667
cg05575054	4	5	0
cg05575054	11	12	0
cg05575054	18	19	0
cg05575054	19	20	0
cg05575054	44	45	0
cg05575054	45	46	0
cg05575054	53	54	50
cg05575054	77	78	0
cg05602738	4	5	0
cg05602738	8	9	0
cg05602738	16	17	100
cg05602738	46	47	0
cg05602738	62	63	0
cg05602738	63	64	0
cg05641937	10	11	50
cg05641937	33	34	0
cg05641937	67	68	0
cg05641937	68	69	100
cg05642042	29	30	0
cg05642042	30	31	0
cg05650111	22	23	0
cg05650111	23	24	33.3333333333333
cg05650111	63	64	0
cg05650111	64	65	22.2222222222222
cg05660816	52	53	0
cg05693178	13	14	0
cg05706365	16	17	0
cg05706365	17	18	0
cg05706365	21	22	0
cg05706365	30	31	0
cg05706365	72	73	0
cg05706365	73	74	0
cg05730460	61	62	0
cg05765439	64	65	0
cg05817477	51	52	0
cg05821475	3	4	0
cg05821475	29	30	25
cg05821475	30	31	0
cg05821475	50	51	33.3333333333333
cg05821475	51	52	33.3333333333333
cg05821475	55	56	20
cg05821475	56	57	42.8571428571429
cg05821475	59	60	40
cg05821475	60	61	42.8571428571429
cg05821475	61	62	25
cg05821475	62	63	14.2857142857143
cg05847336	24	25	66.6666666666667
cg05847336	29	30	0
cg05847336	30	31	0
cg05847336	39	40	0
cg05847336	40	41	0
cg05847336	47	48	0
cg05847336	48	49	0
cg05848491	16	17	0
cg05848491	40	41	50
cg05848491	41	42	0
cg05879189	19	20	0
cg05879189	54	55	0
cg05884078	26	27	0
cg05884078	29	30	0
cg05886164	9	10	66.6666666666667
cg05886164	10	11	0
cg05907933	39	40	0
cg05913350	11	12	50
cg05913350	12	13	0
cg05928030	31	32	0
cg05928030	60	61	0
cg05933419	12	13	0
cg06020087	19	20	0
cg06020087	53	54	100
cg06023028	27	28	16.6666666666667
cg06023028	51	52	0
cg06037672	51	52	0
cg06037672	60	61	0
cg06037672	62	63	0
cg06037672	73	74	0
cg06044403	58	59	0
cg06113157	3	4	0
cg06113157	14	15	0
cg06113157	23	24	0
cg06115225	4	5	0
cg06115225	5	6	0
cg06115225	18	19	33.3333333333333
cg06115225	19	20	0
cg06115225	43	44	0
cg06115225	44	45	0
cg06115225	52	53	0
cg06115225	53	54	0
cg06115225	55	56	0
cg06115225	56	57	0
cg06132693	23	24	0
cg06132693	66	67	0
cg06132693	70	71	0
cg06166108	18	19	100
cg06173875	36	37	0
cg06173875	38	39	0
cg06173875	73	74	0
cg06206751	18	19	0
cg06206751	19	20	0
cg06206751	58	59	0
cg06242145	53	54	0
cg06245691	13	14	0
cg06245691	14	15	0
cg06272543	51	52	33.3333333333333
cg06292880	7	8	0
cg06292880	8	9	50
cg06292880	12	13	30
cg06292880	64	65	0
cg06292880	73	74	0
cg06310881	30	31	0
cg06327727	3	4	0
cg06343950	5	6	0
cg06343950	22	23	0
cg06343950	23	24	0
cg06343950	36	37	0
cg06343950	45	46	0
cg06343950	46	47	0
cg06343950	48	49	0
cg06343950	49	50	0
cg06360155	34	35	0
cg06360155	35	36	0
cg06360155	52	53	0
cg06360155	53	54	0
cg06360155	63	64	0
cg06360155	64	65	0
cg06363517	3	4	0
cg06363517	51	52	0
cg06363517	68	69	0
cg06392318	12	13	0
cg06392318	13	14	0
cg06392318	18	19	0
cg06392318	72	73	100
cg06400713	10	11	50
cg06400713	67	68	0
cg06414149	12	13	0
cg06414149	29	30	0
cg06414149	30	31	0
cg06414149	37	38	0
cg06414149	63	64	0
cg06429021	18	19	0
cg06429021	19	20	0
cg06429021	67	68	100
cg06479604	49	50	0
cg06482098	3	4	50
cg06482098	14	15	100
cg06482098	63	64	0
cg06520369	47	48	0
cg06523901	72	73	0
cg06538073	30	31	0
cg06540073	54	55	0
cg06540073	71	72	0
cg06550953	30	31	0
cg06557369	63	64	0
cg06557369	77	78	0
cg06564900	65	66	0
cg06564900	71	72	0
cg06569016	5	6	0
cg06569016	24	25	50
cg06569016	48	49	100
cg06569016	54	55	100
cg06579027	68	69	0
cg06587088	15	16	0
cg06610975	29	30	0
cg06610975	30	31	33.3333333333333
cg06610975	37	38	0
cg06610975	38	39	0
cg06617495	29	30	0
cg06617495	30	31	40
cg06633079	29	30	100
cg06633079	34	35	100
cg06633079	52	53	100
cg06637963	13	14	0
cg06637963	32	33	0
cg06637963	33	34	0
cg06637963	47	48	0
cg06637963	65	66	0
cg06708132	29	30	50
cg06718658	53	54	0
cg06721611	50	51	0
cg06723671	29	30	25
cg06723671	30	31	0
cg06736685	28	29	0
cg06736685	62	63	0
cg06736685	63	64	0
cg06760710	30	31	0
cg06760710	42	43	100
cg06760710	43	44	0
cg06760710	72	73	100
cg06760710	73	74	66.6666666666667
cg06762071	6	7	0
cg06762071	13	14	0
cg06762071	20	21	0
cg06762071	28	29	0
cg06762071	29	30	0
cg06762071	49	50	0
cg06762071	50	51	25
cg06778417	6	7	0
cg06785707	25	26	0
cg06785707	28	29	0
cg06812724	15	16	50
cg06812724	16	17	0
cg06813117	17	18	0
cg06813117	21	22	0
cg06813117	28	29	0
cg06813117	30	31	0
cg06813117	78	79	0
cg06821075	11	12	50
cg06821075	12	13	0
cg06821075	22	23	0
cg06821075	66	67	0
cg06837246	26	27	25
cg06839075	14	15	0
cg06839075	15	16	0
cg06839075	47	48	0
cg06839075	48	49	50
cg06931807	64	65	100
cg06944510	2	3	0
cg06944510	5	6	0
cg06944510	24	25	33.3333333333333
cg06944510	25	26	0
cg06944510	29	30	0
cg06944510	30	31	0
cg06944510	48	49	0
cg06944510	49	50	33.3333333333333
cg06946028	74	75	0
cg07001053	29	30	100
cg07001053	30	31	0
cg07001053	59	60	0
cg07001053	60	61	0
cg07005811	54	55	33.3333333333333
cg07005811	55	56	0
cg07005858	56	57	0
cg07005858	57	58	25
cg07026794	8	9	0
cg07026794	9	10	0
cg07026794	20	21	0
cg07026794	21	22	0
cg07026794	52	53	0
cg07031988	29	30	0
cg07031988	30	31	0
cg07071132	37	38	0
cg07071132	38	39	0
cg07094804	32	33	0
cg07094804	71	72	0
cg07107529	23	24	0
cg07107529	28	29	0
cg07107529	29	30	0
cg07107529	75	76	0
cg07115282	50	51	0
cg07116727	17	18	100
cg07151295	23	24	0
cg07151295	24	25	0
cg07151295	30	31	0
cg07151295	38	39	0
cg07151295	41	42	0
cg07158747	69	70	0
cg07158747	70	71	0
cg07171305	5	6	0
cg07195259	9	10	0
cg07195259	14	15	0
cg07195259	61	62	0
cg07226063	74	75	100
cg07232817	24	25	37.5
cg07232817	25	26	33.3333333333333
cg07232817	69	70	0
cg07232817	70	71	40
cg07240567	75	76	0
cg07254032	7	8	0
cg07254032	8	9	20
cg07254032	29	30	0
cg07254032	30	31	14.2857142857143
cg07299823	27	28	0
cg07300517	28	29	0
cg07300517	33	34	25
cg07300517	40	41	0
cg07300517	54	55	0
cg07300517	55	56	0
cg07300517	70	71	0
cg07300517	71	72	25
cg07309253	15	16	0
cg07309253	16	17	50
cg07322285	49	50	0
cg07322285	59	60	0
cg07322285	72	73	0
cg07322285	73	74	50
cg07322285	74	75	0
cg07322285	75	76	0
cg07332354	74	75	100
cg07336259	9	10	0
cg07336259	27	28	0
cg07356745.1	30	31	100
cg07356745.1	43	44	0
cg07356745.1	48	49	0
cg07373698	3	4	0
cg07373698	75	76	0
cg07373698	76	77	0
cg07404009	64	65	0
cg07423797	11	12	0
cg07423797	12	13	0
cg07423797	48	49	0
cg07423797	49	50	0
cg07423797	60	61	0
cg07423797	61	62	0
cg07429125	73	74	0
cg07436962	73	74	0
cg07436962	74	75	0
cg07517669	5	6	0
cg07517669	6	7	0
cg07517669	40	41	100
cg07517669	73	74	0
cg07517669	79	80	100
cg07537139	9	10	0
cg07537139	10	11	0
cg07537139	28	29	0
cg07537139	29	30	0
cg07537139	55	56	0
cg07537139	56	57	100
cg07550331	58	59	0
cg07550331	59	60	0
cg07550331	68	69	0
cg07588415	8	9	0
cg07588415	9	10	0
cg07588415	44	45	0
cg07588415	45	46	0
cg07588415	55	56	0
cg07588415	56	57	0
cg07588415	58	59	0
cg07588415	59	60	0
cg07601141	13	14	0
cg07601141	19	20	0
cg07601141	21	22	0
cg07601141	72	73	0
cg07610132	54	55	0
cg07610132	55	56	33.3333333333333
cg07610132	66	67	0
cg07610132	67	68	50
cg07625659	15	16	50
cg07625659	16	17	0
cg07629125	16	17	100
cg07629125	66	67	50
cg07645671	15	16	100
cg07645671	16	17	100
cg07645671	67	68	0
cg07648871	17	18	0
cg07648871	33	34	0
cg07648871	38	39	0
cg07648871	39	40	0
cg07648871	49	50	0
cg07648871	51	52	0
cg07648871	53	54	0
cg07648871	55	56	0
cg07648871	59	60	0
cg07648871	70	71	0
cg07648871	71	72	0
cg07668688	65	66	0
cg07684203	30	31	0
cg07684203	54	55	0
cg07684203	60	61	0
cg07694338	19	20	100
cg07704742	41	42	0
cg07704742	50	51	0
cg07704742	56	57	100
cg07704742	57	58	0
cg07705206	14	15	0
cg07751902	29	30	100
cg07774376	39	40	0
cg07774376	68	69	50
cg07792339	66	67	0
cg07795407	29	30	0
cg07795407	30	31	0
cg07866592	23	24	50
cg07875786	60	61	0
cg07875786	62	63	50
cg07893689	15	16	0
cg07893689	16	17	100
cg07933997	13	14	0
cg07933997	14	15	100
cg07933997	38	39	100
cg07933997	39	40	0
cg07940754	13	14	0
cg07940754	29	30	0
cg07940754	41	42	0
cg07940754	67	68	0
cg07940754	70	71	0
cg07940754	72	73	0
cg07990641	30	31	0
cg07990641	32	33	0
cg07990641	37	38	0
cg07990641	38	39	0
cg07991288	52	53	0
cg08005992	32	33	50
cg08005992	50	51	0
cg08005992	51	52	0
cg08005992	71	72	0
cg08005992	79	80	0
cg08013479	58	59	0
cg08029175	7	8	0
cg08029175	32	33	0
cg08029175	33	34	0
cg08029175	37	38	66.6666666666667
cg08029175	38	39	0
cg08060524	12	13	50
cg08060524	13	14	0
cg08070771	53	54	0
cg08070771	63	64	0
cg08070771	65	66	0
cg08070771	70	71	0
cg08070771	77	78	0
cg08071998	5	6	0
cg08071998	68	69	0
cg08071998	71	72	100
cg08074329	9	10	0
cg08074329	28	29	0
cg08074329	49	50	25
cg08074329	56	57	0
cg08074329	71	72	0
cg08104970	13	14	0
cg08104970	20	21	0
cg08104970	69	70	25
cg08104970	78	79	50
cg08113048	8	9	0
cg08113048	10	11	0
cg08113048	37	38	33.3333333333333
cg08113048	38	39	100
cg08113048	41	42	0
cg08113048	42	43	0
cg08113048	62	63	0
cg08113048	63	64	0
cg08113048	66	67	0
cg08120263	70	71	0
cg08120263	75	76	100
cg08129342	19	20	100
cg08129342	20	21	33.3333333333333
cg08152447	3	4	0
cg08152447	20	21	0
cg08152447	21	22	50
cg08152447	29	30	0
cg08152447	30	31	0
cg08152447	32	33	0
cg08152447	33	34	0
cg08152447	54	55	0
cg08152447	55	56	0
cg08156863	37	38	100
cg08156863	64	65	0
cg08170671	18	19	75
cg08170671	19	20	0
cg08170671	22	23	66.6666666666667
cg08170671	23	24	33.3333333333333
cg08170671	29	30	25
cg08172555	9	10	0
cg08172555	10	11	0
cg08172555	51	52	0
cg08188894	10	11	0
cg08188894	58	59	0
cg08194812	66	67	0
cg08215774	12	13	0
cg08215774	25	26	100
cg08215774	26	27	0
cg08215774	29	30	0
cg08253452	13	14	50
cg08271353	23	24	50
cg08271353	24	25	0
cg08271353	29	30	0
cg08271353	30	31	50
cg08281622	9	10	50
cg08285141	40	41	0
cg08285141	41	42	0
cg08285141	54	55	0
cg08285141	55	56	14.2857142857143
cg08285141	70	71	0
cg08285141	71	72	0
cg08372705	7	8	0
cg08372705	8	9	0
cg08372705	51	52	0
cg08372705	52	53	0
cg08395267	28	29	0
cg08395267	53	54	0
cg08395267	55	56	0
cg08395267	59	60	0
cg08454381	60	61	0
cg08464601	15	16	100
cg08464601	18	19	0
cg08519469	23	24	100
cg08563010	74	75	75
cg08563010	75	76	0
cg08566450	30	31	0
cg08588194	2	3	0
cg08588194	58	59	0
cg08588194	59	60	0
cg08588194	72	73	0
cg08588194	73	74	0
cg08588194	78	79	0
cg08608749	59	60	0
cg08629602	8	9	0
cg08629602	18	19	0
cg08629602	24	25	0
cg08629602	28	29	0
cg08629602	30	31	0
cg08629602	53	54	0
cg08629602	59	60	0
cg08629602	76	77	0
cg08641508	29	30	0
cg08641508	54	55	100
cg08641508	55	56	100
cg08659076	22	23	0
cg08661762	16	17	0
cg08661762	17	18	0
cg08662919	51	52	100
cg08766215	6	7	0
cg08766215	9	10	0
cg08766215	13	14	0
cg08766215	48	49	0
cg08811838	6	7	0
cg08811838	9	10	0
cg08811838	65	66	100
cg08811838	75	76	0
cg08811838	78	79	0
cg08825623	53	54	0
cg08849105	18	19	0
cg08849105	32	33	0
cg08849105	68	69	0
cg08849105	69	70	0
cg08854986	22	23	50
cg08854986	30	31	100
cg08854986	54	55	0
cg08854986	55	56	50
cg08854986	70	71	0
cg08854986	72	73	0
cg08855194	59	60	0
cg08855194	60	61	0
cg08888677	13	14	0
cg08918617	78	79	0
cg08921975	20	21	9.09090909090909
cg08921975	21	22	0
cg08921975	22	23	22.2222222222222
cg08921975	23	24	0
cg08924167	23	24	0
cg08924167	24	25	0
cg08924167	29	30	0
cg08924167	32	33	0
cg08938156	19	20	0
cg08938156	58	59	0
cg08938156	62	63	0
cg08938156	71	72	0
cg08979438	53	54	0
cg08981690	44	45	0
cg08981690	73	74	0
cg08981690	74	75	50
cg09026530	3	4	0
cg09026530	4	5	0
cg09026530	44	45	0
cg09026530	45	46	0
cg09026530	76	77	0
cg09071556	30	31	0
cg09072617	12	13	50
cg09075088	21	22	0
cg09075088	38	39	100
cg09075088	55	56	0
cg09093115	7	8	0
cg09093115	9	10	0
cg09093115	54	55	0
cg09093115	66	67	0
cg09097835	67	68	0
cg09097835	68	69	33.3333333333333
cg09102690	21	22	0
cg09103452	46	47	100
cg09103452	47	48	0
cg09105275	6	7	0
cg09113585	52	53	0
cg09141122	33	34	100
cg09141122	65	66	0
cg09141122	66	67	0
cg09141122	76	77	50
cg09148605	4	5	100
cg09182475	29	30	0
cg09182475	30	31	0
cg09207493	23	24	100
cg09207493	25	26	0
cg09207493	54	55	0
cg09228164	19	20	57.1428571428571
cg09228164	20	21	33.3333333333333
cg09228164	36	37	66.6666666666667
cg09228164	37	38	50
cg09228164	64	65	33.3333333333333
cg09228164	65	66	0
cg09238852	54	55	33.3333333333333
cg09249640	19	20	0
cg09252678	9	10	0
cg09252678	57	58	100
cg09276953	9	10	0
cg09276953	12	13	0
cg09276953	13	14	0
cg09280663	49	50	100
cg09283583	16	17	0
cg09283583	17	18	100
cg09283583	28	29	0
cg09300249	28	29	0
cg09300249	29	30	0
cg09300249	43	44	0
cg09300249	54	55	0
cg09313308	24	25	33.3333333333333
cg09313308	31	32	42.8571428571429
cg09313308	32	33	0
cg09317554	5	6	0
cg09317554	33	34	0
cg09317554	34	35	0
cg09317554	36	37	0
cg09317554	37	38	0
cg09317554	73	74	0
cg09317554	74	75	0
cg09327310	19	20	0
cg09367901	5	6	0
cg09367901	19	20	0
cg09367901	49	50	0
cg09367901	51	52	0
cg09367901	78	79	0
cg09392026	56	57	0
cg09392026	69	70	0
cg09400505	75	76	100
cg09407361	29	30	0
cg09407361	30	31	0
cg09408404	70	71	0
cg09408404	73	74	0
cg09417788	61	62	0
cg09424904	29	30	0
cg09424904	30	31	0
cg09452015	53	54	0
cg09452015	54	55	0
cg09461098	39	40	0
cg09461098	40	41	0
cg09461098	50	51	0
cg09486418	57	58	0
cg09486418	60	61	0
cg09510409	9	10	0
cg09510409	10	11	0
cg09536551	3	4	0
cg09536551	4	5	0
cg09536551	29	30	0
cg09536551	30	31	0
cg09536551	32	33	0
cg09536551	33	34	0
cg09536551	66	67	0
cg09559229	34	35	0
cg09559229	35	36	0
cg09559229	42	43	0
cg09559229	43	44	0
cg09559229	70	71	0
cg09578221	0	1	0
cg09578221	16	17	0
cg09578221	24	25	0
cg09578221	25	26	0
cg09578221	26	27	25
cg09578221	27	28	0
cg09578221	29	30	0
cg09578221	30	31	0
cg09578221	40	41	0
cg09578221	41	42	100
cg09578221	58	59	0
cg09578221	59	60	0
cg09579869	49	50	0
cg09579869	50	51	50
cg09606853	23	24	0
cg09606853	43	44	0
cg09606853	53	54	0
cg09646359	6	7	0
cg09646359	7	8	100
cg09646359	10	11	0
cg09646359	18	19	0
cg09646359	30	31	33.3333333333333
cg09646359	53	54	50
cg09647169	30	31	0
cg09661809	13	14	0
cg09661809	14	15	0
cg09661809	62	63	0
cg09661809	63	64	0
cg09661809	69	70	0
cg09661809	70	71	0
cg09682305	38	39	0
cg09692769	13	14	0
cg09692769	14	15	0
cg09699229	49	50	100
cg09699229	50	51	0
cg09726978	29	30	0
cg09726978	30	31	0
cg09731012	16	17	0
cg09731012	19	20	0
cg09731012	30	31	0
cg09773031	7	8	0
cg09773031	13	14	0
cg09773031	29	30	0
cg09773031	35	36	0
cg09773031	36	37	0
cg09773031	61	62	0
cg09782540	29	30	33.3333333333333
cg09789765	21	22	0
cg09789765	22	23	0
cg09816507	13	14	0
cg09816507	14	15	50
cg09816507	29	30	100
cg09816507	74	75	0
cg09816507	75	76	0
cg09817427	66	67	100
cg09817427	67	68	0
cg09817553	30	31	0
cg09817553	44	45	0
cg09817553	45	46	50
cg09841954	68	69	20
cg09841954	74	75	50
cg09841954	78	79	100
cg09841958	6	7	0
cg09841958	31	32	0
cg09841958	32	33	0
cg09841958	36	37	33.3333333333333
cg09841958	37	38	33.3333333333333
cg09841958	49	50	0
cg09841958	50	51	20
cg09841958	54	55	0
cg09841958	55	56	0
cg09841958	57	58	0
cg09841958	58	59	33.3333333333333
cg09841958	69	70	50
cg09879356	38	39	0
cg09879356	39	40	100
cg09899564	58	59	0
cg09945801	12	13	100
cg09962606	22	23	0
cg09962606	23	24	100
cg09962606	58	59	0
cg09977861	18	19	100
cg09977861	19	20	0
cg09977861	31	32	0
cg09978183	64	65	50
cg09985350	25	26	0
cg09985753	63	64	100
cg10040493	2	3	0
cg10040493	3	4	100
cg10040493	21	22	0
cg10040493	24	25	50
cg10040493	38	39	0
cg10064809	48	49	66.6666666666667
cg10064809	49	50	100
cg10064809	71	72	100
cg10064809	72	73	50
cg10067250	19	20	0
cg10067250	20	21	0
cg10067250	76	77	0
cg10073942	51	52	0
cg10104432	29	30	0
cg10104432	73	74	0
cg10125423	13	14	50
cg10131194	27	28	0
cg10131194	30	31	0
cg10182925	42	43	0
cg10182925	43	44	0
cg10182925	78	79	100
cg10211907	13	14	25
cg10211907	39	40	0
cg10211907	57	58	0
cg10211907	58	59	0
cg10211907	77	78	0
cg10211907	78	79	100
cg10235290	72	73	0
cg10289720	10	11	0
cg10289720	33	34	20
cg10289720	36	37	0
cg10289720	38	39	0
cg10289720	57	58	0
cg10289720	71	72	0
cg10289720	73	74	16.6666666666667
cg10324939	9	10	0
cg10324939	10	11	0
cg10324939	18	19	0
cg10324939	19	20	0
cg10324939	20	21	0
cg10324939	21	22	50
cg10324939	65	66	0
cg10324939	66	67	0
cg10342649	71	72	0
cg10389748	3	4	0
cg10389748	12	13	0
cg10389748	76	77	0
cg10392713	23	24	50
cg10392713	24	25	0
cg10392713	61	62	50
cg10392713	62	63	0
cg10392713	65	66	50
cg10392713	66	67	0
cg10392713	76	77	0
cg10404717	48	49	100
cg10414374	6	7	0
cg10414374	77	78	50
cg10427592	21	22	0
cg10427592	29	30	0
cg10427592	47	48	33.3333333333333
cg10427592	48	49	0
cg10427592	50	51	0
cg10427592	51	52	0
cg10427592	61	62	0
cg10427841	41	42	100
cg10437271	57	58	0
cg10437271	65	66	0
cg10439738	37	38	0
cg10439738	38	39	0
cg10439738	72	73	0
cg10441680	35	36	33.3333333333333
cg10441680	56	57	50
cg10441680	77	78	0
cg10491556	50	51	100
cg10491556	51	52	0
cg10491556	52	53	100
cg10491556	53	54	50
cg10591258	29	30	0
cg10593080	3	4	0
cg10593080	57	58	0
cg10593080	58	59	16.6666666666667
cg10593080	61	62	0
cg10593080	62	63	0
cg10604668	2	3	0
cg10604668	71	72	50
cg10606240	20	21	0
cg10606240	21	22	0
cg10620475	54	55	0
cg10620475	55	56	100
cg10624665	11	12	50
cg10624665	15	16	66.6666666666667
cg10624665	50	51	0
cg10624665	56	57	0
cg10624665	59	60	0
cg10624665	68	69	0
cg10644072	11	12	0
cg10644072	13	14	0
cg10736991	31	32	0
cg10736991	32	33	0
cg10763467	65	66	0
cg10774906	30	31	50
cg10775708	45	46	100
cg10779098	24	25	0
cg10779098	25	26	100
cg10779098	36	37	50
cg10788097	16	17	0
cg10788097	70	71	0
cg10873006	67	68	0
cg10873006	68	69	0
cg10893516	12	13	0
cg10893516	13	14	0
cg10893516	28	29	100
cg10893516	40	41	0
cg10901415	22	23	50
cg10901415	44	45	0
cg10901415	45	46	0
cg11011976	78	79	0
cg11025714	29	30	0
cg11034948	75	76	50
cg11058785	10	11	0
cg11058785	11	12	0
cg11058785	63	64	0
cg11058785	64	65	33.3333333333333
cg11066411	25	26	0
cg11066411	26	27	50
cg11066411	46	47	0
cg11066411	47	48	14.2857142857143
cg11105656	20	21	0
cg11105656	30	31	0
cg11105656	44	45	0
cg11105656	45	46	0
cg11105656	46	47	0
cg11105656	47	48	0
cg11105656	62	63	0
cg11105656	69	70	0
cg11156486	3	4	0
cg11156486	79	80	0
cg11167025	78	79	100
cg11171400	33	34	100
cg11171400	77	78	100
cg11171400	78	79	0
cg11201611	3	4	0
cg11201611	5	6	0
cg11201611	6	7	0
cg11201611	19	20	50
cg11201611	20	21	50
cg11201611	48	49	66.6666666666667
cg11201611	49	50	100
cg11201611	53	54	0
cg11201611	54	55	100
cg11214667	8	9	0
cg11214667	13	14	0
cg11214667	14	15	100
cg11214667	37	38	0
cg11214667	73	74	0
cg11251215	43	44	0
cg11266260	23	24	0
cg11266260	58	59	50
cg11279021	24	25	33.3333333333333
cg11290305	19	20	0
cg11290305	20	21	0
cg11290305	52	53	50
cg11319388	30	31	0
cg11339341	18	19	0
cg11339341	19	20	0
cg11339341	42	43	0
cg11339341	43	44	0
cg11339341	49	50	0
cg11339341	50	51	0
cg11346223	40	41	100
cg11352219	29	30	0
cg11352219	30	31	0
cg11410180	25	26	50
cg11411958	14	15	0
cg11411958	15	16	0
cg11411958	59	60	33.3333333333333
cg11411958	60	61	0
cg11437639	33	34	0
cg11458204	77	78	0
cg11465136	29	30	0
cg11465136	30	31	33.3333333333333
cg11493105	69	70	25
cg11493105	70	71	33.3333333333333
cg11541320	42	43	100
cg11541320	43	44	0
cg11541320	44	45	100
cg11541320	45	46	0
cg11541320	56	57	0
cg11548411	7	8	0
cg11548411	64	65	0
cg11548411	66	67	0
cg11548411	77	78	0
cg11551173	15	16	25
cg11551173	45	46	0
cg11551173	46	47	0
cg11551236	65	66	50
cg11560032	2	3	0
cg11560032	7	8	0
cg11560032	14	15	0
cg11560032	46	47	0
cg11584091	18	19	0
cg11584091	19	20	0
cg11584091	61	62	0
cg11584091	62	63	50
cg11591813	64	65	0
cg11634198	55	56	0
cg11647274	8	9	100
cg11647274	9	10	66.6666666666667
cg11647274	31	32	33.3333333333333
cg11647274	32	33	0
cg11647274	55	56	50
cg11647274	56	57	33.3333333333333
cg11656502	56	57	100
cg11666770	9	10	100
cg11666770	20	21	0
cg11666770	21	22	0
cg11666770	22	23	0
cg11666770	23	24	0
cg11666770	24	25	0
cg11666770	26	27	0
cg11666770	27	28	0
cg11666770	45	46	0
cg11666770	50	51	0
cg11666770	54	55	0
cg11666770	58	59	0
cg11672180	16	17	0
cg11672180	17	18	0
cg11690941	29	30	0
cg11700079	7	8	0
cg11700079	11	12	0
cg11700079	19	20	0
cg11700079	22	23	0
cg11700079	26	27	0
cg11728741	33	34	0
cg11728741	38	39	0
cg11728741	68	69	33.3333333333333
cg11728741	69	70	0
cg11741231	29	30	0
cg11758048	1	2	0
cg11758048	29	30	0
cg11758048	30	31	0
cg11758048	39	40	50
cg11758048	40	41	0
cg11758048	60	61	0
cg11758048	61	62	0
cg11768647	14	15	50
cg11768647	15	16	0
cg11768647	18	19	0
cg11768647	19	20	0
cg11772199	59	60	0
cg11792642	5	6	0
cg11792642	29	30	0
cg11792642	30	31	0
cg11792642	36	37	0
cg11792642	41	42	0
cg11807038	3	4	16.6666666666667
cg11807038	71	72	57.1428571428571
cg11807038	72	73	0
cg11818729	28	29	0
cg11827910	30	31	0
cg11827910	35	36	0
cg11827910	42	43	0
cg11848212	65	66	0
cg11879601	54	55	0
cg11879601	67	68	50
cg11879601	68	69	0
cg11905007	51	52	0
cg11905007	67	68	0
cg11905658	11	12	0
cg11905658	30	31	0
cg11905658	60	61	0
cg11905658	66	67	0
cg11905658	67	68	0
cg11908885	2	3	0
cg11908885	5	6	0
cg11908885	17	18	0
cg11926564	75	76	0
cg11939159	4	5	0
cg11960934	55	56	0
cg11975654	31	32	0
cg11975654	54	55	0
cg11975654	78	79	0
cg12016197	29	30	100
cg12046720	19	20	0
cg12056279	30	31	0
cg12056279	33	34	0
cg12056279	56	57	0
cg12056279	57	58	0
cg12056279	58	59	0
cg12063651	15	16	0
cg12063651	30	31	0
cg12063651	32	33	0
cg12108366	72	73	0
cg12135540	21	22	0
cg12135540	27	28	0
cg12135540	29	30	0
cg12145907	14	15	0
cg12145907	21	22	33.3333333333333
cg12145907	37	38	33.3333333333333
cg12145907	77	78	100
cg12187762	28	29	0
cg12187762	32	33	0
cg12187762	59	60	0
cg12187762	60	61	50
cg12187762	67	68	33.3333333333333
cg12187762	68	69	0
cg12187762	77	78	0
cg12204620	30	31	0
cg12241489	30	31	0
cg12292323	57	58	100
cg12306961	4	5	0
cg12306961	5	6	0
cg12306961	7	8	50
cg12306961	8	9	0
cg12306961	17	18	0
cg12306961	18	19	0
cg12306961	35	36	0
cg12306961	36	37	0
cg12306961	41	42	33.3333333333333
cg12309991	23	24	0
cg12311671	14	15	33.3333333333333
cg12311671	48	49	0
cg12322817	9	10	0
cg12327770	68	69	0
cg12327770	69	70	20
cg12338604	28	29	0
cg12351242	48	49	0
cg12376071	4	5	50
cg12425327	73	74	0
cg12428624	30	31	0
cg12434982	36	37	0
cg12434982	56	57	0
cg12434982	57	58	0
cg12434982	62	63	0
cg12434982	63	64	0
cg12436917	30	31	0
cg12451099	35	36	0
cg12451099	36	37	0
cg12451099	74	75	0
cg12462816	69	70	0
cg12483516	43	44	0
cg12553580	21	22	44.4444444444444
cg12553580	22	23	0
cg12553580	36	37	75
cg12553580	37	38	50
cg12572894	37	38	0
cg12572894	38	39	100
cg12584622	46	47	100
cg12593479	16	17	66.6666666666667
cg12593479	17	18	0
cg12593479	46	47	0
cg12593479	47	48	0
cg12597232	9	10	0
cg12597232	10	11	0
cg12597232	11	12	0
cg12597232	12	13	0
cg12597232	62	63	0
cg12597232	63	64	0
cg12597232	67	68	0
cg12597232	68	69	0
cg12600648	29	30	0
cg12600648	56	57	0
cg12642246	50	51	0
cg12642246	56	57	0
cg12642246	66	67	0
cg12646064	58	59	0
cg12646064	59	60	0
cg12649001	29	30	0
cg12649001	47	48	0
cg12649001	53	54	0
cg12741020	5	6	0
cg12741020	6	7	0
cg12741020	7	8	0
cg12774174	13	14	0
cg12774174	14	15	0
cg12774174	19	20	0
cg12774174	20	21	0
cg12774174	49	50	0
cg12774174	51	52	0
cg12780461	7	8	0
cg12780461	8	9	0
cg12797828	7	8	0
cg12797828	8	9	100
cg12797828	17	18	0
cg12797828	18	19	100
cg12798259	60	61	0
cg12811128	8	9	33.3333333333333
cg12811128	23	24	100
cg12811128	24	25	50
cg12811128	43	44	50
cg12811128	76	77	0
cg12811630	5	6	100
cg12811802	29	30	0
cg12811802	30	31	0
cg12814030	58	59	0
cg12814030	59	60	0
cg12814030	62	63	0
cg12814030	63	64	0
cg12814030	70	71	0
cg12814030	76	77	0
cg12814030	78	79	100
cg12838514	9	10	0
cg12838514	46	47	0
cg12838514	47	48	33.3333333333333
cg12838514	52	53	0
cg12838514	53	54	0
cg12841266	13	14	0
cg12841266	17	18	0
cg12841266	20	21	0
cg12841266	44	45	0
cg12856514	53	54	0
cg12856514	74	75	0
cg12879445	24	25	0
cg12879445	25	26	0
cg12899502	44	45	33.3333333333333
cg12899502	51	52	33.3333333333333
cg12903213	19	20	0
cg12903213	20	21	50
cg12927674	23	24	33.3333333333333
cg12927674	24	25	0
cg12927674	29	30	0
cg12927674	30	31	0
cg12927674	74	75	0
cg12934046	12	13	100
cg12934046	59	60	0
cg12935350	16	17	50
cg12935350	17	18	50
cg12935350	29	30	50
cg12935350	30	31	0
cg12935350	34	35	100
cg12935350	35	36	0
cg12945120	36	37	0
cg12959926	6	7	0
cg12959926	7	8	0
cg12959926	15	16	0
cg12959926	16	17	0
cg12959926	52	53	50
cg12959926	53	54	0
cg12959926	60	61	0
cg12959926	61	62	0
cg12981876	9	10	50
cg12981876	10	11	0
cg12981876	47	48	33.3333333333333
cg12981876	48	49	0
cg12981876	66	67	0
cg12981876	67	68	0
cg12986671	13	14	100
cg12986671	14	15	0
cg12986671	17	18	100
cg12986671	18	19	0
cg12986671	76	77	0
cg12991729	14	15	0
cg13011653	61	62	0
cg13011653	67	68	100
cg13019223	30	31	0
cg13029792	29	30	0
cg13060540	18	19	0
cg13060540	71	72	0
cg13082504	17	18	0
cg13082504	30	31	0
cg13090788	74	75	0
cg13102585	10	11	0
cg13107977	29	30	0
cg13107977	30	31	0
cg13107977	65	66	25
cg13107977	66	67	0
cg13132580	8	9	0
cg13132580	29	30	50
cg13132580	63	64	100
cg13143654	5	6	0
cg13143654	74	75	33.3333333333333
cg13143654	75	76	0
cg13143654	77	78	100
cg13145648	40	41	100
cg13145648	57	58	0
cg13151303	16	17	0
cg13151303	17	18	0
cg13151947	41	42	100
cg13151947	42	43	0
cg13151947	44	45	100
cg13151947	45	46	50
cg13153497	12	13	0
cg13163729	15	16	0
cg13163729	16	17	0
cg13163729	18	19	0
cg13163729	19	20	0
cg13163729	60	61	0
cg13163729	61	62	0
cg13165311	28	29	0
cg13165311	52	53	100
cg13181002	5	6	0
cg13185781	10	11	100
cg13192313	29	30	0
cg13192313	30	31	33.3333333333333
cg13192313	50	51	0
cg13193455	32	33	0
cg13194536	22	23	0
cg13194536	53	54	0
cg13228882	66	67	0
cg13228882	67	68	0
cg13278722	28	29	0
cg13278722	29	30	0
cg13278722	40	41	0
cg13278722	57	58	0
cg13278722	74	75	0
cg13288931	14	15	0
cg13288931	26	27	0
cg13288931	61	62	100
cg13313667	69	70	100
cg13313667	70	71	0
cg13331682	53	54	100
cg13374681	67	68	0
cg13374681	73	74	33.3333333333333
cg13402193	22	23	0
cg13402193	45	46	100
cg13402193	78	79	0
cg13477804	8	9	0
cg13477804	16	17	0
cg13477804	20	21	0
cg13477804	23	24	0
cg13477804	49	50	0
cg13477804	61	62	0
cg13486820	24	25	33.3333333333333
cg13486820	27	28	33.3333333333333
cg13486820	44	45	33.3333333333333
cg13487071	29	30	0
cg13487071	30	31	0
cg13548252	9	10	0
cg13548252	10	11	0
cg13548252	29	30	0
cg13548252	30	31	0
cg13548252	41	42	0
cg13548252	42	43	0
cg13548252	59	60	33.3333333333333
cg13548252	60	61	0
cg13548252	73	74	0
cg13551010	77	78	66.6666666666667
cg13589316	12	13	0
cg13604683	29	30	50
cg13604683	30	31	50
cg13660279	62	63	50
cg13660279	72	73	0
cg13677591	29	30	16.6666666666667
cg13677591	30	31	0
cg13694139	20	21	0
cg13694139	36	37	0
cg13694139	49	50	50
cg13694139	50	51	0
cg13694139	73	74	50
cg13694139	74	75	0
cg13694139	77	78	0
cg13694139	78	79	0
cg13702567	1	2	0
cg13702567	29	30	0
cg13702567	30	31	0
cg13702567	43	44	0
cg13702567	44	45	0
cg13702567	47	48	0
cg13702567	48	49	33.3333333333333
cg13732394	44	45	0
cg13732394	56	57	0
cg13732394	59	60	0
cg13739934	46	47	33.3333333333333
cg13739934	51	52	100
cg13739934	60	61	0
cg13739934	62	63	0
cg13739934	67	68	50
cg13739934	72	73	100
cg13739934	78	79	0
cg13753818	44	45	0
cg13766016	50	51	33.3333333333333
cg13766016	51	52	0
cg13768953	4	5	100
cg13768953	11	12	0
cg13768953	31	32	0
cg13768953	59	60	0
cg13800968	69	70	0
cg13834844	49	50	0
cg13834844	52	53	0
cg13837730	62	63	66.6666666666667
cg13837730	63	64	100
cg13848598	6	7	0
cg13848598	7	8	100
cg13848598	16	17	0
cg13848598	17	18	0
cg13848598	41	42	100
cg13848598	56	57	0
cg13848598	60	61	0
cg13848598	65	66	0
cg13854663	66	67	0
cg13854663	72	73	0
cg13901789	22	23	100
cg13901789	23	24	50
cg13901789	48	49	0
cg13906190	42	43	0
cg13906190	68	69	0
cg13906190	71	72	0
cg13906190	77	78	0
cg13909487	5	6	50
cg13909487	33	34	0
cg13909487	51	52	0
cg13909487	55	56	0
cg13909487	68	69	0
cg13922229	49	50	0
cg13971339	13	14	0
cg13971339	74	75	0
cg14001847	12	13	0
cg14005972	45	46	0
cg14005972	46	47	0
cg14012997	58	59	0
cg14012997	72	73	0
cg14012997	74	75	0
cg14019317	5	6	50
cg14019317	6	7	0
cg14019317	22	23	0
cg14019317	23	24	0
cg14020187	30	31	100
cg14033937	29	30	0
cg14033937	30	31	0
cg14043264	53	54	0
cg14043264	54	55	0
cg14044818	25	26	0
cg14136831	29	30	0
cg14136831	30	31	75
cg14136831	53	54	83.3333333333333
cg14136831	70	71	100
cg14140337	13	14	0
cg14140337	22	23	50
cg14160701	1	2	0
cg14160701	45	46	25
cg14160701	46	47	33.3333333333333
cg14190856	22	23	0
cg14190856	23	24	0
cg14190856	29	30	0
cg14190856	30	31	100
cg14190856	52	53	0
cg14190856	53	54	0
cg14190856	58	59	50
cg14190856	59	60	0
cg14241460	23	24	0
cg14241460	51	52	100
cg14241460	56	57	0
cg14241460	62	63	0
cg14244296	19	20	0
cg14255803	43	44	0
cg14255803	57	58	66.6666666666667
cg14255803	67	68	100
cg14255803	77	78	100
cg14299268	59	60	100
cg14306227	6	7	0
cg14306227	50	51	0
cg14306227	51	52	20
cg14311946	59	60	0
cg14311946	60	61	0
cg14333709	12	13	0
cg14333709	54	55	0
cg14334315	71	72	0
cg14334315	77	78	0
cg14360629	0	1	0
cg14361875	29	30	0
cg14361875	30	31	0
cg14387043	10	11	0
cg14387043	14	15	0
cg14387043	16	17	0
cg14415958	60	61	0
cg14427009	50	51	0
cg14427009	56	57	0
cg14427009	65	66	0
cg14444723	29	30	100
cg14444723	39	40	0
cg14459747	11	12	0
cg14459747	15	16	0
cg14467787	23	24	0
cg14467787	24	25	0
cg14467787	27	28	0
cg14467787	28	29	0
cg14467787	32	33	0
cg14467787	44	45	0
cg14467787	45	46	0
cg14467787	51	52	0
cg14467787	52	53	0
cg14467787	55	56	0
cg14467787	59	60	0
cg14491141	44	45	0
cg14491141	63	64	0
cg14503550	23	24	0
cg14503550	52	53	0
cg14503550	53	54	100
cg14503550	61	62	0
cg14503550	71	72	0
cg14518260	29	30	0
cg14518260	30	31	100
cg14523578	29	30	0
cg14523578	30	31	0
cg14523578	62	63	100
cg14523578	63	64	33.3333333333333
cg14525247	3	4	0
cg14525247	37	38	100
cg14525247	45	46	100
cg14525247	53	54	0
cg14525247	66	67	100
cg14536909	24	25	0
cg14536909	47	48	0
cg14550267	58	59	0
cg14666740	13	14	100
cg14666740	42	43	0
cg14666740	67	68	0
cg14666740	74	75	0
cg14667871	8	9	0
cg14667871	11	12	0
cg14667871	20	21	0
cg14667871	21	22	0
cg14667871	23	24	0
cg14667871	24	25	0
cg14667871	35	36	0
cg14667871	36	37	0
cg14667871	37	38	0
cg14667871	38	39	0
cg14667871	56	57	0
cg14667871	57	58	0
cg14667871	78	79	0
cg14702498	21	22	0
cg14702498	29	30	0
cg14702498	30	31	0
cg14702498	31	32	20
cg14715530	42	43	0
cg14715530	43	44	0
cg14715530	60	61	0
cg14715530	61	62	0
cg14728698	13	14	40
cg14728698	24	25	100
cg14728698	25	26	0
cg14741527	2	3	0
cg14741527	4	5	0
cg14778330	12	13	0
cg14778330	13	14	0
cg14778330	19	20	0
cg14778330	20	21	0
cg14778330	73	74	0
cg14778330	74	75	0
cg14783231	67	68	50
cg14783231	68	69	0
cg14788180	19	20	50
cg14801866	41	42	0
cg14801866	47	48	0
cg14815482	65	66	0
cg14815482	66	67	0
cg14815482	68	69	0
cg14815482	69	70	0
cg14850368	20	21	33.3333333333333
cg14850368	26	27	0
cg14880272	26	27	0
cg14880272	48	49	0
cg14880272	53	54	0
cg14880272	55	56	0
cg14880272	60	61	0
cg14880272	67	68	0
cg14880389	26	27	33.3333333333333
cg14880389	50	51	0
cg14880389	59	60	0
cg14890920	5	6	0
cg14890920	30	31	0
cg14890920	39	40	0
cg14911328	59	60	0
cg14911328	67	68	0
cg14911328	68	69	66.6666666666667
cg14940505	14	15	0
cg14940505	29	30	0
cg14940505	30	31	0
cg14940505	32	33	0
cg14940505	33	34	0
cg14940505	35	36	0
cg14940505	36	37	0
cg14940505	54	55	0
cg14940505	55	56	0
cg14973588	4	5	0
cg14977462	30	31	100
cg14977462	67	68	0
cg14977462	68	69	100
cg14991487	19	20	0
cg14991487	21	22	0
cg14991487	23	24	0
cg14991487	30	31	0
cg14991487	50	51	0
cg14991487	51	52	0
cg15004491	30	31	0
cg15004491	45	46	100
cg15004491	46	47	0
cg15004491	47	48	100
cg15004491	57	58	0
cg15004491	58	59	100
cg15010148	60	61	50
cg15012446	49	50	0
cg15012446	62	63	0
cg15012446	78	79	0
cg15028045	29	30	0
cg15028045	30	31	0
cg15043841	5	6	100
cg15043841	25	26	0
cg15043841	72	73	0
cg15073168	13	14	0
cg15073168	17	18	0
cg15073168	18	19	0
cg15073168	31	32	0
cg15073168	32	33	25
cg15073168	78	79	0
cg15075184	0	1	0
cg15099692	29	30	66.6666666666667
cg15099692	30	31	0
cg15109083	11	12	33.3333333333333
cg15154755	23	24	0
cg15166827	11	12	66.6666666666667
cg15166827	29	30	0
cg15166827	30	31	25
cg15189202	38	39	50
cg15189202	39	40	0
cg15214658	49	50	0
cg15214658	50	51	0
cg15217416	29	30	66.6666666666667
cg15217416	30	31	50
cg15219830	10	11	0
cg15219830	51	52	0
cg15219830	52	53	0
cg15221079	48	49	0
cg15221079	70	71	100
cg15234261	55	56	0
cg15234261	60	61	0
cg15262576	21	22	0
cg15262576	22	23	14.2857142857143
cg15416058	12	13	0
cg15416058	72	73	0
cg15437942	16	17	100
cg15437942	22	23	0
cg15437942	44	45	0
cg15437942	67	68	100
cg15503346	53	54	0
cg15503346	54	55	0
cg15503346	78	79	0
cg15516833	59	60	33.3333333333333
cg15516833	77	78	100
cg15545854	40	41	100
cg15545854	55	56	0
cg15545854	56	57	0
cg15545854	63	64	0
cg15545854	64	65	0
cg15555425	34	35	0
cg15555425	56	57	0
cg15555425	69	70	0
cg15566115	28	29	0
cg15566115	29	30	0
cg15566115	36	37	0
cg15566115	37	38	0
cg15566115	43	44	0
cg15566115	44	45	33.3333333333333
cg15597792	7	8	0
cg15597792	8	9	0
cg15597792	28	29	0
cg15597792	29	30	50
cg15597792	55	56	0
cg15597792	56	57	0
cg15608939	28	29	0
cg15608939	44	45	0
cg15608939	56	57	0
cg15639204	19	20	0
cg15639204	20	21	0
cg15650356	70	71	0
cg15650356	73	74	100
cg15659936	12	13	0
cg15659936	29	30	0
cg15693666	55	56	0
cg15693666	74	75	100
cg15711227	78	79	100
cg15713129	12	13	42.8571428571429
cg15713129	24	25	0
cg15713129	30	31	100
cg15723222	63	64	0
cg15723222	70	71	0
cg15723222	71	72	0
cg15726426	4	5	0
cg15726426	6	7	100
cg15726426	28	29	0
cg15726426	29	30	0
cg15726426	45	46	0
cg15726426	46	47	0
cg15726426	55	56	0
cg15726426	56	57	100
cg15726426	67	68	0
cg15741341	7	8	0
cg15746205	44	45	33.3333333333333
cg15788732	29	30	0
cg15788732	30	31	100
cg15823859	13	14	0
cg15823859	14	15	33.3333333333333
cg15823859	28	29	0
cg15834661	10	11	0
cg15834661	23	24	0
cg15834661	24	25	0
cg15834661	48	49	25
cg15834661	49	50	0
cg15846956	26	27	100
cg15846956	27	28	33.3333333333333
cg15846956	57	58	0
cg15846956	64	65	100
cg15846956	65	66	0
cg15890010	57	58	0
cg15890010	58	59	100
cg15903069	29	30	0
cg15913680	16	17	0
cg15913680	17	18	0
cg15913680	39	40	0
cg15913680	67	68	100
cg15944967	10	11	100
cg15944967	21	22	0
cg15944967	51	52	0
cg15944967	55	56	0
cg15944967	59	60	0
cg15944967	68	69	0
cg15944967	70	71	0
cg15952296	7	8	0
cg15957055	11	12	0
cg15957055	22	23	0
cg15957055	23	24	33.3333333333333
cg15957055	40	41	0
cg15957055	57	58	0
cg15957055	58	59	0
cg15957055	74	75	0
cg15988120	22	23	0
cg15988120	46	47	0
cg15998452	21	22	50
cg15998452	42	43	33.3333333333333
cg16006022	8	9	0
cg16006022	21	22	0
cg16006022	30	31	0
cg16006022	36	37	100
cg16006022	41	42	0
cg16046465	10	11	0
cg16046465	11	12	0
cg16046465	32	33	0
cg16046465	33	34	0
cg16046465	34	35	0
cg16046465	35	36	0
cg16046465	49	50	0
cg16046465	50	51	0
cg16046465	53	54	0
cg16046465	54	55	0
cg16046465	64	65	0
cg16046465	65	66	0
cg16046465	70	71	0
cg16046465	71	72	0
cg16071226	68	69	0
cg16073238	15	16	0
cg16073238	16	17	100
cg16073238	50	51	0
cg16077074	66	67	0
cg16077074	70	71	100
cg16095149	60	61	0
cg16095149	61	62	0
cg16095149	68	69	0
cg16095149	70	71	0
cg16095149	74	75	0
cg16102371	29	30	0
cg16102371	55	56	0
cg16103501	68	69	50
cg16103501	69	70	0
cg16113298	65	66	0
cg16118889	26	27	0
cg16124154	67	68	0
cg16124154	68	69	50
cg16188689	9	10	0
cg16188689	30	31	0
cg16188689	35	36	0
cg16197002	78	79	0
cg16264705	24	25	0
cg16264705	37	38	0
cg16264705	52	53	0
cg16267458	4	5	0
cg16267458	47	48	100
cg16290725	51	52	0
cg16295770	46	47	0
cg16313026	6	7	0
cg16313026	8	9	0
cg16313026	18	19	0
cg16313026	19	20	0
cg16313026	74	75	0
cg16346788	10	11	33.3333333333333
cg16346788	47	48	0
cg16346788	48	49	0
cg16384721	54	55	100
cg16384721	55	56	0
cg16427848	24	25	50
cg16434122	29	30	50
cg16434122	30	31	100
cg16434122	44	45	100
cg16435898	16	17	0
cg16435898	19	20	100
cg16435898	20	21	0
cg16435898	22	23	0
cg16435898	23	24	0
cg16435898	26	27	0
cg16435898	27	28	0
cg16435898	29	30	0
cg16435898	59	60	0
cg16435898	64	65	0
cg16435898	67	68	0
cg16437950	29	30	0
cg16437950	71	72	0
cg16442395	62	63	100
cg16442395	66	67	100
cg16456408	33	34	0
cg16456408	34	35	66.6666666666667
cg16456408	76	77	0
cg16456627	78	79	0
cg16468500	3	4	0
cg16468500	4	5	0
cg16468500	14	15	0
cg16468500	15	16	0
cg16468500	29	30	0
cg16468500	30	31	0
cg16468500	48	49	0
cg16468500	49	50	0
cg16468500	52	53	25
cg16501308	27	28	0
cg16501308	61	62	0
cg16524928	66	67	0
cg16534861	16	17	0
cg16534861	17	18	0
cg16534861	42	43	25
cg16534861	43	44	50
cg16534861	44	45	25
cg16534861	45	46	0
cg16534861	56	57	0
cg16561874	14	15	0
cg16561874	15	16	0
cg16561874	19	20	0
cg16561874	20	21	0
cg16561874	29	30	0
cg16561874	30	31	0
cg16561874	38	39	0
cg16561874	39	40	0
cg16561874	59	60	50
cg16561874	60	61	0
cg16561874	65	66	0
cg16561874	66	67	0
cg16566466	20	21	0
cg16566466	68	69	0
cg16573054	45	46	0
cg16595936	22	23	0
cg16595936	26	27	0
cg16606195	20	21	33.3333333333333
cg16606195	21	22	0
cg16606195	78	79	50
cg16632407	50	51	0
cg16632407	51	52	50
cg16633088	7	8	100
cg16658659	44	45	50
cg16658659	45	46	0
cg16658659	49	50	66.6666666666667
cg16658659	50	51	50
cg16658659	74	75	0
cg16675333	29	30	100
cg16675333	54	55	0
cg16675333	69	70	0
cg16675686	30	31	0
cg16678811	20	21	0
cg16684539	77	78	100
cg16692317	5	6	0
cg16692317	13	14	0
cg16692317	17	18	100
cg16692317	26	27	0
cg16692317	29	30	0
cg16736307	31	32	0
cg16743922	3	4	100
cg16744551	62	63	50
cg16744551	63	64	0
cg16744551	67	68	0
cg16744551	68	69	0
cg16744551	69	70	0
cg16744551	70	71	0
cg16744551	71	72	0
cg16744551	72	73	0
cg16761811	28	29	0
cg16839209	3	4	0
cg16839209	8	9	0
cg16839209	9	10	66.6666666666667
cg16839209	29	30	0
cg16839209	30	31	83.3333333333333
cg16839209	35	36	16.6666666666667
cg16839209	36	37	60
cg16839209	44	45	0
cg16839209	45	46	50
cg16848740	66	67	100
cg16848740	74	75	50
cg16862911	67	68	0
cg16872560	66	67	100
cg16873877	25	26	100
cg16873877	40	41	0
cg16908172	22	23	100
cg16908172	23	24	0
cg16908172	37	38	100
cg16908172	38	39	0
cg16925789	72	73	100
cg16948650	21	22	50
cg16965558	4	5	0
cg16965558	27	28	100
cg16965558	32	33	28.5714285714286
cg16986738	29	30	66.6666666666667
cg16986738	30	31	0
cg16986738	50	51	100
cg16986738	51	52	0
cg17030233	16	17	0
cg17030233	28	29	0
cg17030233	30	31	0
cg17037716	43	44	0
cg17037716	46	47	0
cg17037716	63	64	66.6666666666667
cg17037716	64	65	0
cg17050836	14	15	0
cg17050836	15	16	33.3333333333333
cg17057912	26	27	0
cg17057912	27	28	0
cg17057912	29	30	0
cg17057912	30	31	0
cg17057912	48	49	50
cg17057912	49	50	0
cg17057912	50	51	0
cg17057912	51	52	0
cg17057912	61	62	0
cg17057912	62	63	0
cg17061244	23	24	0
cg17061244	44	45	0
cg17061244	56	57	0
cg17061244	65	66	100
cg17061244	73	74	100
cg17118421	39	40	100
cg17137627	54	55	33.3333333333333
cg17152918	21	22	0
cg17177455	1	2	0
cg17177455	21	22	0
cg17183991	20	21	33.3333333333333
cg17203619	67	68	0
cg17203619	68	69	50
cg17206772	58	59	100
cg17212850	28	29	0
cg17212850	29	30	0
cg17257156	29	30	0
cg17257156	49	50	0
cg17307267	46	47	0
cg17329011	73	74	0
cg17398634	27	28	0
cg17398634	32	33	0
cg17417202	2	3	0
cg17417202	3	4	0
cg17417202	4	5	0
cg17417202	5	6	0
cg17417202	16	17	0
cg17417202	17	18	0
cg17417202	29	30	0
cg17417202	30	31	0
cg17417202	34	35	25
cg17417202	35	36	0
cg17417202	53	54	0
cg17417202	54	55	0
cg17426532	53	54	0
cg17426532	69	70	0
cg17435471	1	2	0
cg17435471	2	3	0
cg17435471	36	37	0
cg17435471	68	69	0
cg17437489	30	31	0
cg17437489	60	61	100
cg17517572	31	32	50
cg17523323	70	71	0
cg17537062	52	53	0
cg17537062	57	58	0
cg17537062	59	60	0
cg17548032	6	7	0
cg17548032	7	8	0
cg17609931	14	15	0
cg17609931	15	16	0
cg17609931	18	19	0
cg17609931	23	24	33.3333333333333
cg17609931	24	25	0
cg17609931	27	28	0
cg17609931	28	29	0
cg17609931	39	40	0
cg17609931	40	41	0
cg17609931	68	69	0
cg17609931	71	72	0
cg17609931	73	74	0
cg17609931	77	78	0
cg17644722	9	10	0
cg17662507	29	30	100
cg17662507	30	31	0
cg17679682	37	38	0
cg17696987	64	65	0
cg17696987	65	66	0
cg17702917	65	66	0
cg17711361	7	8	0
cg17711361	8	9	20
cg17711361	28	29	100
cg17711361	53	54	0
cg17711361	58	59	0
cg17726355	30	31	0
cg17726355	63	64	0
cg17726355	64	65	0
cg17764331	50	51	0
cg17769560	4	5	0
cg17769560	59	60	50
cg17769560	78	79	0
cg17854644	69	70	100
cg17854644	78	79	0
cg17905888	36	37	0
cg17923358	28	29	0
cg17923358	47	48	0
cg17923358	48	49	0
cg17923358	52	53	0
cg17923358	53	54	0
cg17942031	70	71	0
cg17942031	71	72	0
cg17942396	51	52	0
cg17957186	5	6	100
cg17957186	38	39	0
cg17957186	68	69	0
cg17957186	69	70	0
cg17961335	10	11	100
cg17961335	11	12	0
cg17961335	62	63	0
cg17997082	1	2	0
cg17997082	3	4	100
cg17997082	67	68	0
cg18010822	54	55	0
cg18014720	26	27	0
cg18089077	53	54	0
cg18120675	7	8	0
cg18120675	8	9	0
cg18120675	24	25	0
cg18120675	35	36	16.6666666666667
cg18120675	36	37	0
cg18120675	38	39	9.09090909090909
cg18120675	39	40	50
cg18120675	52	53	0
cg18120675	53	54	0
cg18120675	54	55	0
cg18120675	55	56	0
cg18120675	60	61	0
cg18120675	61	62	0
cg18135595	29	30	100
cg18135595	30	31	33.3333333333333
cg18135595	65	66	33.3333333333333
cg18149227	61	62	50
cg18149227	62	63	0
cg18153575	21	22	0
cg18192799	35	36	0
cg18192799	40	41	100
cg18192799	51	52	0
cg18192799	61	62	0
cg18221275	16	17	0
cg18221275	17	18	0
cg18221275	55	56	0
cg18221275	56	57	0
cg18243072	9	10	0
cg18243072	66	67	0
cg18257298	67	68	0
cg18257298	70	71	0
cg18257298	73	74	0
cg18266944	56	57	0
cg18266944	57	58	100
cg18271715	18	19	33.3333333333333
cg18271715	69	70	0
cg18277399	62	63	0
cg18278083	14	15	0
cg18278083	23	24	25
cg18278083	24	25	0
cg18278083	38	39	0
cg18278083	66	67	0
cg18278083	67	68	100
cg18278971	29	30	0
cg18278971	30	31	0
cg18284930	24	25	0
cg18284930	25	26	0
cg18284930	26	27	0
cg18284930	27	28	0
cg18299578	1	2	0
cg18299578	5	6	0
cg18299578	6	7	33.3333333333333
cg18299578	8	9	0
cg18299578	9	10	33.3333333333333
cg18299578	11	12	0
cg18299578	12	13	0
cg18299578	29	30	0
cg18299578	30	31	50
cg18299578	74	75	0
cg18304538	15	16	0
cg18304538	17	18	0
cg18304538	29	30	0
cg18304538	30	31	50
cg18306254	53	54	0
cg18331800	58	59	0
cg18331800	65	66	0
cg18331800	66	67	0
cg18334734	29	30	0
cg18342041	8	9	66.6666666666667
cg18342041	38	39	0
cg18394148	4	5	0
cg18394148	6	7	0
cg18394148	22	23	0
cg18394148	23	24	0
cg18394148	30	31	0
cg18394148	31	32	0
cg18394148	44	45	50
cg18394148	45	46	0
cg18394148	52	53	25
cg18394148	53	54	0
cg18394148	60	61	0
cg18394148	61	62	0
cg18394148	65	66	0
cg18394148	74	75	0
cg18397523	23	24	0
cg18397523	37	38	0
cg18459384	53	54	50
cg18459384	54	55	0
cg18459384	62	63	50
cg18459384	69	70	50
cg18480384	22	23	0
cg18480384	28	29	0
cg18488855	9	10	0
cg18488855	10	11	0
cg18488855	11	12	0
cg18488855	12	13	0
cg18488855	17	18	0
cg18488855	18	19	0
cg18488855	20	21	0
cg18488855	21	22	0
cg18488855	55	56	0
cg18501647	11	12	33.3333333333333
cg18501647	13	14	0
cg18501647	46	47	0
cg18501647	56	57	0
cg18531946	16	17	0
cg18531946	64	65	0
cg18532887	19	20	0
cg18532887	20	21	0
cg18541104	9	10	50
cg18541104	25	26	0
cg18560297	59	60	100
cg18629679	29	30	100
cg18659931	22	23	0
cg18663696	30	31	100
cg18678822	29	30	0
cg18678822	30	31	0
cg18743610	77	78	0
cg18760617	52	53	50
cg18760617	53	54	50
cg18760617	54	55	100
cg18760617	55	56	33.3333333333333
cg18760617	67	68	100
cg18760617	68	69	0
cg18780131	12	13	0
cg18780131	17	18	0
cg18780131	29	30	0
cg18780131	32	33	0
cg18780131	55	56	0
cg18802184	8	9	0
cg18802184	15	16	0
cg18802184	16	17	0
cg18802184	33	34	0
cg18802184	34	35	0
cg18802184	50	51	0
cg18802184	51	52	0
cg18802184	73	74	0
cg18809102	12	13	0
cg18809102	27	28	0
cg18809102	28	29	0
cg18809102	38	39	0
cg18809102	39	40	0
cg18821963	3	4	0
cg18821963	19	20	0
cg18821963	20	21	0
cg18821963	30	31	0
cg18821963	31	32	0
cg18821963	32	33	0
cg18821963	33	34	0
cg18821963	46	47	28.5714285714286
cg18821963	47	48	0
cg18821963	61	62	0
cg18821963	62	63	0
cg18821963	64	65	0
cg18821963	65	66	0
cg18845660	45	46	50
cg18849004	68	69	100
cg18849004	69	70	0
cg18849004	75	76	0
cg18907778	3	4	0
cg18907778	37	38	0
cg18907778	38	39	0
cg18919816	54	55	0
cg18919816	61	62	0
cg18919816	72	73	0
cg18922837	78	79	0
cg18937940	29	30	0
cg18940406	61	62	0
cg18968947	18	19	0
cg18972426	32	33	0
cg18977692	41	42	100
cg18977692	67	68	0
cg19011483	64	65	0
cg19028261	13	14	0
cg19028261	64	65	0
cg19044063	10	11	0
cg19044063	11	12	0
cg19044063	14	15	0
cg19044063	18	19	0
cg19044063	57	58	0
cg19050854	9	10	100
cg19050854	52	53	50
cg19107290	3	4	100
cg19107290	6	7	0
cg19107290	7	8	0
cg19107290	9	10	0
cg19107290	10	11	100
cg19107290	17	18	0
cg19107290	65	66	0
cg19107537	25	26	0
cg19107537	29	30	0
cg19107537	30	31	100
cg19107537	66	67	0
cg19107537	67	68	33.3333333333333
cg19117962	23	24	0
cg19117962	28	29	0
cg19117962	68	69	25
cg19117962	72	73	42.8571428571429
cg19121679	18	19	100
cg19121679	19	20	100
cg19121679	22	23	100
cg19121679	23	24	100
cg19133511	28	29	0
cg19169532	61	62	100
cg19169532	62	63	0
cg19175123	2	3	100
cg19175123	78	79	0
cg19208044	60	61	0
cg19223789	45	46	100
cg19234378	28	29	0
cg19234378	29	30	0
cg19234378	53	54	0
cg19234378	55	56	0
cg19234378	69	70	0
cg19243613	19	20	100
cg19243613	38	39	100
cg19269352	9	10	0
cg19269352	42	43	0
cg19291109	75	76	0
cg19292353	29	30	0
cg19292353	48	49	0
cg19292353	49	50	0
cg19292353	76	77	50
cg19314788	6	7	25
cg19314788	18	19	0
cg19345073	59	60	0
cg19355530	23	24	0
cg19355530	24	25	100
cg19355530	32	33	33.3333333333333
cg19355530	33	34	50
cg19355530	35	36	25
cg19355530	36	37	0
cg19355530	69	70	0
cg19355776	70	71	0
cg19461192	32	33	0
cg19461192	43	44	0
cg19461192	66	67	100
cg19461192	67	68	0
cg19549894	14	15	0
cg19549894	23	24	0
cg19549894	24	25	0
cg19549894	26	27	0
cg19549894	27	28	0
cg19549894	61	62	0
cg19549894	62	63	0
cg19555331	58	59	0
cg19560915	51	52	100
cg19560915	52	53	40
cg19591642	69	70	0
cg19591642	70	71	100
cg19615998	69	70	0
cg19631884	0	1	0
cg19631884	9	10	0
cg19631884	41	42	0
cg19631884	67	68	0
cg19631884	75	76	0
cg19631884	77	78	0
cg19658834	2	3	0
cg19658834	29	30	0
cg19658834	30	31	0
cg19665667	59	60	0
cg19683772	15	16	0
cg19702779	10	11	0
cg19702779	11	12	50
cg19702779	56	57	0
cg19722977	77	78	0
cg19785357	26	27	0
cg19804266	60	61	100
cg19804266	61	62	0
cg19818130	5	6	0
cg19818130	6	7	0
cg19828220	37	38	0
cg19828220	41	42	0
cg19828220	45	46	0
cg19828220	57	58	0
cg19828220	60	61	0
cg19828220	63	64	0
cg19828220	70	71	0
cg19833686	50	51	0
cg19833686	69	70	100
cg19839747	26	27	0
cg19839747	59	60	0
cg19860820	6	7	0
cg19860820	37	38	0
cg19868479	19	20	0
cg19868479	22	23	50
cg19873240	20	21	0
cg19873240	41	42	0
cg19873240	76	77	0
cg19912855	59	60	0
cg19915213	49	50	0
cg19915213	50	51	0
cg19915213	72	73	0
cg19929340	32	33	0
cg19929340	33	34	0
cg19936176	6	7	100
cg19936176	36	37	0
cg19936176	37	38	0
cg19936176	47	48	0
cg19936176	54	55	0
cg19936176	58	59	0
cg19936176	67	68	0
cg19936176	70	71	0
cg19936176	73	74	0
cg19939065	19	20	0
cg19939065	36	37	50
cg19939065	49	50	0
cg19939065	69	70	0
cg19982295	8	9	0
cg19982295	73	74	0
cg20006236	77	78	0
cg20011459	26	27	50
cg20042949	4	5	0
cg20078099	9	10	0
cg20126035	16	17	0
cg20126035	17	18	0
cg20126035	41	42	25
cg20126035	42	43	0
cg20126035	49	50	0
cg20149183	16	17	0
cg20149183	19	20	0
cg20149183	57	58	0
cg20149183	61	62	0
cg20161627	47	48	0
cg20162381	14	15	100
cg20162381	15	16	0
cg20162381	21	22	100
cg20162381	22	23	0
cg20162381	32	33	0
cg20162381	33	34	0
cg20162381	40	41	0
cg20162381	41	42	0
cg20162381	69	70	0
cg20168281	8	9	0
cg20168721	76	77	100
cg20169907	58	59	0
cg20186843	30	31	0
cg20192941	52	53	0
cg20192941	53	54	0
cg20199880	4	5	0
cg20242875	12	13	0
cg20242875	13	14	0
cg20242875	15	16	33.3333333333333
cg20242875	19	20	0
cg20242875	20	21	100
cg20242875	64	65	0
cg20242875	65	66	0
cg20242875	67	68	0
cg20242875	68	69	0
cg20242875	77	78	0
cg20257486	67	68	100
cg20265375	57	58	50
cg20265375	58	59	0
cg20265375	75	76	0
cg20265375	76	77	0
cg20291049	18	19	0
cg20291049	21	22	0
cg20291049	30	31	0
cg20291049	54	55	0
cg20291049	72	73	0
cg20312798	15	16	0
cg20312798	28	29	0
cg20312798	58	59	0
cg20312798	68	69	0
cg20346209	25	26	33.3333333333333
cg20346209	26	27	100
cg20346209	71	72	0
cg20358314	33	34	0
cg20358438	20	21	0
cg20358438	21	22	0
cg20358438	27	28	0
cg20358438	28	29	33.3333333333333
cg20358438	49	50	20
cg20358438	50	51	0
cg20358438	73	74	0
cg20358438	74	75	20
cg20359134	29	30	0
cg20359134	30	31	50
cg20377527	71	72	0
cg20382445	60	61	0
cg20382445	61	62	66.6666666666667
cg20382445	63	64	0
cg20382445	64	65	66.6666666666667
cg20412711	29	30	0
cg20412711	30	31	0
cg20422755	29	30	0
cg20422755	30	31	0
cg20422755	45	46	0
cg20422755	62	63	0
cg20424596	16	17	0
cg20424596	59	60	100
cg20424596	60	61	0
cg20424596	61	62	0
cg20424596	62	63	50
cg20425337	28	29	50
cg20425337	29	30	0
cg20425337	35	36	100
cg20425337	36	37	0
cg20425337	63	64	10
cg20462566	46	47	66.6666666666667
cg20462566	47	48	0
cg20462566	61	62	0
cg20462566	62	63	50
cg20469625	61	62	0
cg20469625	62	63	100
cg20477718	21	22	0
cg20477718	29	30	0
cg20477718	30	31	0
cg20477718	40	41	25
cg20477718	44	45	0
cg20508712	13	14	0
cg20545104	10	11	0
cg20545104	16	17	0
cg20545104	19	20	0
cg20545104	25	26	0
cg20545104	28	29	0
cg20568292	0	1	100
cg20568292	10	11	50
cg20568292	11	12	0
cg20568292	12	13	50
cg20568292	13	14	0
cg20568292	17	18	75
cg20568292	18	19	0
cg20568292	20	21	66.6666666666667
cg20568292	21	22	0
cg20568292	24	25	66.6666666666667
cg20568292	25	26	0
cg20568292	30	31	0
cg20568292	31	32	50
cg20568292	35	36	75
cg20568292	36	37	50
cg20568292	70	71	0
cg20568292	71	72	11.1111111111111
cg20609321	30	31	0
cg20609321	62	63	0
cg20615449	51	52	0
cg20615601	29	30	0
cg20615601	30	31	0
cg20638025	13	14	100
cg20638025	41	42	0
cg20651417	3	4	0
cg20656725	59	60	0
cg20656725	60	61	0
cg20687703	10	11	0
cg20687703	11	12	20
cg20687703	14	15	0
cg20687703	15	16	16.6666666666667
cg20687703	23	24	0
cg20687703	24	25	0
cg20687703	39	40	0
cg20687703	40	41	0
cg20687703	54	55	0
cg20687703	55	56	0
cg20687703	72	73	33.3333333333333
cg20687703	73	74	0
cg20718201	22	23	0
cg20718201	23	24	100
cg20718201	59	60	0
cg20766695	26	27	0
cg20778365	46	47	0
cg20785169	23	24	100
cg20785169	60	61	50
cg20805191	70	71	33.3333333333333
cg20821442	62	63	25
cg20823439	27	28	0
cg20823439	28	29	0
cg20823439	54	55	0
cg20826688	29	30	33.3333333333333
cg20826688	30	31	0
cg20829742	78	79	0
cg20843173	55	56	33.3333333333333
cg20843173	56	57	66.6666666666667
cg20872072	3	4	0
cg20872072	25	26	27.7777777777778
cg20872072	26	27	0
cg20872072	78	79	100
cg20909027	14	15	0
cg20909027	29	30	75
cg20909027	30	31	75
cg20909027	73	74	0
cg20916989	21	22	0
cg20916989	22	23	0
cg20916989	29	30	33.3333333333333
cg20916989	30	31	33.3333333333333
cg20916989	44	45	50
cg20916989	45	46	50
cg20925142	12	13	0
cg20925142	55	56	33.3333333333333
cg20950377	4	5	0
cg20950377	19	20	50
cg20950377	42	43	100
cg20953704	26	27	0
cg20960545	16	17	0
cg20960545	17	18	100
cg20960545	30	31	100
cg20960545	45	46	0
cg20960545	46	47	0
cg21027178	25	26	0
cg21027178	26	27	0
cg21027178	45	46	0
cg21027178	73	74	0
cg21027282	23	24	0
cg21030623	23	24	0
cg21030623	25	26	100
cg21030623	30	31	0
cg21030623	51	52	100
cg21030623	52	53	0
cg21046297	45	46	100
cg21046297	46	47	0
cg21046297	49	50	0
cg21046297	50	51	0
cg21067017	4	5	100
cg21067017	13	14	100
cg21067017	14	15	0
cg21067017	20	21	0
cg21067017	22	23	0
cg21075112	62	63	0
cg21097283	30	31	0
cg21097283	70	71	50
cg21107288	29	30	50
cg21107288	30	31	100
cg21115959	57	58	0
cg21117683	46	47	0
cg21155517	4	5	0
cg21166964	5	6	0
cg21166964	10	11	0
cg21177673	20	21	0
cg21177673	30	31	0
cg21181292	38	39	20
cg21181292	60	61	0
cg21181292	61	62	100
cg21187101	6	7	0
cg21187101	47	48	100
cg21187101	59	60	0
cg21199453	77	78	0
cg21206637	43	44	100
cg21206637	44	45	50
cg21258436	63	64	33.3333333333333
cg21274598	52	53	0
cg21274598	76	77	0
cg21288677	34	35	0
cg21294440	3	4	0
cg21294440	9	10	0
cg21294440	11	12	0
cg21294440	14	15	0
cg21294440	67	68	0
cg21314020	16	17	33.3333333333333
cg21314020	17	18	0
cg21314020	61	62	0
cg21314020	62	63	0
cg21329093	70	71	0
cg21333598	68	69	0
cg21333598	69	70	100
cg21344984	4	5	100
cg21344984	5	6	0
cg21344984	14	15	0
cg21344984	37	38	0
cg21344984	39	40	0
cg21344984	52	53	0
cg21344984	65	66	0
cg21344984	74	75	0
cg21392555	55	56	50
cg21423577	11	12	100
cg21452781	29	30	0
cg21452781	30	31	0
cg21474882	9	10	100
cg21474882	32	33	0
cg21476366	41	42	0
cg21476366	50	51	0
cg21489919	27	28	0
cg21489919	28	29	0
cg21503553	23	24	0
cg21516079	3	4	0
cg21520769	30	31	0
cg21520769	51	52	0
cg21526720	14	15	50
cg21526720	15	16	0
cg21532698	37	38	0
cg21532698	68	69	100
cg21576760	76	77	100
cg21607628	51	52	0
cg21621248	22	23	0
cg21654796	53	54	0
cg21654796	62	63	0
cg21654796	72	73	0
cg21684886	68	69	33.3333333333333
cg21692288	49	50	0
cg21712213	60	61	50
cg21714079	24	25	0
cg21714079	46	47	100
cg21753180	25	26	0
cg21753180	26	27	0
cg21753180	52	53	0
cg21753180	53	54	0
cg21762820	29	30	0
cg21762820	30	31	0
cg21762820	63	64	0
cg21762820	64	65	0
cg21767196	16	17	100
cg21767196	17	18	0
cg21767196	31	32	0
cg21767196	49	50	0
cg21767196	50	51	100
cg21767196	53	54	0
cg21767196	54	55	0
cg21767196	63	64	0
cg21767196	74	75	0
cg21797039	22	23	100
cg21801378	6	7	33.3333333333333
cg21801378	19	20	0
cg21801378	20	21	0
cg21801378	34	35	33.3333333333333
cg21801378	35	36	20
cg21801378	37	38	0
cg21801378	38	39	0
cg21801378	55	56	0
cg21801378	56	57	50
cg21820842	9	10	0
cg21820842	52	53	0
cg21820842	53	54	100
cg21836885	29	30	0
cg21836885	30	31	0
cg21836885	79	80	0
cg21849844	12	13	0
cg21849844	40	41	0
cg21849844	41	42	0
cg21849844	60	61	0
cg21849844	61	62	66.6666666666667
cg21871721	25	26	33.3333333333333
cg21871721	26	27	33.3333333333333
cg21871721	38	39	0
cg21871721	39	40	0
cg21871721	64	65	100
cg21876626	7	8	0
cg21876626	8	9	0
cg21876626	19	20	100
cg21876626	20	21	0
cg21876626	26	27	33.3333333333333
cg21876626	27	28	0
cg21876626	48	49	33.3333333333333
cg21876626	49	50	0
cg21876626	57	58	0
cg21876626	58	59	0
cg21876626	71	72	0
cg21876626	72	73	0
cg21881832	71	72	100
cg21887986	25	26	0
cg21887986	26	27	0
cg21917706	55	56	0
cg21921063	2	3	0
cg21921063	17	18	0
cg21921063	18	19	0
cg21973311	12	13	33.3333333333333
cg21973311	18	19	0
cg21973311	19	20	0
cg21973311	50	51	0
cg21973311	51	52	0
cg22029297	64	65	0
cg22029297	65	66	0
cg22031066	7	8	50
cg22040516	23	24	100
cg22044564	4	5	0
cg22044564	20	21	100
cg22044564	28	29	0
cg22044564	29	30	0
cg22044564	47	48	0
cg22044564	54	55	0
cg22053627	22	23	0
cg22053627	30	31	0
cg22057720	55	56	100
cg22057720	64	65	0
cg22069272	10	11	100
cg22069272	65	66	0
cg22070406	42	43	50
cg22075146	27	28	0
cg22075146	49	50	0
cg22075146	71	72	100
cg22097199	38	39	0
cg22097199	39	40	0
cg22097199	74	75	0
cg22103215	56	57	100
cg22191805	16	17	0
cg22223787	45	46	66.6666666666667
cg22239730	52	53	50
cg22239730	57	58	0
cg22239730	58	59	0
cg22249391	53	54	0
cg22290035	49	50	0
cg22290035	50	51	100
cg22290035	52	53	100
cg22290035	53	54	0
cg22310761	13	14	0
cg22310761	36	37	0
cg22310761	48	49	33.3333333333333
cg22311716	28	29	0
cg22311716	29	30	33.3333333333333
cg22316499	78	79	100
cg22320967	50	51	0
cg22358400	38	39	0
cg22379728	10	11	50
cg22381406	19	20	0
cg22381406	20	21	33.3333333333333
cg22397546	21	22	0
cg22409694	25	26	0
cg22409694	77	78	50
cg22419039	39	40	0
cg22419039	44	45	0
cg22469358	74	75	100
cg22472903	5	6	0
cg22479030	19	20	0
cg22529808	30	31	33.3333333333333
cg22543683	47	48	0
cg22543683	48	49	33.3333333333333
cg22543683	49	50	0
cg22543683	50	51	66.6666666666667
cg22543683	68	69	0
cg22543683	69	70	50
cg22543683	70	71	0
cg22543683	71	72	50
cg22598885	3	4	50
cg22598885	7	8	0
cg22598885	9	10	0
cg22598885	30	31	0
cg22603530	4	5	0
cg22603530	13	14	0
cg22603530	14	15	0
cg22603530	29	30	50
cg22603530	30	31	0
cg22603530	45	46	0
cg22603530	46	47	50
cg22603530	51	52	0
cg22603530	52	53	50
cg22704389	71	72	0
cg22714777	8	9	0
cg22714777	20	21	0
cg22714777	22	23	50
cg22714777	41	42	0
cg22714777	50	51	0
cg22719669	52	53	11.1111111111111
cg22724078	16	17	0
cg22724078	48	49	25
cg22728816	36	37	0
cg22728816	37	38	100
cg22750057	13	14	0
cg22750057	21	22	0
cg22750057	22	23	50
cg22750057	31	32	0
cg22750057	32	33	0
cg22777952	30	31	100
cg22777952	33	34	100
cg22861867	21	22	100
cg22861867	30	31	0
cg22861867	51	52	0
cg22875689	25	26	0
cg22875689	26	27	0
cg22875689	73	74	0
cg22875689	74	75	0
cg22907348	57	58	100
cg22907348	58	59	0
cg22914892	26	27	0
cg22916990	20	21	0
cg22916990	26	27	0
cg22916990	59	60	100
cg22971559	29	30	0
cg22971559	30	31	16.6666666666667
cg22971559	42	43	0
cg22971559	43	44	0
cg22972602	7	8	0
cg22972602	16	17	0
cg22972602	18	19	0
cg22972602	29	30	0
cg22972602	36	37	0
cg22972602	40	41	0
cg22972602	73	74	0
cg22979709	18	19	0
cg22993731	46	47	0
cg22993731	66	67	0
cg23001199	49	50	100
cg23001199	51	52	0
cg23001333	16	17	0
cg23037611	6	7	0
cg23037611	7	8	100
cg23037611	13	14	0
cg23037611	62	63	50
cg23037611	64	65	0
cg23037611	67	68	0
cg23055029	23	24	0
cg23055029	37	38	50
cg23055029	38	39	0
cg23055029	44	45	50
cg23055029	52	53	0
cg23055029	60	61	0
cg23055029	65	66	0
cg23055029	67	68	0
cg23055029	70	71	0
cg23055029	71	72	0
cg23059642	13	14	0
cg23059642	17	18	0
cg23059642	70	71	0
cg23068674	2	3	0
cg23068674	8	9	0
cg23068674	38	39	0
cg23068674	61	62	0
cg23076498	31	32	0
cg23076498	32	33	100
cg23081020	57	58	0
cg23081020	59	60	0
cg23087015	31	32	100
cg23087015	33	34	100
cg23087015	50	51	0
cg23087015	58	59	100
cg23091488	29	30	50
cg23091488	30	31	0
cg23091488	56	57	50
cg23091488	57	58	0
cg23110082	16	17	0
cg23110082	17	18	0
cg23110082	67	68	0
cg23114866	20	21	33.3333333333333
cg23114866	50	51	0
cg23114866	63	64	0
cg23114866	64	65	0
cg23114866	65	66	0
cg23114866	66	67	100
cg23143204	12	13	0
cg23143204	64	65	0
cg23146472	18	19	0
cg23146472	19	20	0
cg23146472	31	32	0
cg23146472	32	33	0
cg23146472	42	43	0
cg23146472	52	53	0
cg23146472	53	54	0
cg23146717	61	62	0
cg23146717	76	77	100
cg23189934	57	58	0
cg23189934	58	59	100
cg23194993	21	22	100
cg23195996	21	22	0
cg23195996	22	23	0
cg23195996	29	30	33.3333333333333
cg23195996	30	31	0
cg23195996	39	40	25
cg23195996	40	41	0
cg23195996	52	53	0
cg23195996	53	54	0
cg23195996	78	79	0
cg23197154	12	13	0
cg23197154	13	14	0
cg23197560	15	16	0
cg23197560	35	36	0
cg23197560	44	45	0
cg23197560	45	46	0
cg23222370	21	22	50
cg23222370	24	25	100
cg23252799	20	21	0
cg23266866	58	59	0
cg23302461	26	27	0
cg23302461	27	28	0
cg23302461	29	30	0
cg23302461	30	31	0
cg23302461	77	78	100
cg23318877	30	31	0
cg23384377	30	31	50
cg23423113	63	64	50
cg23423113	64	65	100
cg23425044	22	23	100
cg23425044	23	24	0
cg23496355	15	16	0
cg23582869	49	50	0
cg23582869	50	51	0
cg23582869	56	57	50
cg23582869	57	58	0
cg23582869	63	64	0
cg23582869	64	65	50
cg23626248	10	11	33.3333333333333
cg23626248	11	12	100
cg23626248	29	30	0
cg23626248	30	31	50
cg23630163	24	25	0
cg23630163	50	51	0
cg23643259	68	69	0
cg23644927	12	13	33.3333333333333
cg23644927	16	17	0
cg23677945	22	23	0
cg23677945	23	24	25
cg23678852	9	10	0
cg23678852	16	17	0
cg23678852	28	29	33.3333333333333
cg23678852	67	68	0
cg23683971	8	9	50
cg23683971	9	10	0
cg23683971	49	50	0
cg23693668	9	10	100
cg23743304	12	13	0
cg23743304	13	14	0
cg23743304	14	15	0
cg23743304	15	16	0
cg23743304	24	25	0
cg23743304	25	26	0
cg23743304	32	33	50
cg23743304	33	34	0
cg23743304	50	51	0
cg23743304	51	52	100
cg23743304	56	57	0
cg23743304	70	71	0
cg23743304	71	72	25
cg23743304	74	75	0
cg23743304	79	80	100
cg23746998	71	72	100
cg23758053	6	7	0
cg23758053	8	9	100
cg23758053	74	75	100
cg23767994	17	18	0
cg23767994	29	30	0
cg23767994	30	31	0
cg23778391	62	63	0
cg23778391	63	64	0
cg23778391	78	79	0
cg23793099	57	58	50
cg23793099	68	69	80
cg23797553	15	16	0
cg23829949	59	60	0
cg23845691	30	31	50
cg23865846	50	51	0
cg23869573	46	47	16.6666666666667
cg23869573	77	78	50
cg23895839	41	42	0
cg23895839	42	43	0
cg23895839	49	50	0
cg23895839	50	51	0
cg23895839	67	68	0
cg23895839	68	69	0
cg23923649	5	6	0
cg23925685	17	18	0
cg23925685	18	19	0
cg23925685	45	46	0
cg23925685	46	47	0
cg23925685	71	72	0
cg23931730	26	27	0
cg23931730	31	32	100
cg23931730	61	62	0
cg23931730	62	63	0
cg23934404	54	55	0
cg23934404	55	56	0
cg23934404	72	73	0
cg23934404	73	74	0
cg23934404	77	78	0
cg23985931	29	30	100
cg23985931	71	72	0
cg23985931	72	73	0
cg23993631	24	25	100
cg24018680	29	30	0
cg24018680	56	57	0
cg24023187	37	38	100
cg24081688	14	15	0
cg24081688	41	42	0
cg24082948	21	22	0
cg24082948	77	78	0
cg24087602	20	21	50
cg24113826	30	31	100
cg24117712	17	18	0
cg24117712	19	20	0
cg24117712	29	30	100
cg24117712	30	31	0
cg24117712	39	40	0
cg24117712	61	62	50
cg24124633	2	3	100
cg24124633	5	6	0
cg24178740	17	18	0
cg24178740	45	46	0
cg24178740	46	47	0
cg24178740	59	60	0
cg24181917	46	47	0
cg24181917	47	48	100
cg24181917	49	50	0
cg24181917	50	51	100
cg24186396	39	40	0
cg24186396	57	58	0
cg24186396	58	59	0
cg24186396	67	68	0
cg24208587	47	48	0
cg24208587	61	62	0
cg24226527	55	56	66.6666666666667
cg24226527	58	59	0
cg24226527	77	78	0
cg24226527	78	79	0
cg24240262	24	25	0
cg24240262	59	60	0
cg24240262	60	61	0
cg24255409	18	19	0
cg24255409	21	22	0
cg24255409	24	25	0
cg24255409	33	34	0
cg24261834	30	31	33.3333333333333
cg24261834	49	50	0
cg24261834	50	51	0
cg24265558	15	16	0
cg24265558	16	17	0
cg24265558	41	42	0
cg24265558	56	57	0
cg24265610	21	22	60
cg24265610	25	26	0
cg24265610	26	27	0
cg24265610	42	43	0
cg24270763	32	33	0
cg24293580	46	47	0
cg24293580	47	48	0
cg24293580	52	53	0
cg24293580	62	63	0
cg24310367	13	14	0
cg24310367	59	60	0
cg24352905	29	30	50
cg24352905	30	31	20
cg24352905	51	52	0
cg24352905	52	53	0
cg24352905	59	60	0
cg24352905	60	61	0
cg24352905	64	65	0
cg24352905	65	66	0
cg24385325	77	78	0
cg24444575	16	17	0
cg24444575	21	22	0
cg24444575	30	31	0
cg24444575	32	33	0
cg24444575	45	46	0
cg24446586	63	64	0
cg24458752	53	54	0
cg24466972	27	28	0
cg24466972	28	29	0
cg24557791	55	56	100
cg24557791	70	71	0
cg24573918	68	69	66.6666666666667
cg24587040	58	59	0
cg24596418	32	33	0
cg24596418	33	34	0
cg24596418	43	44	0
cg24596418	44	45	33.3333333333333
cg24642372	37	38	0
cg24653257	26	27	20
cg24653257	27	28	0
cg24653257	28	29	33.3333333333333
cg24653257	29	30	50
cg24653257	44	45	33.3333333333333
cg24653257	45	46	0
cg24664689	7	8	0
cg24664689	17	18	0
cg24664689	39	40	0
cg24677671	24	25	0
cg24707416	17	18	75
cg24707416	18	19	0
cg24707416	19	20	100
cg24707416	20	21	0
cg24707416	25	26	100
cg24707416	26	27	0
cg24707416	28	29	100
cg24707416	29	30	33.3333333333333
cg24707416	46	47	100
cg24707416	47	48	0
cg24707416	71	72	0
cg24713149	29	30	0
cg24713149	30	31	0
cg24713149	44	45	0
cg24713149	45	46	0
cg24717141	51	52	0
cg24717141	63	64	0
cg24719601	8	9	0
cg24719601	12	13	0
cg24724167	43	44	50
cg24724167	44	45	33.3333333333333
cg24724167	52	53	0
cg24724167	53	54	0
cg24724167	54	55	0
cg24724167	55	56	0
cg24724167	57	58	0
cg24724167	62	63	0
cg24724167	64	65	0
cg24746619	16	17	50
cg24746619	35	36	0
cg24746619	38	39	0
cg24782168	55	56	0
cg24786875	30	31	0
cg24786875	65	66	0
cg24822649	7	8	100
cg24822649	8	9	0
cg24822649	49	50	0
cg24840164	20	21	0
cg24840164	56	57	0
cg24855838	58	59	100
cg24855838	59	60	12.5
cg24855838	67	68	0
cg24855838	68	69	0
cg24866418	63	64	0
cg24879798	25	26	100
cg24879798	26	27	0
cg24879798	59	60	100
cg24879798	65	66	100
cg24897861	29	30	100
cg24900201	22	23	0
cg24900201	37	38	0
cg24930802	19	20	0
cg24930802	31	32	0
cg24930802	32	33	0
cg24930802	64	65	0
cg24930802	65	66	100
cg24946611	28	29	0
cg24970974	39	40	0
cg25001128	29	30	50
cg25001128	30	31	75
cg25001128	47	48	0
cg25001128	48	49	0
cg25020809	63	64	0
cg25020809	64	65	0
cg25034090	26	27	100
cg25048905	67	68	0
cg25073174	26	27	0
cg25073174	27	28	0
cg25091185	12	13	0
cg25091185	29	30	0
cg25091185	30	31	0
cg25148589	13	14	100
cg25148589	22	23	0
cg25148589	57	58	100
cg25148589	74	75	0
cg25150443	58	59	0
cg25165498	17	18	0
cg25165498	19	20	100
cg25165498	26	27	25
cg25165498	27	28	0
cg25209681	65	66	0
cg25211765	61	62	0
cg25211765	62	63	100
cg25226813	6	7	100
cg25226813	57	58	33.3333333333333
cg25226813	58	59	28.5714285714286
cg25235409	18	19	66.6666666666667
cg25235409	51	52	20
cg25244980	5	6	0
cg25244980	6	7	0
cg25244980	49	50	33.3333333333333
cg25244980	50	51	0
cg25244980	60	61	0
cg25244980	61	62	100
cg25244980	72	73	0
cg25244980	73	74	100
cg25248596	77	78	100
cg25248596	78	79	0
cg25249632	61	62	100
cg25249632	78	79	0
cg25269710	65	66	0
cg25273233	28	29	0
cg25273233	39	40	0
cg25278465	19	20	50
cg25278465	21	22	0
cg25278465	51	52	0
cg25285936	12	13	0
cg25285936	52	53	0
cg25285936	65	66	0
cg25322213	11	12	0
cg25322213	12	13	0
cg25322213	19	20	0
cg25322213	20	21	0
cg25322213	60	61	0
cg25322213	61	62	33.3333333333333
cg25332315	29	30	0
cg25339883	8	9	25
cg25339883	9	10	0
cg25339883	17	18	0
cg25339883	18	19	0
cg25339883	29	30	0
cg25339883	30	31	0
cg25339883	37	38	0
cg25363348	23	24	0
cg25363348	29	30	0
cg25363348	30	31	100
cg25379954	5	6	0
cg25379954	6	7	0
cg25394590	25	26	0
cg25394590	26	27	0
cg25394590	55	56	33.3333333333333
cg25394590	56	57	0
cg25398727	5	6	0
cg25398727	14	15	50
cg25400234	10	11	25
cg25400234	11	12	0
cg25400234	16	17	0
cg25400234	17	18	0
cg25400234	21	22	0
cg25400234	22	23	0
cg25400234	29	30	0
cg25400234	30	31	0
cg25400234	50	51	0
cg25400234	51	52	0
cg25400234	57	58	0
cg25400234	58	59	0
cg25402449	12	13	0
cg25473942	53	54	0
cg25473942	55	56	0
cg25473942	59	60	0
cg25480877	9	10	0
cg25502186	29	30	0
cg25502186	30	31	0
cg25558655	30	31	0
cg25558655	51	52	0
cg25558655	61	62	0
cg25558655	62	63	100
cg25558655	70	71	100
cg25581768	0	1	100
cg25581768	34	35	100
cg25625146	16	17	0
cg25625146	17	18	0
cg25625146	38	39	0
cg25625146	39	40	50
cg25625146	54	55	0
cg25642165	23	24	50
cg25642165	24	25	0
cg25642165	55	56	100
cg25642165	56	57	33.3333333333333
cg25693396	4	5	0
cg25693396	15	16	0
cg25693396	16	17	0
cg25704502	36	37	0
cg25704502	69	70	0
cg25732341	59	60	0
cg25732341	60	61	0
cg25732341	74	75	0
cg25742767	3	4	100
cg25742767	4	5	0
cg25742767	16	17	0
cg25742767	17	18	0
cg25742767	22	23	0
cg25742767	23	24	0
cg25742767	25	26	0
cg25742767	26	27	0
cg25742767	27	28	0
cg25742767	28	29	0
cg25743059	18	19	0
cg25743059	19	20	0
cg25743059	69	70	0
cg25763390	13	14	50
cg25763390	41	42	0
cg25764105	15	16	0
cg25764105	16	17	50
cg25764105	29	30	0
cg25764105	30	31	66.6666666666667
cg25764105	65	66	33.3333333333333
cg25764105	67	68	25
cg25764105	68	69	100
cg25768681	49	50	0
cg25768681	50	51	0
cg25773519	6	7	0
cg25773519	7	8	0
cg25773519	26	27	0
cg25773519	27	28	0
cg25831669	26	27	50
cg25854701	25	26	50
cg25857570	22	23	33.3333333333333
cg25857570	23	24	0
cg25857570	29	30	0
cg25857570	30	31	0
cg25857570	33	34	0
cg25857570	57	58	0
cg25857570	58	59	0
cg25878799	9	10	0
cg25878799	30	31	0
cg25889011	54	55	0
cg25889011	72	73	0
cg25889011	75	76	0
cg25943464	70	71	100
cg25957641	7	8	20
cg25957641	17	18	0
cg25957641	27	28	0
cg25957641	28	29	0
cg25957641	38	39	0
cg25957641	70	71	33.3333333333333
cg25957641	76	77	0
cg25966893	44	45	0
cg25966893	45	46	50
cg25974040	65	66	50
cg25974040	66	67	50
cg25974818	29	30	0
cg25974818	30	31	0
cg25982943	2	3	0
cg25982943	32	33	0
cg25982943	44	45	0
cg25982943	78	79	0
cg26024182	3	4	0
cg26024182	34	35	0
cg26053179	10	11	0
cg26053179	17	18	0
cg26053179	20	21	0
cg26062249	51	52	0
cg26062249	63	64	0
cg26109480	18	19	0
cg26109480	19	20	0
cg26109480	56	57	0
cg26109480	57	58	0
cg26109480	61	62	0
cg26109480	62	63	0
cg26154615	8	9	0
cg26154615	30	31	0
cg26155008	19	20	40
cg26155008	20	21	100
cg26161880	51	52	0
cg26186239	5	6	0
cg26186239	11	12	28.5714285714286
cg26186239	50	51	0
cg26186239	62	63	0
cg26186239	69	70	0
cg26192895	31	32	0
cg26192895	47	48	0
cg26192895	65	66	0
cg26226211	63	64	0
cg26226211	64	65	66.6666666666667
cg26230100	50	51	0
cg26255127	15	16	0
cg26255127	16	17	0
cg26258498	30	31	0
cg26263695	37	38	100
cg26263695	38	39	0
cg26263695	74	75	0
cg26263695	75	76	0
cg26263695	77	78	100
cg26263695	78	79	0
cg26286303	18	19	100
cg26286303	19	20	0
cg26286303	20	21	0
cg26286303	21	22	0
cg26286303	56	57	100
cg26286303	57	58	42.8571428571429
cg26286303	69	70	100
cg26291907	15	16	0
cg26313355	53	54	0
cg26313355	54	55	0
cg26313355	78	79	0
cg26352306	16	17	0
cg26352306	24	25	0
cg26354128	42	43	100
cg26393176	71	72	0
cg26411343	32	33	0
cg26411343	33	34	0
cg26438612	50	51	0
cg26438612	51	52	0
cg26451479	15	16	0
cg26451479	17	18	0
cg26452091	12	13	0
cg26480565	61	62	0
cg26491213	3	4	0
cg26491213	74	75	0
cg26491213	75	76	0
cg26495946	5	6	0
cg26495946	7	8	0
cg26495946	21	22	0
cg26495946	30	31	50
cg26495946	33	34	0
cg26495946	37	38	0
cg26507427	11	12	28.5714285714286
cg26507427	12	13	0
cg26507427	65	66	0
cg26511217	20	21	100
cg26511217	21	22	0
cg26511217	53	54	50
cg26511217	54	55	0
cg26512254	21	22	0
cg26512254	42	43	0
cg26512254	43	44	0
cg26517714	56	57	0
cg26517714	58	59	0
cg26530991	59	60	100
cg26530991	77	78	100
cg26530991	78	79	0
cg26538799	30	31	0
cg26538799	74	75	0
cg26556400	26	27	0
cg26556400	27	28	100
cg26566168	45	46	0
cg26566168	55	56	0
cg26567841	60	61	0
cg26567841	61	62	0
cg26581639	29	30	0
cg26581639	30	31	0
cg26603143	18	19	0
cg26626089	26	27	0
cg26626089	30	31	0
cg26626089	53	54	50
cg26631126	29	30	0
cg26644063	62	63	0
cg26674451	62	63	0
cg26683318	17	18	0
cg26690989	28	29	0
cg26690989	34	35	0
cg26691477	1	2	0
cg26691477	3	4	0
cg26691477	30	31	0
cg26691477	40	41	0
cg26718996	68	69	0
cg26718996	69	70	0
cg26723360	72	73	100
cg26726683	32	33	100
cg26726683	33	34	0
cg26726683	58	59	100
cg26726683	59	60	0
cg26776127	14	15	0
cg26776127	25	26	0
cg26776127	30	31	0
cg26776127	45	46	0
cg26834803	14	15	0
cg26834803	24	25	0
cg26834803	27	28	0
cg26834803	28	29	0
cg26834803	29	30	0
cg26834803	30	31	0
cg26834803	53	54	0
cg26834803	64	65	0
cg26834803	65	66	0
cg26844246	20	21	0
cg26844246	26	27	0
cg26844246	28	29	0
cg26844246	52	53	0
cg26844246	53	54	50
cg26844246	55	56	0
cg26844246	56	57	33.3333333333333
cg26844246	63	64	0
cg26844246	66	67	0
cg26845017	3	4	0
cg26845017	4	5	0
cg26845017	5	6	66.6666666666667
cg26845017	6	7	0
cg26845017	16	17	0
cg26845017	19	20	0
cg26845448	13	14	0
cg26845448	29	30	100
cg26845448	59	60	0
cg26845448	60	61	0
cg26846067	69	70	0
cg26927472	17	18	100
cg26927472	18	19	0
cg26927472	19	20	0
cg26927472	20	21	0
cg26927472	62	63	100
cg26927472	63	64	0
cg26927472	73	74	100
cg26927472	74	75	0
cg26931581	60	61	0
cg26931581	77	78	0
cg26962970	4	5	0
cg26962970	5	6	50
cg26962970	9	10	0
cg26962970	10	11	50
cg26962970	26	27	0
cg26962970	27	28	100
cg26973329	29	30	0
cg26973329	62	63	0
cg26973693	60	61	0
cg26984034	60	61	0
cg26989101	14	15	0
cg26989101	17	18	0
cg26989101	21	22	0
cg26989101	47	48	100
cg26992565	14	15	0
cg26992565	15	16	0
cg26992565	30	31	0
cg27005345	7	8	0
cg27005345	12	13	0
cg27005345	41	42	100
cg27005345	42	43	0
cg27009703	5	6	0
cg27009703	6	7	0
cg27009703	15	16	33.3333333333333
cg27009703	20	21	0
cg27009703	23	24	0
cg27009703	30	31	0
cg27009703	33	34	0
cg27009703	53	54	100
cg27009703	54	55	0
cg27009703	65	66	0
cg27009703	73	74	0
cg27009703	74	75	0
cg27028049	13	14	0
cg27028049	78	79	0
cg27037659	52	53	100
cg27049734	50	51	0
cg27049734	51	52	50
cg27061549	38	39	0
cg27061549	57	58	0
cg27088374	50	51	40
cg27088374	51	52	33.3333333333333
cg27101921	29	30	0
cg27101921	31	32	0
cg27101921	58	59	0
cg27101921	59	60	50
cg27121137	21	22	66.6666666666667
cg27121137	22	23	100
cg27121137	33	34	50
cg27121137	36	37	100
cg27144703	19	20	0
cg27146637	20	21	0
cg27146637	44	45	0
cg27149782	11	12	0
cg27151102	49	50	0
cg27151102	58	59	0
cg27151102	70	71	0
cg27181123	64	65	0
cg27181123	65	66	0
cg27193252	5	6	100
cg27193252	7	8	50
cg27196467	70	71	0
cg27201382	21	22	0
cg27201382	22	23	0
cg27201382	41	42	20
cg27201382	74	75	0
cg27213895	30	31	0
cg27236202	46	47	0
cg27236202	72	73	0
cg27255867	26	27	0
cg27256262	8	9	0
cg27256262	19	20	0
cg27256262	20	21	0
cg27256262	51	52	0
cg27256262	55	56	0
cg27256262	56	57	0
cg27256262	62	63	0
cg27256262	63	64	0
cg27257879	3	4	0
cg27294582	25	26	0
cg27323505	29	30	0
cg27323505	30	31	0
cg27323505	36	37	0
cg27323505	37	38	0
cg27344974	29	30	0
cg27344974	30	31	100
cg27344974	73	74	0
cg27365371	13	14	0
cg27365371	14	15	42.8571428571429
cg27365371	40	41	0
cg27365371	41	42	63.6363636363636
cg27365371	78	79	75
cg27389123	18	19	0
cg27389123	19	20	0
cg27454487	17	18	100
cg27454487	25	26	0
cg27454487	26	27	25
cg27454487	64	65	0
cg27454487	65	66	100
cg27455566	33	34	100
cg27455566	34	35	0
cg27455566	68	69	0
cg27482461	7	8	0
cg27482461	24	25	25
cg27482461	71	72	50
cg27496468	1	2	0
cg27496468	2	3	100
cg27496468	26	27	0
cg27496468	27	28	0
cg27496468	59	60	0
cg27496468	62	63	0
cg27514424	16	17	33.3333333333333
cg27514424	17	18	0
cg27534091	39	40	0
cg27553955	18	19	0
cg27553955	20	21	0
cg27553955	23	24	0
cg27553955	32	33	0
cg27553955	33	34	0
cg27553955	50	51	66.6666666666667
cg27562808	31	32	0
cg27562808	50	51	0
cg27562808	58	59	50
cg27581159	60	61	0
cg27581159	65	66	0
cg27581159	68	69	0
cg27582648	3	4	0
cg27582648	4	5	0
cg27582648	61	62	0
cg27590908	21	22	33.3333333333333
cg27600712	7	8	0
cg27600712	8	9	0
cg27600712	41	42	0
cg27600712	49	50	100
cg27600712	50	51	100
cg27605823	28	29	0
cg27626343	56	57	100
cg27626343	57	58	100
cg27639460	59	60	0
cg27664916	29	30	0
cg27699373	23	24	0
cg27699373	26	27	0
cg27699373	64	65	0
cg27699373	65	66	0
cg27706408	29	30	0
cg27706408	40	41	0
cg27706408	41	42	0
