track type=bedGraph
cg00362487	16	17	0
cg00362487	44	45	0
cg00362487	50	51	0
cg00362487	53	54	0
cg00362487	57	58	0
cg00362487	67	68	0
cg00571033	13	14	0
cg00611149	7	8	0
cg00611149	30	31	0
cg00872748	54	55	0
cg00872748	76	77	0
cg01005773	57	58	0
cg01049141	73	74	0
cg01049455	28	29	0
cg01049455	52	53	0
cg01099625	19	20	0
cg01232138	16	17	0
cg01232138	33	34	0
cg01580681	57	58	0
cg01580681	60	61	0
cg01650941	5	6	0
cg01650941	34	35	0
cg01650941	63	64	0
cg01676370	47	48	0
cg01676370	51	52	0
cg01676370	75	76	0
cg01933636	71	72	0
cg01992907	59	60	100
cg02193885	35	36	0
cg02343568	10	11	0
cg02343568	25	26	0
cg02343568	36	37	0
cg02343568	38	39	0
cg02343568	45	46	0
cg02343568	47	48	0
cg02379880	66	67	0
cg02690638	17	18	0
cg02690638	25	26	0
cg02873524	44	45	0
cg02873524	66	67	0
cg02873524	71	72	0
cg02905739	61	62	0
cg02905739	66	67	0
cg03144020	72	73	100
cg03187378	63	64	0
cg03252517	57	58	100
cg03557129	50	51	0
cg03557129	62	63	0
cg03646571	37	38	0
cg03646571	46	47	0
cg03843323	37	38	0
cg03843323	54	55	0
cg03957108	35	36	0
cg03957108	41	42	0
cg03957108	62	63	0
cg03957108	74	75	0
cg04016956	31	32	0
cg04016956	42	43	0
cg04150055	65	66	0
cg04245317	31	32	0
cg04245317	57	58	0
cg04504700	50	51	0
cg04504700	55	56	0
cg04504700	61	62	0
cg04504700	67	68	0
cg04567783	33	34	0
cg04567783	54	55	0
cg04567783	63	64	0
cg04627377	40	41	0
cg04627377	43	44	0
cg04627377	61	62	0
cg04627377	66	67	0
cg04627377	70	71	0
cg04804914	64	65	0
cg04863645	22	23	0
cg04863645	37	38	0
cg04878542	31	32	100
cg05097610	7	8	0
cg05097610	31	32	0
cg05097610	40	41	0
cg05124292	17	18	100
cg05275337	23	24	0
cg05275337	26	27	0
cg05275337	31	32	0
cg05275337	54	55	50
cg05359706	31	32	0
cg05406154	11	12	0
cg05406154	24	25	0
cg05406154	49	50	0
cg05491758	66	67	0
cg05491758	70	71	0
cg05706365	42	43	0
cg05884078	35	36	0
cg05960378	45	46	100
cg06037672	37	38	0
cg06037672	48	49	0
cg06097717	55	56	0
cg06115225	12	13	0
cg06115225	14	15	33.3333333333333
cg06115225	22	23	0
cg06115225	24	25	0
cg06115225	34	35	0
cg06115225	36	37	0
cg06115225	51	52	0
cg06115225	62	63	0
cg06540073	21	22	0
cg06550953	24	25	0
cg06637963	23	24	0
cg07195259	64	65	0
cg07195259	72	73	0
cg07404009	45	46	0
cg07705206	15	16	0
cg07933997	6	7	0
cg07933997	16	17	0
cg07933997	22	23	0
cg07933997	41	42	0
cg07933997	50	51	0
cg07933997	55	56	0
cg07940754	59	60	0
cg08194812	15	16	0
cg08194812	21	22	0
cg08194812	48	49	0
cg08215774	47	48	0
cg08215774	57	58	0
cg08215774	67	68	0
cg08215774	75	76	0
cg08566450	16	17	0
cg08566450	41	42	0
cg08849105	14	15	100
cg08921975	38	39	0
cg08921975	73	74	0
cg08981690	36	37	0
cg09103452	32	33	0
cg09103452	58	59	0
cg09289224	26	27	0
cg09817553	17	18	0
cg09817553	22	23	0
cg09817553	28	29	0
cg09817553	52	53	0
cg09817553	55	56	0
cg09817553	64	65	0
cg09817553	67	68	0
cg09817553	70	71	0
cg09945801	63	64	0
cg09945801	74	75	0
cg09977861	43	44	0
cg09977861	55	56	0
cg09977861	67	68	0
cg09977861	71	72	0
cg10583873	72	73	0
cg10624665	27	28	0
cg10624665	32	33	0
cg10624665	42	43	0
cg10624665	58	59	0
cg11167025	50	51	0
cg11167025	53	54	0
cg11179893	29	30	0
cg11279021	15	16	100
cg11560032	1	2	0
cg11560032	17	18	0
cg11560032	20	21	0
cg11560032	25	26	0
cg11560032	45	46	0
cg11560032	62	63	0
cg11560032	66	67	0
cg11591813	12	13	0
cg11591813	49	50	0
cg11728741	14	15	0
cg11728741	56	57	100
cg11807038	28	29	0
cg11807038	37	38	0
cg11807038	42	43	0
cg11818729	26	27	0
cg11818729	35	36	0
cg11818729	51	52	0
cg11818729	57	58	0
cg11818729	70	71	0
cg11827910	28	29	0
cg11827910	40	41	0
cg12145907	26	27	0
cg12145907	44	45	0
cg12469785	38	39	0
cg12811630	43	44	100
cg12945120	25	26	0
cg12981876	56	57	0
cg13143654	33	34	0
cg13143654	35	36	0
cg13143654	45	46	0
cg13143654	51	52	0
cg13143654	53	54	0
cg13732394	55	56	0
cg14033937	28	29	0
cg14033937	35	36	0
cg14033937	38	39	0
cg14241460	2	3	0
cg14241460	5	6	100
cg14241460	59	60	0
cg14241460	66	67	0
cg14311946	41	42	100
cg14360629	26	27	100
cg14715530	8	9	0
cg14715530	13	14	0
cg14715530	18	19	0
cg14715530	32	33	0
cg14715530	38	39	0
cg14715530	48	49	0
cg14778330	37	38	0
cg14778330	44	45	0
cg14880272	51	52	0
cg15099692	9	10	0
cg15219744	38	39	100
cg15503346	27	28	0
cg15503346	55	56	0
cg15503346	65	66	0
cg15545854	27	28	0
cg15545854	50	51	0
cg15890010	12	13	0
cg16073238	14	15	0
cg16073238	36	37	0
cg16073238	40	41	0
cg16073238	44	45	0
cg16073238	48	49	0
cg16073238	58	59	0
cg16264705	12	13	0
cg16264705	35	36	0
cg16267458	38	39	0
cg16267458	44	45	0
cg16267458	56	57	0
cg16267458	60	61	0
cg16384721	8	9	0
cg16384721	11	12	0
cg16384721	16	17	0
cg16384721	28	29	0
cg16384721	39	40	0
cg16384721	41	42	0
cg16384721	46	47	0
cg16384721	48	49	0
cg16384721	51	52	0
cg16384721	53	54	0
cg16384721	58	59	0
cg16384721	60	61	0
cg16384721	65	66	0
cg16456627	69	70	0
cg16468500	18	19	0
cg16468500	24	25	0
cg16468500	31	32	0
cg16468500	38	39	0
cg16468500	57	58	0
cg16468500	62	63	0
cg16625559	32	33	0
cg16675686	15	16	0
cg16675686	28	29	0
cg16675686	45	46	0
cg16675686	66	67	0
cg16678811	21	22	100
cg16678811	45	46	0
cg16692317	11	12	0
cg16692317	25	26	0
cg16965558	45	46	0
cg17435471	12	13	0
cg17435471	20	21	0
cg17435471	35	36	0
cg17435471	38	39	0
cg17435471	53	54	0
cg17820491	68	69	100
cg18141557	0	1	0
cg18141557	25	26	100
cg18141557	28	29	100
cg18149227	25	26	0
cg18149227	71	72	0
cg18488855	16	17	0
cg18488855	26	27	0
cg18488855	43	44	0
cg18488855	54	55	0
cg18488855	59	60	0
cg18488855	62	63	0
cg18663696	3	4	0
cg18663696	6	7	0
cg18815657	58	59	0
cg19050854	8	9	0
cg19117962	35	36	50
cg19292353	24	25	0
cg19292353	28	29	0
cg19292353	34	35	0
cg19292353	39	40	0
cg19314788	7	8	100
cg19631884	20	21	0
cg19631884	35	36	0
cg20126035	48	49	100
cg20167583	35	36	0
cg20687703	13	14	0
cg20687703	22	23	0
cg20687703	33	34	0
cg20785169	11	12	0
cg20785169	40	41	0
cg20823439	15	16	0
cg20823439	35	36	0
cg20823439	44	45	0
cg20823439	53	54	0
cg20823439	65	66	0
cg20823439	70	71	0
cg20872072	5	6	100
cg20909027	70	71	50
cg20909027	79	80	0
cg21046297	32	33	0
cg21046297	34	35	0
cg21046297	42	43	0
cg21046297	44	45	0
cg21046297	47	48	0
cg21046297	58	59	0
cg21046297	60	61	0
cg21199453	31	32	0
cg21639837	65	66	0
cg21664322	12	13	0
cg21767196	13	14	0
cg22031066	28	29	0
cg22057720	59	60	0
cg22075146	32	33	0
cg22075146	34	35	0
cg22075146	51	52	0
cg22075146	52	53	0
cg22075146	54	55	0
cg22543683	74	75	0
cg22719669	16	17	0
cg22875689	27	28	0
cg22875689	29	30	0
cg23076498	19	20	100
cg23087015	3	4	0
cg23087015	8	9	0
cg23087015	13	14	0
cg23087015	66	67	0
cg23114866	49	50	0
cg23114866	56	57	0
cg23189934	32	33	0
cg23189934	56	57	0
cg23252799	43	44	100
cg23496355	39	40	0
cg23496355	49	50	0
cg23496355	63	64	0
cg23826041	23	24	100
cg23931730	7	8	0
cg23931730	13	14	0
cg23931730	22	23	0
cg23931730	49	50	0
cg23931730	52	53	0
cg23931730	60	61	0
cg24385325	56	57	0
cg24573918	15	16	0
cg24786875	49	50	0
cg24905735	14	15	0
cg24911286	28	29	0
cg24911286	44	45	0
cg24911286	47	48	100
cg25165498	55	56	0
cg25165498	58	59	0
cg25209681	32	33	0
cg25209681	47	48	0
cg25235409	31	32	0
cg25235409	37	38	0
cg25248596	42	43	0
cg25248596	76	77	0
cg25732341	71	72	0
cg25768681	23	24	0
cg25768681	38	39	0
cg25768681	40	41	0
cg25768681	48	49	0
cg25768681	51	52	0
cg25768681	53	54	0
cg25768681	59	60	0
cg25768681	61	62	0
cg25878799	39	40	0
cg26109480	70	71	0
cg26255127	49	50	0
cg26255127	59	60	0
cg26844246	18	19	0
cg26844246	22	23	0
cg26844246	49	50	0
cg26844246	67	68	0
cg27213895	13	14	0
cg27664916	6	7	0
cg27664916	28	29	0
cg27664916	33	34	0
cg27664916	54	55	0
