track type=bedGraph
cg00158333	72	73	0
cg00279752	59	60	100
cg00367518	23	24	100
cg00842325	70	71	0
cg01099625	64	65	55.5555555555556
cg01933636	15	16	0
cg02247164	52	53	100
cg02898094	66	67	0
cg02898094	71	72	0
cg02898094	76	77	0
cg02972618	77	78	100
cg03077729	75	76	100
cg03265102	12	13	0
cg03265102	18	19	0
cg03350186	15	16	0
cg03350186	21	22	0
cg03350186	24	25	0
cg04124389	42	43	100
cg04124389	72	73	0
cg04504700	66	67	0
cg04688368	68	69	0
cg04688368	71	72	0
cg04688368	74	75	0
cg04688368	77	78	0
cg04863645	18	19	100
cg05121253	30	31	100
cg05194810	6	7	0
cg05575054	19	20	0
cg06292880	8	9	0
cg06292880	12	13	72.7272727272727
cg06292880	64	65	100
cg06360155	34	35	0
cg06839075	15	16	100
cg07094804	43	44	0
cg08938156	59	60	100
cg08938156	63	64	100
cg09207493	53	54	0
cg09682305	38	39	100
cg10024790	77	78	100
cg10604668	2	3	50
cg11142389	60	61	0
cg11729098	50	51	0
cg11792642	41	42	0
cg12046720	68	69	0
cg12145907	15	16	0
cg12306961	18	19	50
cg12572894	77	78	100
cg12593479	16	17	0
cg13278722	68	69	0
cg13278722	74	75	0
cg13702567	30	31	100
cg14140337	12	13	0
cg14299268	59	60	100
cg14728698	13	14	0
cg14850368	27	28	0
cg15075184	39	40	0
cg15166827	12	13	0
cg15555425	56	57	0
cg15693666	55	56	33.3333333333333
cg15741341	7	8	0
cg15741341	46	47	0
cg15823859	28	29	100
cg15846956	27	28	50
cg15890010	57	58	0
cg16313026	19	20	100
cg16524928	66	67	50
cg16550733	52	53	100
cg16743922	4	5	0
cg16938805	63	64	100
cg17050836	15	16	0
cg17137627	54	55	100
cg17206772	57	58	0
cg17426532	69	70	100
cg17711361	8	9	0
cg18120675	35	36	0
cg18120675	38	39	0
cg18257298	67	68	0
cg18257298	70	71	0
cg18257298	73	74	0
cg18342041	7	8	0
cg18394148	4	5	0
cg18394148	6	7	0
cg18531946	16	17	100
cg18821963	31	32	0
cg18821963	33	34	0
cg19011483	57	58	100
cg19028261	14	15	0
cg19117962	72	73	100
cg19121679	18	19	0
cg20312798	9	10	0
cg20568292	13	14	0
cg20568292	18	19	0
cg20568292	71	72	100
cg20638025	41	42	0
cg20785169	23	24	100
cg20872072	25	26	60.8695652173913
cg20950377	19	20	100
cg21097283	30	31	100
cg21166964	10	11	0
cg21214122	61	62	0
cg21214122	67	68	0
cg21214122	71	72	0
cg21294440	27	28	0
cg21294440	34	35	0
cg21294440	39	40	0
cg21314020	62	63	100
cg21836885	79	80	0
cg22097199	38	39	0
cg22320967	50	51	71.4285714285714
cg22543683	69	70	0
cg22543683	71	72	0
cg23055029	8	9	0
cg23055029	23	24	0
cg23055029	25	26	0
cg23076498	56	57	0
cg23091488	57	58	100
cg23146472	18	19	100
cg23423113	63	64	0
cg24240262	1	2	0
cg24717141	51	52	0
cg25001128	48	49	0
cg25165498	26	27	0
cg25402449	11	12	100
cg25430089	30	31	100
cg25642165	23	24	100
cg26192895	47	48	100
cg26457229	23	24	0
cg26538799	36	37	100
cg26927472	20	21	100
cg27344974	30	31	100
cg27496468	27	28	0
cg27553955	50	51	100
cg27582648	4	5	100
