track type=bedGraph
cg00027863	8	9	0
cg00027863	11	12	0
cg00027863	35	36	0
cg00027863	50	51	0
cg00027863	58	59	0
cg00027863	69	70	0
cg00029553	30	31	0
cg00029553	56	57	0
cg00029553	72	73	0
cg00029553	74	75	0
cg00330845	11	12	0
cg00330845	22	23	0
cg00777340	21	22	0
cg00777340	47	48	0
cg00820579	22	23	0
cg00820579	24	25	0
cg00820579	72	73	0
cg01008025	31	32	0
cg01008025	44	45	50
cg01027323	18	19	100
cg01049141	71	72	0
cg01090774	39	40	0
cg01090774	63	64	0
cg01099625	19	20	100
cg01134518	37	38	0
cg01134518	50	51	0
cg01134518	66	67	0
cg01145031	9	10	0
cg01145031	44	45	0
cg01562774	39	40	0
cg01562774	51	52	0
cg01650941	22	23	100
cg01733991	17	18	0
cg01733991	26	27	0
cg01733991	39	40	0
cg01733991	66	67	0
cg01831882	15	16	0
cg01831882	21	22	0
cg01831882	40	41	25
cg01831882	52	53	0
cg01846532	6	7	0
cg01846532	16	17	0
cg01846532	34	35	0
cg01846532	36	37	0
cg01846532	43	44	0
cg01846532	49	50	0
cg01846532	67	68	0
cg01992907	52	53	0
cg02040823	32	33	0
cg02040823	49	50	0
cg02040823	51	52	0
cg02040823	53	54	0
cg02040823	55	56	0
cg02040823	56	57	0
cg02040823	58	59	0
cg02153665	56	57	0
cg02193885	25	26	0
cg02193885	35	36	0
cg02193885	79	80	0
cg02219744	26	27	100
cg02244090	46	47	0
cg02244090	49	50	0
cg02246955	28	29	0
cg02321644	25	26	0
cg02321644	40	41	0
cg02321644	42	43	0
cg02321644	54	55	0
cg02343568	7	8	0
cg02379880	20	21	100
cg02389125	33	34	100
cg02389125	52	53	0
cg02389125	69	70	0
cg02430333	7	8	0
cg02430333	10	11	0
cg02430333	14	15	0
cg02430333	19	20	0
cg02430333	27	28	0
cg02430333	73	74	0
cg02540142	6	7	0
cg02540142	20	21	0
cg02540142	32	33	0
cg02540142	49	50	0
cg02540142	62	63	0
cg02550277	33	34	100
cg02554345	58	59	100
cg02554923	25	26	0
cg02582875	44	45	0
cg02602455	24	25	0
cg02602455	28	29	0
cg02602455	41	42	0
cg02602455	47	48	0
cg02602455	58	59	0
cg02602455	62	63	0
cg02724885	66	67	0
cg02762509	13	14	0
cg02762509	17	18	0
cg02762509	20	21	0
cg02762509	23	24	0
cg02762509	44	45	0
cg02762509	51	52	0
cg02762509	57	58	0
cg02762509	64	65	0
cg02873524	31	32	0
cg02873524	44	45	0
cg02873524	50	51	0
cg02873524	56	57	0
cg02873524	59	60	0
cg02873524	66	67	0
cg02873524	71	72	0
cg02873524	76	77	0
cg02905739	26	27	0
cg02968414	46	47	0
cg03133310	43	44	0
cg03133310	50	51	0
cg03144020	23	24	0
cg03144020	32	33	0
cg03144020	41	42	0
cg03144020	72	73	0
cg03163633	10	11	100
cg03187378	38	39	0
cg03555227	46	47	0
cg03555227	55	56	0
cg03555227	60	61	0
cg03557129	50	51	0
cg03557129	62	63	0
cg03571891	76	77	0
cg03639871	18	19	0
cg03639871	73	74	0
cg03697136	76	77	100
cg03795776	19	20	0
cg03795776	32	33	0
cg03795776	42	43	0
cg03795776	45	46	0
cg03795776	48	49	0
cg03795776	51	52	0
cg03795776	57	58	0
cg03837769	19	20	0
cg03837769	26	27	0
cg03837769	42	43	0
cg03837769	54	55	0
cg04016956	18	19	0
cg04016956	22	23	0
cg04016956	28	29	0
cg04025518	25	26	0
cg04025518	41	42	0
cg04025518	74	75	0
cg04071434	29	30	0
cg04071434	38	39	0
cg04071434	56	57	0
cg04336027	31	32	100
cg04428702	3	4	0
cg04428702	7	8	0
cg04428702	13	14	0
cg04428702	25	26	0
cg04428702	33	34	0
cg04428702	36	37	0
cg04428702	54	55	0
cg04449703	11	12	0
cg04449703	36	37	0
cg04449703	43	44	0
cg04449703	46	47	0
cg04449703	49	50	0
cg04449703	61	62	0
cg04556126	29	30	0
cg04583031	32	33	0
cg04583031	63	64	0
cg04735310	29	30	0
cg04735310	70	71	0
cg04759874	21	22	0
cg04891368	12	13	0
cg04956792	57	58	0
cg04956792	68	69	0
cg04956792	73	74	0
cg05010579	56	57	0
cg05060618	19	20	0
cg05060618	24	25	0
cg05060618	38	39	0
cg05119060	10	11	0
cg05119060	11	12	0
cg05119060	16	17	0
cg05119060	18	19	0
cg05119060	55	56	0
cg05119060	75	76	0
cg05119060	76	77	0
cg05130731	17	18	0
cg05130731	58	59	50
cg05173279	13	14	100
cg05173279	74	75	0
cg05229784	12	13	0
cg05229784	15	16	0
cg05229784	18	19	0
cg05229784	23	24	0
cg05229784	60	61	0
cg05229784	65	66	0
cg05229784	69	70	0
cg05229784	72	73	0
cg05260361	33	34	0
cg05260361	35	36	100
cg05275337	33	34	0
cg05305327	54	55	0
cg05372644	54	55	0
cg05406154	14	15	0
cg05406154	24	25	0
cg05406154	39	40	0
cg05406154	49	50	0
cg05407325	69	70	0
cg05434345	5	6	0
cg05575054	5	6	0
cg05575054	12	13	0
cg05575054	23	24	0
cg05642042	23	24	0
cg05642042	38	39	0
cg05650111	40	41	0
cg05693178	44	45	0
cg05693178	59	60	0
cg05693178	63	64	0
cg05730460	24	25	0
cg05730460	40	41	0
cg05884078	35	36	0
cg05907933	38	39	0
cg05907933	43	44	0
cg06115225	36	37	0
cg06115225	64	65	0
cg06360155	41	42	0
cg06360155	67	68	0
cg06392318	31	32	0
cg06414149	26	27	0
cg06414149	36	37	0
cg06414149	43	44	0
cg06429021	20	21	0
cg06550953	22	23	0
cg06587088	59	60	100
cg06587088	68	69	0
cg06617495	31	32	0
cg06718658	55	56	0
cg06762071	16	17	0
cg06762071	69	70	0
cg06762071	78	79	0
cg06778417	24	25	0
cg06812724	11	12	0
cg06812724	20	21	0
cg06812724	31	32	0
cg06812724	60	61	0
cg06944510	7	8	0
cg06944510	23	24	0
cg07001053	38	39	0
cg07005811	13	14	0
cg07171305	45	46	100
cg07171305	58	59	100
cg07254032	22	23	0
cg07254032	69	70	0
cg07336259	11	12	0
cg07336259	14	15	0
cg07336259	23	24	0
cg07336259	29	30	0
cg07336259	43	44	0
cg07336259	53	54	0
cg07537139	11	12	0
cg07537139	14	15	0
cg07537139	16	17	0
cg07537139	17	18	0
cg07537139	19	20	0
cg07537139	24	25	0
cg07537139	26	27	0
cg07537139	36	37	0
cg07537139	41	42	0
cg07537139	54	55	0
cg07537139	62	63	0
cg07610132	72	73	0
cg07704742	48	49	0
cg07940754	17	18	0
cg07940754	50	51	100
cg08029175	26	27	0
cg08029175	29	30	0
cg08029175	70	71	0
cg08071998	41	42	0
cg08071998	53	54	100
cg08071998	59	60	100
cg08071998	66	67	0
cg08188894	31	32	0
cg08188894	44	45	0
cg08188894	59	60	0
cg08315393	38	39	0
cg08480303	67	68	0
cg08566450	16	17	0
cg08566450	41	42	0
cg08629602	12	13	0
cg08629602	15	16	0
cg08629602	19	20	0
cg08629602	31	32	0
cg08629602	60	61	0
cg08849105	8	9	0
cg08849105	14	15	0
cg08849105	24	25	0
cg08849105	27	28	0
cg08849105	42	43	0
cg08849105	45	46	0
cg08849105	57	58	0
cg08849105	60	61	0
cg08888677	36	37	0
cg08888677	46	47	0
cg08921975	26	27	0
cg08921975	33	34	0
cg08921975	36	37	0
cg08981690	36	37	100
cg08981690	48	49	0
cg08981690	51	52	100
cg09097835	26	27	0
cg09097835	49	50	0
cg09097835	59	60	0
cg09103452	34	35	100
cg09103452	58	59	0
cg09103452	66	67	0
cg09228164	61	62	0
cg09228164	71	72	0
cg09238852	28	29	0
cg09327310	44	45	0
cg09327310	52	53	0
cg09376856	37	38	0
cg09376856	43	44	0
cg09376856	50	51	0
cg09392026	68	69	100
cg09407361	33	34	0
cg09407361	44	45	0
cg09407361	56	57	0
cg09510409	52	53	0
cg09536551	34	35	0
cg09578221	18	19	0
cg09578221	71	72	100
cg09647169	20	21	0
cg09647169	35	36	50
cg09647169	39	40	50
cg09731012	24	25	0
cg09731012	31	32	0
cg09731012	35	36	0
cg09731012	53	54	0
cg09731012	59	60	0
cg09731012	64	65	0
cg09731012	77	78	0
cg09789765	20	21	0
cg09789765	31	32	0
cg09789765	51	52	0
cg10118204	40	41	0
cg10118204	62	63	0
cg10324939	17	18	0
cg10324939	22	23	0
cg10324939	23	24	0
cg10324939	25	26	0
cg10324939	26	27	0
cg10324939	28	29	0
cg10324939	72	73	0
cg10324939	75	76	0
cg10427592	11	12	0
cg10427592	28	29	0
cg10427592	46	47	0
cg10439738	63	64	0
cg10439738	71	72	0
cg10570203	66	67	100
cg10593080	22	23	0
cg10593080	25	26	0
cg10593080	34	35	0
cg10593080	46	47	0
cg10593080	60	61	0
cg10604668	16	17	0
cg10604668	58	59	0
cg10709038	13	14	0
cg10736991	39	40	0
cg10788097	22	23	0
cg10893516	25	26	0
cg10893516	36	37	0
cg10893516	39	40	0
cg10893516	42	43	0
cg10893516	45	46	0
cg10893516	58	59	0
cg10893516	64	65	0
cg10893516	71	72	0
cg11058785	9	10	0
cg11171400	28	29	0
cg11171400	36	37	0
cg11179893	29	30	100
cg11339341	20	21	0
cg11339341	28	29	0
cg11339341	30	31	0
cg11339341	48	49	0
cg11339341	57	58	0
cg11411958	57	58	0
cg11411958	71	72	0
cg11411958	75	76	0
cg11461434	42	43	0
cg11465136	69	70	0
cg11493105	71	72	0
cg11541320	48	49	0
cg11541320	63	64	0
cg11541320	66	67	0
cg11584091	4	5	0
cg11584091	13	14	0
cg11584091	17	18	0
cg11584091	29	30	0
cg11584091	44	45	0
cg11584091	46	47	0
cg11584091	50	51	0
cg11584091	58	59	0
cg11584091	60	61	0
cg11634198	4	5	0
cg11634198	7	8	0
cg11634198	60	61	0
cg11647274	33	34	0
cg11647274	57	58	0
cg11672180	18	19	0
cg11672180	23	24	0
cg11672180	37	38	0
cg11672180	55	56	0
cg11772199	10	11	0
cg12135540	9	10	0
cg12135540	13	14	0
cg12135540	33	34	0
cg12135540	41	42	0
cg12135540	54	55	0
cg12135540	69	70	0
cg12145907	44	45	100
cg12306961	40	41	0
cg12306961	47	48	0
cg12306961	53	54	0
cg12434982	8	9	0
cg12434982	19	20	0
cg12434982	24	25	0
cg12434982	35	36	0
cg12434982	38	39	0
cg12434982	55	56	0
cg12434982	61	62	0
cg12553580	23	24	0
cg12553580	35	36	0
cg12553580	38	39	0
cg12553580	57	58	0
cg12593479	27	28	100
cg12757011	40	41	100
cg12798259	44	45	0
cg12811128	17	18	0
cg12811128	29	30	0
cg12811128	33	34	0
cg12811128	42	43	0
cg12811630	11	12	0
cg12811630	15	16	0
cg12879445	2	3	0
cg12879445	6	7	0
cg12879445	18	19	50
cg12879445	23	24	0
cg12879445	48	49	0
cg12903213	25	26	0
cg12903213	34	35	0
cg12903213	52	53	0
cg12903213	54	55	100
cg12935350	31	32	0
cg12935350	39	40	0
cg12935350	50	51	0
cg12981876	44	45	0
cg12981876	56	57	0
cg12981876	60	61	0
cg13165311	16	17	0
cg13165311	33	34	0
cg13165311	41	42	0
cg13165311	54	55	0
cg13165311	66	67	0
cg13349948	6	7	0
cg13349948	56	57	0
cg13400013	10	11	0
cg13486820	31	32	100
cg13551010	14	15	0
cg13660279	56	57	100
cg13660279	60	61	100
cg13702567	31	32	0
cg13732394	18	19	0
cg13739934	54	55	0
cg13739934	57	58	0
cg13739934	75	76	0
cg13834844	40	41	0
cg13848598	10	11	0
cg13848598	57	58	0
cg13901789	60	61	100
cg13909487	69	70	0
cg14001847	18	19	0
cg14001847	36	37	0
cg14001847	45	46	0
cg14001847	51	52	0
cg14001847	72	73	0
cg14001847	75	76	0
cg14019317	8	9	0
cg14019317	12	13	0
cg14019317	16	17	0
cg14019317	26	27	0
cg14019317	34	35	0
cg14019317	44	45	0
cg14019317	47	48	0
cg14360629	26	27	66.6666666666667
cg14491141	42	43	0
cg14491141	50	51	0
cg14491141	55	56	0
cg14491141	64	65	0
cg14702498	26	27	0
cg14702498	32	33	0
cg14702498	54	55	0
cg14702498	56	57	0
cg14702498	60	61	0
cg14702498	73	74	0
cg14715530	32	33	0
cg14715530	38	39	0
cg14715530	48	49	0
cg14940505	19	20	0
cg14940505	56	57	0
cg15214658	23	24	0
cg15262576	23	24	0
cg15726426	57	58	0
cg15913680	20	21	0
cg15913680	36	37	0
cg15913680	40	41	0
cg15913680	46	47	0
cg15913680	49	50	0
cg15913680	65	66	0
cg15944967	34	35	0
cg15944967	67	68	0
cg16073238	12	13	0
cg16073238	34	35	0
cg16073238	38	39	0
cg16073238	42	43	0
cg16073238	46	47	0
cg16073238	56	57	0
cg16073238	71	72	0
cg16197002	40	41	0
cg16197002	55	56	0
cg16197002	58	59	0
cg16427848	70	71	100
cg16437950	7	8	0
cg16456408	41	42	0
cg16456627	74	75	0
cg16550733	55	56	100
cg16561874	31	32	0
cg16675333	60	61	0
cg16675333	63	64	50
cg16743922	36	37	0
cg16743922	56	57	0
cg16743922	58	59	0
cg16839209	2	3	0
cg16839209	12	13	0
cg16839209	14	15	0
cg16839209	24	25	0
cg16839209	26	27	0
cg16839209	31	32	0
cg16839209	34	35	0
cg16839209	40	41	0
cg16839209	42	43	0
cg16839209	43	44	0
cg16839209	63	64	0
cg16848740	71	72	0
cg16908172	19	20	100
cg16908172	76	77	0
cg17037716	20	21	0
cg17037716	74	75	0
cg17329011	19	20	0
cg17329011	21	22	0
cg17329011	38	39	0
cg17417202	45	46	0
cg17417202	58	59	0
cg17426532	8	9	100
cg17426532	15	16	100
cg17426532	30	31	0
cg17537062	40	41	0
cg17541971	21	22	0
cg17541971	34	35	0
cg17609931	13	14	100
cg17840681	3	4	0
cg17840681	45	46	0
cg18062440	38	39	0
cg18062440	43	44	0
cg18062440	48	49	0
cg18062440	51	52	0
cg18062440	64	65	0
cg18120675	32	33	0
cg18192799	38	39	0
cg18271715	34	35	0
cg18284930	23	24	0
cg18284930	36	37	0
cg18306254	36	37	100
cg18342041	4	5	0
cg18342041	9	10	0
cg18342041	12	13	0
cg18342041	39	40	0
cg18397523	24	25	100
cg18459384	51	52	0
cg18459384	55	56	0
cg18678822	34	35	0
cg18678822	47	48	0
cg18760617	22	23	0
cg18760617	31	32	0
cg18760617	44	45	0
cg18815657	17	18	100
cg18845660	47	48	0
cg18906085	17	18	0
cg18906085	20	21	0
cg18906085	28	29	33.3333333333333
cg18906085	32	33	0
cg18906085	35	36	0
cg18906085	37	38	0
cg18919816	7	8	0
cg18934851	34	35	0
cg19044063	13	14	0
cg19117962	35	36	100
cg19133511	44	45	50
cg19208044	71	72	100
cg19549894	22	23	0
cg19549894	28	29	0
cg19560915	20	21	100
cg19658834	13	14	0
cg19658834	16	17	0
cg19658834	39	40	0
cg19996711	0	1	0
cg19996711	11	12	0
cg19996711	52	53	0
cg20149183	55	56	0
cg20149183	62	63	0
cg20167583	35	36	100
cg20242875	38	39	0
cg20242875	47	48	0
cg20242875	53	54	0
cg20242875	56	57	0
cg20242875	63	64	0
cg20291049	27	28	0
cg20291049	31	32	0
cg20291049	44	45	0
cg20291049	59	60	0
cg20291049	73	74	0
cg20346209	34	35	0
cg20346209	43	44	0
cg20346209	56	57	0
cg20358438	38	39	0
cg20358438	48	49	0
cg20358438	52	53	0
cg20358438	57	58	0
cg20462566	31	32	0
cg20568292	72	73	0
cg20638025	28	29	50
cg20638025	62	63	0
cg20821442	57	58	0
cg20821442	66	67	0
cg20823439	17	18	0
cg20823439	29	30	0
cg20823439	37	38	0
cg20823439	46	47	0
cg20823439	67	68	0
cg20823439	72	73	0
cg20826688	19	20	0
cg20872072	5	6	0
cg20872072	24	25	0
cg20960545	4	5	0
cg20960545	18	19	0
cg20960545	25	26	0
cg20960545	50	51	0
cg20960545	55	56	0
cg20960545	67	68	0
cg21027282	17	18	0
cg21027282	20	21	0
cg21027282	24	25	0
cg21046297	18	19	0
cg21046297	44	45	0
cg21046297	47	48	0
cg21075112	71	72	100
cg21107288	32	33	0
cg21107288	39	40	0
cg21107288	50	51	0
cg21115959	14	15	0
cg21115959	64	65	0
cg21206637	17	18	0
cg21206637	20	21	0
cg21274598	70	71	0
cg21274598	73	74	0
cg21474882	18	19	0
cg21474882	36	37	0
cg21474882	40	41	0
cg21474882	63	64	0
cg21516079	54	55	100
cg21538469	10	11	100
cg21664322	57	58	100
cg21664322	59	60	0
cg21684886	16	17	0
cg21686577	56	57	0
cg21762820	18	19	0
cg21762820	25	26	0
cg21762820	37	38	0
cg21797039	67	68	0
cg22029297	36	37	0
cg22029297	52	53	0
cg22029297	61	62	0
cg22075146	5	6	0
cg22075146	12	13	0
cg22075146	32	33	0
cg22075146	52	53	0
cg22290035	31	32	50
cg22290035	61	62	0
cg22290035	72	73	0
cg22316499	63	64	100
cg22320967	63	64	0
cg22379728	64	65	0
cg22409694	27	28	0
cg22409694	58	59	0
cg22409694	73	74	0
cg22704389	70	71	0
cg22719669	18	19	0
cg22750057	18	19	33.3333333333333
cg22750057	48	49	0
cg22750057	53	54	0
cg22750057	59	60	0
cg22750057	74	75	0
cg23004138	23	24	100
cg23004138	26	27	0
cg23197560	14	15	0
cg23197560	25	26	0
cg23197560	64	65	0
cg23302461	52	53	0
cg23425044	4	5	0
cg23425044	10	11	0
cg23425044	44	45	0
cg23425044	58	59	0
cg23575948	15	16	0
cg23575948	21	22	0
cg23575948	41	42	0
cg23575948	57	58	0
cg23575948	67	68	0
cg23575948	70	71	0
cg23626248	47	48	50
cg23778391	61	62	0
cg23793099	3	4	0
cg23793099	7	8	0
cg23793099	18	19	0
cg23793099	31	32	0
cg23793099	37	38	0
cg23829949	30	31	0
cg23865846	59	60	0
cg23869573	30	31	0
cg23869573	62	63	0
cg23925685	7	8	0
cg23925685	16	17	0
cg23925685	24	25	0
cg23931730	22	23	0
cg23931730	49	50	0
cg23931730	52	53	0
cg23931730	60	61	0
cg24226527	30	31	0
cg24226527	62	63	0
cg24255409	26	27	0
cg24533228	16	17	0
cg24533228	43	44	0
cg24555998	23	24	0
cg24555998	32	33	0
cg24555998	34	35	0
cg24555998	48	49	0
cg24555998	57	58	0
cg24653257	1	2	0
cg24653257	5	6	0
cg24653257	9	10	0
cg24653257	13	14	0
cg24653257	46	47	0
cg24653257	69	70	0
cg24677671	37	38	100
cg24713149	43	44	0
cg24782168	41	42	0
cg24822649	21	22	0
cg24930802	11	12	0
cg24930802	25	26	0
cg24930802	37	38	0
cg25165498	6	7	0
cg25165498	11	12	0
cg25165498	55	56	0
cg25165498	58	59	0
cg25209681	34	35	0
cg25209681	49	50	0
cg25235409	16	17	0
cg25235409	29	30	0
cg25235409	35	36	0
cg25235409	62	63	0
cg25327134	10	11	0
cg25339883	19	20	0
cg25339883	39	40	0
cg25339883	44	45	0
cg25339883	52	53	0
cg25339883	60	61	0
cg25354602	19	20	100
cg25354602	22	23	100
cg25398727	25	26	100
cg25732341	71	72	0
cg25742767	58	59	0
cg25764105	34	35	0
cg25764105	40	41	0
cg25878799	14	15	0
cg25878799	22	23	0
cg25878799	39	40	0
cg25878799	46	47	0
cg25927637	21	22	100
cg25927637	25	26	0
cg26109480	70	71	0
cg26154615	20	21	100
cg26154615	68	69	0
cg26255127	2	3	0
cg26255127	14	15	0
cg26255127	47	48	0
cg26255127	57	58	0
cg26255127	71	72	0
cg26286303	6	7	0
cg26286303	41	42	0
cg26286303	52	53	0
cg26451479	1	2	100
cg26451479	4	5	100
cg26451479	7	8	0
cg26451479	32	33	0
cg26538799	49	50	100
cg26566168	19	20	0
cg26603143	58	59	100
cg26776127	34	35	0
cg26776127	36	37	0
cg26776127	46	47	0
cg26776127	73	74	0
cg26776127	75	76	0
cg26844246	16	17	0
cg26844246	25	26	0
cg26844246	47	48	0
cg26844246	49	50	0
cg26845017	2	3	0
cg26845017	15	16	0
cg26989101	46	47	0
cg26992565	23	24	0
cg26992565	26	27	0
cg26992565	31	32	0
cg27037659	6	7	0
cg27037659	9	10	0
cg27037659	18	19	0
cg27037659	29	30	0
cg27037659	49	50	0
cg27201382	23	24	0
cg27201382	50	51	0
cg27344974	75	76	0
cg27365371	9	10	0
cg27365371	12	13	0
cg27365371	24	25	0
cg27365371	64	65	0
cg27425459	15	16	0
cg27447914	60	61	0
cg27600712	21	22	0
cg27664916	28	29	100
cg27664916	54	55	100
cg27699373	0	1	0
cg27699373	29	30	0
cg27699373	31	32	0
cg27699373	32	33	0
cg27699373	34	35	0
cg27699373	38	39	0
cg27699373	40	41	0
cg27699373	60	61	0
cg27699373	62	63	0
cg27699373	66	67	0
cg27699373	68	69	0
cg27699373	70	71	0
