track type=bedGraph
cg00008998	65	66	0
cg00330845	73	74	0
cg00447136	8	9	0
cg00612925	33	34	0
cg00612925	40	41	0
cg01008025	33	34	100
cg01047058	53	54	0
cg01047058	60	61	0
cg01594757	12	13	100
cg01901522	42	43	100
cg02219744	13	14	100
cg02221888	11	12	0
cg02351382	68	69	0
cg02688223	25	26	0
cg02697105	32	33	0
cg02714609	38	39	0
cg02805342	55	56	100
cg02894112	46	47	0
cg02894112	51	52	0
cg02894112	58	59	100
cg02898094	6	7	0
cg02898094	26	27	0
cg03144020	72	73	100
cg03338794	20	21	0
cg03338794	25	26	0
cg03539526	7	8	100
cg03539526	33	34	0
cg03603997	27	28	0
cg03904814	19	20	0
cg04087693	51	52	50
cg04336027	50	51	0
cg04802182	8	9	100
cg04860548	22	23	0
cg04860548	67	68	0
cg05031474	59	60	0
cg05031474	63	64	0
cg05097610	9	10	0
cg05234920	18	19	100
cg05497416	50	51	0
cg05725590	36	37	100
cg05730460	26	27	0
cg05886164	44	45	0
cg06023028	28	29	100
cg06363517	24	25	50
cg06392318	31	32	50
cg06557369	50	51	33.3333333333333
cg06610975	50	51	0
cg07094804	44	45	0
cg07171305	58	59	0
cg07299823	12	13	100
cg07336259	8	9	0
cg07336259	12	13	0
cg07537139	64	65	0
cg08268145	12	13	0
cg08566450	43	44	50
cg08566450	74	75	100
cg08855449	40	41	0
cg08921975	38	39	0
cg08924167	68	69	100
cg09392026	49	50	0
cg09579869	53	54	100
cg09682305	5	6	100
cg09682305	37	38	66.6666666666667
cg09699229	32	33	50
cg09789765	7	8	0
cg09789765	20	21	0
cg09816507	53	54	100
cg10064809	40	41	0
cg10131194	53	54	100
cg10152878	71	72	0
cg10342649	34	35	100
cg10427841	13	14	0
cg10451848	49	50	0
cg10566829	29	30	100
cg10604668	9	10	100
cg10643442	35	36	0
cg10788097	33	34	0
cg11025714	16	17	100
cg11025714	28	29	100
cg11066411	34	35	100
cg11156486	62	63	100
cg11179893	29	30	0
cg11584091	44	45	0
cg11584091	58	59	0
cg11700079	55	56	0
cg11728741	14	15	50
cg11728741	20	21	100
cg12016197	59	60	100
cg12335724	54	55	100
cg12757011	63	64	0
cg12757011	67	68	0
cg12798259	61	62	100
cg12799227	7	8	100
cg12799227	21	22	100
cg12903213	54	55	100
cg13288931	22	23	100
cg13349948	56	57	0
cg13349948	71	72	0
cg13487071	33	34	0
cg13660279	12	13	0
cg13660279	69	70	100
cg13732394	55	56	0
cg13901789	3	4	0
cg14019317	36	37	0
cg14311946	41	42	100
cg14360629	26	27	80
cg14363797	72	73	0
cg14788180	65	66	0
cg14788180	72	73	0
cg14977462	42	43	0
cg15221079	38	39	100
cg15221079	41	42	100
cg15221079	47	48	100
cg15516833	42	43	0
cg15823859	29	30	0
cg15823859	33	34	100
cg15890010	52	53	0
cg16188689	14	15	0
cg16437950	58	59	0
cg16437950	64	65	0
cg16456627	69	70	0
cg16625559	63	64	0
cg16658659	20	21	0
cg16862911	69	70	0
cg17329011	19	20	0
cg17426532	68	69	100
cg17548032	58	59	100
cg17644722	15	16	0
cg18135595	34	35	0
cg18271715	34	35	0
cg18743610	58	59	0
cg18815657	58	59	100
cg18968947	19	20	0
cg19028261	21	22	0
cg19028261	55	56	0
cg19117962	35	36	100
cg19615998	51	52	100
cg19939065	10	11	0
cg19939065	38	39	0
cg19981759	52	53	0
cg19981759	67	68	0
cg20167583	7	8	0
cg20167583	35	36	0
cg20199880	61	62	0
cg20568292	72	73	100
cg20609321	36	37	100
cg20609321	43	44	100
cg20872072	5	6	0
cg20872072	24	25	50
cg20960545	18	19	0
cg20960545	67	68	0
cg21107288	22	23	100
cg21115959	31	32	0
cg21187101	50	51	100
cg21187101	53	54	0
cg21258436	62	63	0
cg21639837	65	66	0
cg21664322	40	41	100
cg21664322	57	58	50
cg23076498	19	20	100
cg23091488	58	59	100
cg23384377	63	64	0
cg23778391	61	62	0
cg23797553	46	47	100
cg24117712	31	32	0
cg24117712	69	70	0
cg24181917	48	49	0
cg24181917	71	72	0
cg24184266	27	28	100
cg24184266	52	53	100
cg24653257	30	31	0
cg24713149	46	47	100
cg24717141	70	71	0
cg25001128	54	55	100
cg25209681	8	9	0
cg25273233	33	34	100
cg25379954	17	18	0
cg25379954	49	50	0
cg25743059	34	35	100
cg25878799	22	23	0
cg26155008	7	8	100
cg26226211	28	29	100
cg26313355	3	4	0
cg26313355	25	26	0
cg26313355	30	31	0
cg26530991	35	36	100
cg26718996	10	11	0
cg26830742	23	24	0
cg27121137	32	33	0
cg27121137	35	36	0
cg27149782	10	11	100
cg27149782	21	22	100
cg27159708	52	53	0
