track type=bedGraph
cg00362487	67	68	0
cg00401433	23	24	100
cg00546693	31	32	100
cg01105418	56	57	100
cg01594757	12	13	50
cg02334049	43	44	0
cg02389125	33	34	100
cg02540142	4	5	100
cg02540142	18	19	100
cg03094159	47	48	100
cg03260249	42	43	100
cg03260249	45	46	100
cg03265102	64	65	0
cg03597491	45	46	100
cg03639871	49	50	100
cg03674256	55	56	0
cg03767531	22	23	0
cg03767531	67	68	0
cg03847707	60	61	0
cg03938432	18	19	0
cg03938432	23	24	0
cg03938432	59	60	100
cg03957108	41	42	100
cg04168436	36	37	0
cg04336027	33	34	100
cg04804914	64	65	100
cg05060618	21	22	100
cg05060618	40	41	100
cg05473648	31	32	100
cg05546219	36	37	0
cg05660816	74	75	100
cg05705884	44	45	100
cg05847336	23	24	0
cg05879189	11	12	100
cg06097717	36	37	0
cg06145973	56	57	0
cg06145973	72	73	0
cg06310881	36	37	100
cg06363517	24	25	100
cg06550953	65	66	50
cg06812724	31	32	0
cg06812724	39	40	0
cg06944510	9	10	100
cg07026794	67	68	0
cg07694338	14	15	0
cg08194812	15	16	0
cg08194812	21	22	100
cg08629602	31	32	0
cg08849105	34	35	0
cg08849105	47	48	0
cg08849105	59	60	0
cg08921975	38	39	0
cg08981690	36	37	0
cg09182475	47	48	0
cg09182475	53	54	0
cg09252678	30	31	100
cg09376856	35	36	0
cg09376856	41	42	0
cg09559982	66	67	0
cg09817427	68	69	0
cg10131194	53	54	100
cg10324939	28	29	0
cg10324939	46	47	100
cg10324939	74	75	0
cg11058785	27	28	100
cg11352219	45	46	100
cg11437639	42	43	100
cg11772199	10	11	0
cg12572894	25	26	0
cg12593479	48	49	100
cg12757011	40	41	100
cg12903213	54	55	50
cg12986671	47	48	100
cg13230634	35	36	0
cg13230634	39	40	0
cg13349948	67	68	0
cg13349948	71	72	100
cg13702567	31	32	100
cg13766016	49	50	100
cg14140337	14	15	0
cg14140337	23	24	0
cg14360629	26	27	60
cg14415958	58	59	0
cg14726968	33	34	100
cg15516833	74	75	100
cg15566115	27	28	100
cg15693666	7	8	100
cg15823859	33	34	33.3333333333333
cg16102371	20	21	0
cg16524928	20	21	0
cg16606195	41	42	0
cg16675686	31	32	100
cg16744551	28	29	100
cg16873877	72	73	100
cg16965558	18	19	100
cg17329011	19	20	100
cg17426532	68	69	100
cg17609931	16	17	0
cg17662507	41	42	0
cg17696987	13	14	0
cg17923358	18	19	100
cg17942031	23	24	100
cg17942031	29	30	100
cg18243072	19	20	0
cg18271715	14	15	100
cg18271715	63	64	0
cg18284930	23	24	0
cg18306254	18	19	100
cg18501647	18	19	100
cg18501647	29	30	0
cg18815657	17	18	0
cg18815657	58	59	100
cg19011483	27	28	100
cg19117962	35	36	81.8181818181818
cg19169532	4	5	0
cg19169532	9	10	0
cg19169532	16	17	100
cg19291109	42	43	0
cg19291109	50	51	0
cg20011459	44	45	100
cg20149183	33	34	100
cg20167583	35	36	100
cg20312798	29	30	100
cg20346209	32	33	100
cg20469625	59	60	0
cg20469625	69	70	100
cg20718201	9	10	0
cg20821442	55	56	0
cg20872072	24	25	50
cg20909027	47	48	0
cg20909027	55	56	0
cg20909027	59	60	0
cg20925142	21	22	100
cg20925142	71	72	0
cg21046297	58	59	0
cg21206637	20	21	100
cg21333598	45	46	100
cg21538469	35	36	100
cg21684886	70	71	100
cg22044564	45	46	0
cg22069272	48	49	0
cg22728816	31	32	100
cg22728816	57	58	0
cg23046555	36	37	100
cg23195996	28	29	0
cg23195996	31	32	0
cg23318877	65	66	0
cg23931730	7	8	0
cg23931730	49	50	100
cg24018680	46	47	100
cg24587040	47	48	0
cg24587040	50	51	100
cg24946611	11	12	0
cg24946611	45	46	0
cg25020809	27	28	0
cg25148589	20	21	0
cg25148589	23	24	0
cg25148589	48	49	100
cg25226813	7	8	100
cg25235409	16	17	0
cg25235409	29	30	0
cg25235409	35	36	100
cg25322213	21	22	0
cg25322213	25	26	0
cg25398727	25	26	100
cg25402449	68	69	100
cg25480877	66	67	100
cg26373046	66	67	0
cg26495946	63	64	100
cg26520770	51	52	0
cg26530991	14	15	100
cg26718996	41	42	0
cg27061549	16	17	0
cg27181123	11	12	0
cg27257879	29	30	100
