track type=bedGraph
cg00059486	14	15	0
cg00059486	18	19	0
cg00059486	19	20	0
cg00059486	21	22	0
cg00158333	10	11	100
cg00158333	14	15	100
cg00158333	15	16	100
cg00158333	56	57	0
cg00158333	61	62	100
cg00279752	40	41	100
cg00279752	41	42	100
cg00279752	44	45	85.7142857142857
cg00279752	45	46	80
cg00279752	51	52	88.8888888888889
cg00279752	66	67	100
cg00447136	17	18	100
cg00447136	19	20	100
cg00447136	20	21	100
cg00508255	37	38	0
cg00508255	39	40	100
cg00508255	40	41	0
cg00508255	44	45	100
cg00777340	66	67	0
cg00877739	18	19	100
cg00877739	21	22	0
cg00877739	24	25	100
cg00877739	25	26	100
cg00877739	64	65	0
cg00877739	66	67	100
cg00877739	67	68	100
cg00877739	68	69	100
cg00877739	69	70	100
cg00877739	72	73	100
cg00987824	11	12	0
cg00987824	15	16	100
cg00987824	18	19	100
cg00987824	37	38	100
cg00987824	38	39	100
cg00987824	65	66	0
cg00987824	67	68	50
cg01027323	58	59	100
cg01027323	62	63	100
cg01027323	64	65	100
cg01027323	67	68	50
cg01027323	68	69	100
cg01027323	69	70	100
cg01027323	70	71	100
cg01027323	71	72	100
cg01090774	0	1	100
cg01090774	7	8	100
cg01099625	0	1	100
cg01099625	1	2	100
cg01099625	3	4	40
cg01099625	9	10	100
cg01099625	44	45	91.6666666666667
cg01099625	45	46	92.3076923076923
cg01099625	48	49	94.1176470588235
cg01099625	57	58	87.8787878787879
cg01099625	58	59	60.7142857142857
cg01099625	61	62	57.8947368421053
cg01105418	40	41	0
cg01105418	48	49	100
cg01105418	52	53	100
cg01187271	40	41	100
cg01187271	42	43	100
cg01187271	44	45	100
cg01187271	59	60	60
cg01187271	61	62	100
cg01187271	63	64	80
cg01187271	66	67	100
cg01187271	67	68	75
cg01227361	45	46	100
cg01227361	46	47	100
cg01227361	49	50	100
cg01227361	51	52	0
cg01227361	73	74	0
cg01368226	30	31	100
cg01368226	31	32	100
cg01368226	33	34	100
cg01368226	35	36	100
cg01368226	36	37	100
cg01368226	37	38	100
cg01368226	59	60	100
cg01368226	68	69	100
cg01368226	72	73	100
cg01620430	9	10	50
cg01620430	11	12	100
cg01620430	12	13	100
cg01620430	16	17	100
cg01620430	18	19	100
cg01620430	20	21	100
cg01687105	25	26	100
cg01687105	26	27	0
cg01687105	27	28	0
cg01687105	55	56	0
cg01856529	1	2	72.7272727272727
cg01856529	2	3	83.3333333333333
cg01856529	3	4	92.3076923076923
cg01856529	4	5	92.8571428571429
cg01856529	6	7	68.75
cg01856529	7	8	87.5
cg01856529	8	9	89.4736842105263
cg01856529	9	10	84.2105263157895
cg01856529	11	12	57.8947368421053
cg01856529	12	13	84.2105263157895
cg01856529	13	14	100
cg01856529	14	15	80
cg01856529	15	16	85.7142857142857
cg01856529	17	18	80
cg01856529	19	20	100
cg01935699	47	48	0
cg01935699	49	50	100
cg01935699	52	53	100
cg01935699	55	56	100
cg02000659	11	12	100
cg02000659	15	16	57.1428571428571
cg02000659	22	23	100
cg02000659	25	26	100
cg02000659	26	27	100
cg02000659	59	60	100
cg02000659	61	62	100
cg02000659	63	64	100
cg02000659	65	66	100
cg02000659	66	67	100
cg02000659	67	68	100
cg02017717	41	42	100
cg02017717	42	43	75
cg02017717	43	44	69.2307692307692
cg02017717	45	46	85.7142857142857
cg02017717	52	53	62.5
cg02017717	53	54	100
cg02083803	6	7	100
cg02083803	11	12	100
cg02083803	12	13	100
cg02083803	57	58	100
cg02083803	58	59	100
cg02083803	60	61	100
cg02231349	25	26	0
cg02286774	2	3	0
cg02286774	8	9	100
cg02286774	12	13	100
cg02286774	13	14	40
cg02286774	17	18	100
cg02340142	12	13	100
cg02340142	53	54	100
cg02379880	8	9	100
cg02379880	9	10	0
cg02379880	65	66	0
cg02486904	14	15	100
cg02486904	62	63	100
cg02486904	64	65	100
cg02486904	65	66	100
cg02486904	70	71	100
cg02676375	30	31	0
cg02676375	32	33	0
cg02676375	34	35	100
cg02676375	35	36	100
cg02676375	68	69	100
cg02676375	72	73	100
cg02676375	75	76	100
cg02688223	49	50	100
cg02688223	52	53	50
cg02688223	54	55	50
cg02688223	58	59	66.6666666666667
cg02688223	60	61	100
cg02688223	66	67	100
cg02688223	67	68	100
cg02690638	40	41	0
cg02690638	58	59	0
cg02690638	64	65	0
cg02737031	43	44	87.5
cg02737031	47	48	100
cg02737031	53	54	93.3333333333333
cg02737031	59	60	100
cg02737031	60	61	14.2857142857143
cg02905739	41	42	100
cg02905739	42	43	100
cg02905739	45	46	100
cg02905739	49	50	100
cg02905739	51	52	100
cg02905739	56	57	100
cg02905739	62	63	0
cg02905739	63	64	100
cg02926165	4	5	0
cg02932095	55	56	100
cg02932095	59	60	100
cg02972618	0	1	100
cg02972618	1	2	100
cg02972618	3	4	100
cg02972618	4	5	100
cg02972618	65	66	100
cg02972618	67	68	100
cg02972618	69	70	100
cg02972618	71	72	100
cg02972618	75	76	100
cg03064169	41	42	50
cg03064169	44	45	50
cg03064169	45	46	0
cg03077729	27	28	50
cg03077729	31	32	100
cg03077729	34	35	100
cg03144020	47	48	0
cg03144020	48	49	100
cg03144020	50	51	100
cg03144020	51	52	0
cg03144020	53	54	100
cg03144020	55	56	0
cg03144020	56	57	100
cg03144020	68	69	100
cg03144020	69	70	100
cg03144020	74	75	100
cg03153971	23	24	100
cg03153971	64	65	100
cg03153971	66	67	100
cg03153971	68	69	100
cg03174933	13	14	100
cg03174933	15	16	0
cg03174933	35	36	100
cg03174933	37	38	100
cg03174933	41	42	100
cg03174933	42	43	100
cg03458585	5	6	100
cg03458585	10	11	0
cg03458585	11	12	100
cg03458585	69	70	100
cg03458585	71	72	100
cg03458585	73	74	100
cg03597059	25	26	50
cg03597059	35	36	50
cg03597059	71	72	100
cg03597059	72	73	100
cg03597491	16	17	100
cg03597491	20	21	100
cg03597491	25	26	100
cg03597491	42	43	100
cg03597491	44	45	0
cg03597491	49	50	0
cg03597491	50	51	100
cg03639871	24	25	0
cg03639871	25	26	100
cg03639871	65	66	100
cg03639871	66	67	100
cg03674256	69	70	0
cg03674256	71	72	0
cg03697136	59	60	0
cg03724450	7	8	100
cg03724450	46	47	100
cg03724450	49	50	100
cg03724450	52	53	66.6666666666667
cg03724450	54	55	66.6666666666667
cg03724450	55	56	100
cg03724450	56	57	66.6666666666667
cg03787614	6	7	100
cg03787614	8	9	100
cg03787614	9	10	100
cg03787614	41	42	100
cg03787614	45	46	100
cg03787614	46	47	100
cg03787614	48	49	100
cg03880910	37	38	0
cg03880910	38	39	0
cg03880910	41	42	0
cg03880910	43	44	0
cg03880910	44	45	0
cg03880910	68	69	0
cg03938432	17	18	0
cg03938432	61	62	87.5
cg03938432	63	64	75
cg03938432	64	65	77.7777777777778
cg03938432	67	68	91.6666666666667
cg03938432	68	69	91.6666666666667
cg03938432	72	73	76.9230769230769
cg03938432	73	74	75
cg03938432	76	77	60
cg03938432	77	78	100
cg03938432	78	79	100
cg03938432	79	80	40
cg03972287	49	50	100
cg03972287	51	52	100
cg03972287	55	56	100
cg03972287	72	73	0
cg03972287	73	74	100
cg03972287	77	78	100
cg03972287	79	80	100
cg04093430	26	27	100
cg04093430	29	30	80
cg04093430	36	37	100
cg04093430	37	38	100
cg04093430	38	39	100
cg04107706	20	21	0
cg04107706	27	28	0
cg04107706	33	34	0
cg04107706	35	36	0
cg04124389	8	9	0
cg04124389	14	15	50
cg04124389	16	17	25
cg04124389	18	19	25
cg04124389	19	20	25
cg04124389	21	22	50
cg04124389	22	23	0
cg04124389	32	33	33.3333333333333
cg04124389	33	34	66.6666666666667
cg04124389	34	35	66.6666666666667
cg04124389	37	38	100
cg04124389	48	49	100
cg04124389	50	51	0
cg04124389	52	53	0
cg04124389	56	57	0
cg04124389	61	62	0
cg04124389	62	63	100
cg04150055	5	6	100
cg04150055	7	8	0
cg04150055	17	18	100
cg04168436	9	10	50
cg04168436	13	14	75
cg04168436	17	18	66.6666666666667
cg04336027	18	19	100
cg04336027	22	23	100
cg04336027	27	28	100
cg04336027	29	30	100
cg04348533	63	64	100
cg04348533	65	66	100
cg04348533	67	68	100
cg04348533	68	69	100
cg04348533	75	76	100
cg04348533	77	78	100
cg04504700	64	65	0
cg04504700	70	71	0
cg04504700	72	73	0
cg04504700	73	74	0
cg04504700	76	77	50
cg04504700	78	79	50
cg04529370	24	25	0
cg04541229	7	8	100
cg04541229	9	10	100
cg04541229	37	38	100
cg04541229	38	39	100
cg04541229	40	41	100
cg04541229	41	42	100
cg04556126	41	42	100
cg04556126	42	43	100
cg04556126	46	47	100
cg04556126	50	51	100
cg04556126	51	52	100
cg04595593	19	20	100
cg04595593	59	60	0
cg04595593	61	62	100
cg04595593	63	64	0
cg04595593	65	66	100
cg04769815	62	63	100
cg04769815	67	68	0
cg04769815	68	69	100
cg04769815	70	71	100
cg04802182	11	12	100
cg04802182	15	16	0
cg04802182	18	19	100
cg04802182	19	20	0
cg04802182	21	22	100
cg04802182	22	23	100
cg04802182	23	24	0
cg04802182	25	26	100
cg04804914	52	53	100
cg04804914	54	55	0
cg04804914	56	57	100
cg04804914	58	59	0
cg04804914	60	61	100
cg04804914	66	67	0
cg04804914	67	68	100
cg04804914	74	75	0
cg04804914	76	77	0
cg04804914	77	78	100
cg04804914	78	79	0
cg04863645	12	13	0
cg04863645	15	16	100
cg04878542	14	15	66.6666666666667
cg04878542	15	16	100
cg04878542	16	17	50
cg04878542	17	18	75
cg04878542	19	20	83.3333333333333
cg04878542	20	21	50
cg04878542	22	23	83.3333333333333
cg04878542	23	24	66.6666666666667
cg04878542	25	26	83.3333333333333
cg04878542	26	27	66.6666666666667
cg04878542	28	29	50
cg04878542	29	30	50
cg04878542	35	36	100
cg04905851	16	17	100
cg04905851	25	26	100
cg05097610	23	24	100
cg05097610	26	27	100
cg05097610	27	28	100
cg05097610	50	51	100
cg05097610	53	54	100
cg05108018	42	43	100
cg05108018	43	44	100
cg05108018	45	46	100
cg05108018	46	47	100
cg05108018	48	49	50
cg05121253	15	16	100
cg05121253	51	52	0
cg05121253	56	57	0
cg05121253	58	59	0
cg05167834	29	30	100
cg05167834	42	43	0
cg05167834	43	44	100
cg05167834	44	45	0
cg05167834	45	46	0
cg05167834	50	51	0
cg05167834	51	52	100
cg05234920	7	8	50
cg05234920	11	12	66.6666666666667
cg05234920	12	13	25
cg05234920	14	15	75
cg05234920	15	16	75
cg05359706	32	33	0
cg05359706	38	39	100
cg05359706	39	40	100
cg05359706	43	44	100
cg05359706	49	50	100
cg05497416	40	41	0
cg05497416	41	42	100
cg05497416	44	45	0
cg05497416	48	49	0
cg05497416	49	50	100
cg05575054	26	27	100
cg05575054	29	30	100
cg05575054	32	33	100
cg05575054	33	34	100
cg05575054	34	35	100
cg05575054	35	36	100
cg05575054	38	39	100
cg05575054	68	69	100
cg05575054	71	72	100
cg05575054	74	75	100
cg05660816	14	15	100
cg05660816	16	17	100
cg05660816	19	20	100
cg05660816	55	56	100
cg05660816	58	59	100
cg05660816	60	61	0
cg05660816	68	69	100
cg05688812	14	15	100
cg05688812	44	45	0
cg05688812	45	46	100
cg05688812	47	48	100
cg05688812	51	52	100
cg05688812	56	57	100
cg05698015	18	19	100
cg05698015	19	20	100
cg05698015	20	21	0
cg05730460	9	10	100
cg05730460	11	12	100
cg05730460	13	14	100
cg05730460	14	15	0
cg05730460	17	18	100
cg05730460	46	47	0
cg05765439	44	45	100
cg05765439	48	49	100
cg05765439	49	50	100
cg05765439	50	51	100
cg05886164	45	46	0
cg05886164	47	48	100
cg05886164	52	53	100
cg05886164	54	55	100
cg05886164	57	58	100
cg05933419	60	61	50
cg05933419	61	62	50
cg05933419	67	68	100
cg06023028	10	11	100
cg06023028	12	13	100
cg06055418	6	7	100
cg06055418	17	18	50
cg06055418	18	19	50
cg06055418	19	20	100
cg06055418	20	21	100
cg06055418	25	26	100
cg06097717	9	10	100
cg06097717	16	17	50
cg06097717	18	19	50
cg06097717	64	65	100
cg06097717	65	66	100
cg06097717	68	69	0
cg06097717	69	70	0
cg06166108	48	49	100
cg06166108	51	52	100
cg06166108	52	53	100
cg06166108	54	55	100
cg06166108	57	58	100
cg06206751	6	7	100
cg06206751	7	8	100
cg06206751	10	11	100
cg06206751	13	14	100
cg06206751	14	15	0
cg06206751	15	16	100
cg06206751	16	17	100
cg06206751	49	50	100
cg06206751	54	55	100
cg06206751	55	56	100
cg06242145	16	17	100
cg06242145	23	24	100
cg06242145	57	58	100
cg06242145	60	61	0
cg06242145	61	62	100
cg06272543	8	9	0
cg06272543	68	69	0
cg06272543	73	74	100
cg06292880	10	11	100
cg06292880	14	15	78.2608695652174
cg06292880	18	19	63.768115942029
cg06292880	26	27	82.9268292682927
cg06292880	27	28	70.8860759493671
cg06292880	31	32	77.4193548387097
cg06292880	34	35	74.2857142857143
cg06292880	55	56	100
cg06292880	68	69	100
cg06360155	7	8	100
cg06360155	20	21	100
cg06360155	24	25	0
cg06360155	26	27	100
cg06360155	27	28	100
cg06360155	29	30	100
cg06360155	32	33	0
cg06363517	9	10	100
cg06363517	11	12	100
cg06363517	15	16	0
cg06363517	16	17	100
cg06363517	18	19	100
cg06363517	19	20	100
cg06363517	21	22	0
cg06363517	23	24	100
cg06392318	19	20	0
cg06392318	34	35	100
cg06392318	36	37	0
cg06392318	37	38	0
cg06392318	38	39	100
cg06392318	40	41	0
cg06392318	44	45	0
cg06392318	45	46	0
cg06392318	46	47	100
cg06392318	48	49	0
cg06479604	7	8	100
cg06479604	9	10	0
cg06479604	10	11	100
cg06479604	13	14	0
cg06479604	14	15	0
cg06479604	51	52	100
cg06479604	52	53	100
cg06550953	12	13	100
cg06550953	59	60	100
cg06550953	61	62	100
cg06564900	16	17	0
cg06564900	20	21	50
cg06564900	21	22	0
cg06564900	22	23	100
cg06610975	13	14	100
cg06610975	16	17	100
cg06610975	19	20	100
cg06610975	22	23	100
cg06708132	0	1	50
cg06708132	2	3	100
cg06708132	3	4	100
cg06708132	6	7	80
cg06708132	8	9	100
cg06708132	10	11	100
cg06785707	44	45	0
cg06812724	5	6	0
cg06812724	10	11	0
cg06812724	18	19	0
cg06878766	21	22	0
cg06878766	22	23	0
cg06878766	23	24	100
cg07005811	28	29	100
cg07005811	32	33	100
cg07171305	20	21	100
cg07171305	23	24	100
cg07171305	24	25	100
cg07171305	25	26	0
cg07171305	27	28	100
cg07171305	28	29	100
cg07171305	29	30	0
cg07171305	59	60	77.7777777777778
cg07171305	60	61	33.3333333333333
cg07171305	61	62	66.6666666666667
cg07171305	62	63	88.8888888888889
cg07171305	64	65	54.5454545454545
cg07171305	67	68	90.9090909090909
cg07171305	68	69	27.2727272727273
cg07171305	71	72	100
cg07279255	51	52	0
cg07279255	52	53	0
cg07373698	6	7	0
cg07373698	8	9	0
cg07373698	29	30	100
cg07373698	31	32	50
cg07373698	33	34	100
cg07373698	34	35	50
cg07373698	35	36	100
cg07373698	36	37	0
cg07373698	38	39	100
cg07373698	41	42	100
cg07373698	42	43	0
cg07373698	52	53	100
cg07373698	54	55	0
cg07373698	55	56	100
cg07373698	60	61	0
cg07550331	11	12	0
cg07550331	34	35	100
cg07550331	35	36	100
cg07550331	41	42	100
cg07550331	46	47	66.6666666666667
cg07550331	47	48	66.6666666666667
cg07550331	48	49	50
cg07550331	49	50	50
cg07562874	13	14	100
cg07562874	14	15	100
cg07562874	16	17	100
cg07562874	51	52	0
cg07562874	53	54	0
cg07588415	61	62	0
cg07645671	26	27	100
cg07645671	52	53	100
cg07645671	55	56	100
cg07645671	56	57	100
cg07645671	58	59	66.6666666666667
cg07645671	61	62	100
cg07676047	6	7	100
cg07676047	8	9	100
cg07676047	13	14	100
cg07676047	14	15	100
cg07676047	16	17	100
cg07676047	19	20	0
cg07676047	21	22	0
cg07676047	22	23	100
cg07676047	23	24	0
cg07704742	22	23	100
cg07704742	24	25	100
cg07704742	25	26	100
cg07704742	26	27	100
cg07704742	27	28	100
cg07704742	29	30	50
cg07705206	39	40	100
cg07705206	62	63	0
cg07705206	64	65	100
cg07705206	65	66	100
cg07795407	1	2	0
cg07795407	2	3	100
cg07795407	5	6	100
cg07795407	9	10	90.9090909090909
cg07795407	13	14	90.9090909090909
cg07795407	15	16	66.6666666666667
cg07795407	18	19	25
cg07795407	19	20	100
cg07795407	70	71	100
cg07991288	48	49	100
cg07991288	65	66	0
cg07991288	70	71	0
cg08060524	60	61	0
cg08060524	61	62	0
cg08060524	64	65	0
cg08060524	65	66	0
cg08271353	65	66	100
cg08271353	67	68	100
cg08271353	68	69	100
cg08271353	73	74	100
cg08271353	74	75	50
cg08271353	76	77	100
cg08281622	29	30	100
cg08281622	30	31	100
cg08281622	31	32	100
cg08281622	37	38	100
cg08281622	38	39	100
cg08281622	39	40	100
cg08315393	39	40	33.3333333333333
cg08315393	40	41	0
cg08315393	42	43	66.6666666666667
cg08315393	43	44	75
cg08315393	68	69	100
cg08315393	69	70	100
cg08315393	71	72	100
cg08315393	72	73	100
cg08315393	73	74	100
cg08315393	76	77	50
cg08315393	79	80	100
cg08372705	10	11	100
cg08372705	15	16	100
cg08372705	16	17	100
cg08372705	21	22	100
cg08372705	22	23	100
cg08389403	13	14	100
cg08389403	14	15	100
cg08389403	21	22	50
cg08389403	22	23	100
cg08389403	23	24	100
cg08389403	25	26	100
cg08389403	26	27	100
cg08766215	45	46	0
cg08855194	22	23	100
cg08855194	30	31	66.6666666666667
cg08855194	32	33	57.1428571428571
cg08855194	35	36	100
cg08855194	43	44	50
cg08888677	22	23	0
cg08888677	23	24	0
cg08888677	25	26	0
cg08888677	58	59	0
cg08888677	62	63	0
cg08921975	29	30	0
cg08921975	39	40	100
cg08921975	41	42	100
cg08921975	44	45	50
cg08921975	45	46	50
cg08921975	47	48	100
cg08921975	48	49	50
cg08921975	50	51	100
cg08921975	51	52	100
cg08921975	53	54	50
cg08921975	55	56	100
cg08921975	57	58	50
cg08996087	38	39	100
cg08996087	39	40	100
cg08996087	40	41	0
cg08996087	44	45	100
cg08996087	45	46	100
cg08996087	71	72	0
cg08996087	73	74	100
cg08996087	74	75	100
cg09072617	23	24	50
cg09072617	25	26	0
cg09072617	30	31	100
cg09141122	48	49	100
cg09141122	54	55	100
cg09141122	55	56	0
cg09141122	60	61	100
cg09141122	69	70	100
cg09141122	71	72	100
cg09141122	72	73	0
cg09182475	13	14	100
cg09182475	19	20	100
cg09182475	23	24	100
cg09182475	25	26	100
cg09182475	37	38	100
cg09244212	5	6	0
cg09244212	11	12	100
cg09244212	18	19	100
cg09244212	22	23	0
cg09244212	23	24	100
cg09347937	2	3	100
cg09347937	4	5	0
cg09347937	6	7	100
cg09347937	7	8	50
cg09347937	8	9	50
cg09347937	9	10	50
cg09347937	11	12	100
cg09392026	17	18	100
cg09392026	42	43	0
cg09408404	19	20	100
cg09408404	24	25	100
cg09408404	29	30	100
cg09408404	31	32	0
cg09408404	36	37	100
cg09424904	69	70	100
cg09424904	72	73	100
cg09536551	13	14	100
cg09536551	15	16	0
cg09536551	17	18	100
cg09536551	44	45	100
cg09536551	45	46	100
cg09536551	48	49	66.6666666666667
cg09536551	49	50	100
cg09536551	51	52	100
cg09536551	53	54	50
cg09536551	54	55	100
cg09536551	55	56	0
cg09579869	11	12	0
cg09579869	18	19	0
cg09579869	19	20	0
cg09682305	11	12	66.6666666666667
cg09682305	12	13	36.3636363636364
cg09682305	14	15	95.2380952380952
cg09682305	17	18	96.875
cg09682305	20	21	97.0588235294118
cg09682305	23	24	100
cg09682305	26	27	100
cg09682305	27	28	44.7368421052632
cg09682305	29	30	100
cg09682305	31	32	87.0967741935484
cg09682305	32	33	100
cg09682305	35	36	100
cg09682305	43	44	100
cg09726978	66	67	0
cg09726978	69	70	0
cg09726978	70	71	0
cg09773031	39	40	0
cg09773031	44	45	100
cg09773031	45	46	100
cg09773031	46	47	100
cg09773031	48	49	100
cg09773031	49	50	100
cg09773031	50	51	100
cg09816507	31	32	100
cg09816507	33	34	50
cg09816507	34	35	50
cg09816507	37	38	66.6666666666667
cg09816507	40	41	100
cg09816507	43	44	100
cg09816507	47	48	100
cg09816507	51	52	100
cg09817427	61	62	0
cg09817427	63	64	100
cg09817427	65	66	100
cg09817427	70	71	100
cg09817427	71	72	100
cg09817427	72	73	100
cg09817427	75	76	100
cg09841954	18	19	0
cg09841954	20	21	100
cg09841954	22	23	100
cg09841954	23	24	100
cg09841954	25	26	100
cg09841954	61	62	50
cg09841954	63	64	50
cg09841954	65	66	0
cg09841954	66	67	0
cg09962606	45	46	100
cg09962606	46	47	100
cg09962606	48	49	100
cg09962606	50	51	100
cg10024790	17	18	100
cg10024790	18	19	80
cg10024790	21	22	100
cg10024790	22	23	86.6666666666667
cg10024790	25	26	93.75
cg10024790	26	27	82.3529411764706
cg10024790	29	30	100
cg10024790	44	45	100
cg10024790	45	46	100
cg10024790	48	49	100
cg10064809	5	6	85.7142857142857
cg10064809	7	8	87.5
cg10064809	10	11	45.4545454545455
cg10064809	11	12	72.7272727272727
cg10064809	13	14	81.8181818181818
cg10064809	14	15	81.8181818181818
cg10064809	15	16	90.9090909090909
cg10064809	20	21	57.1428571428571
cg10067250	37	38	100
cg10067250	45	46	0
cg10067250	49	50	100
cg10067250	50	51	100
cg10067250	51	52	0
cg10131194	55	56	75
cg10131194	57	58	80
cg10131194	59	60	100
cg10131194	60	61	71.4285714285714
cg10131194	61	62	37.5
cg10131194	65	66	37.5
cg10131194	67	68	75
cg10131194	69	70	100
cg10131194	70	71	66.6666666666667
cg10414374	54	55	0
cg10414374	57	58	100
cg10414374	61	62	100
cg10414374	65	66	100
cg10439174	4	5	100
cg10439174	67	68	100
cg10439174	69	70	100
cg10439174	71	72	100
cg10503757	58	59	100
cg10503757	61	62	100
cg10503757	62	63	100
cg10503757	63	64	100
cg10503757	68	69	0
cg10543582	40	41	100
cg10543582	59	60	100
cg10604668	29	30	75.4385964912281
cg10604668	30	31	48.2758620689655
cg10604668	34	35	50.7936507936508
cg10604668	36	37	67.6470588235294
cg10604668	37	38	76.8115942028985
cg10604668	38	39	60.5633802816901
cg10604668	39	40	71.0144927536232
cg10604668	40	41	60
cg10604668	41	42	59.4202898550725
cg10604668	44	45	64.7887323943662
cg10604668	46	47	65.7142857142857
cg10604668	47	48	68.1818181818182
cg10604668	49	50	76.9230769230769
cg10643442	38	39	100
cg10643442	39	40	100
cg10643442	47	48	50
cg10643442	54	55	100
cg10643442	56	57	100
cg10643442	57	58	100
cg10643442	59	60	100
cg10643442	60	61	100
cg10643442	61	62	100
cg10643442	70	71	100
cg10736991	65	66	100
cg10736991	73	74	100
cg10736991	77	78	100
cg10736991	78	79	100
cg10774906	42	43	100
cg10774906	43	44	100
cg10774906	45	46	0
cg10774906	51	52	100
cg10774906	64	65	100
cg10774906	66	67	100
cg10873006	17	18	0
cg10873006	31	32	100
cg10873006	34	35	100
cg10873006	35	36	100
cg11025714	20	21	100
cg11025714	22	23	0
cg11025714	23	24	100
cg11025714	24	25	100
cg11025714	25	26	100
cg11025714	27	28	100
cg11025714	41	42	100
cg11025714	46	47	100
cg11025714	47	48	100
cg11034948	11	12	87.5
cg11034948	13	14	75
cg11034948	14	15	87.5
cg11034948	15	16	60
cg11034948	16	17	72.7272727272727
cg11034948	19	20	66.6666666666667
cg11034948	20	21	62.5
cg11034948	21	22	100
cg11034948	23	24	57.1428571428571
cg11034948	25	26	100
cg11034948	28	29	100
cg11034948	34	35	66.6666666666667
cg11058785	28	29	100
cg11058785	37	38	60
cg11058785	39	40	50
cg11058785	42	43	33.3333333333333
cg11058785	49	50	50
cg11058785	51	52	100
cg11058785	52	53	0
cg11167025	8	9	0
cg11167025	33	34	0
cg11167025	34	35	0
cg11167025	36	37	0
cg11171400	9	10	100
cg11171400	13	14	50
cg11171400	61	62	0
cg11171400	64	65	0
cg11171400	65	66	0
cg11179893	44	45	0
cg11179893	47	48	50
cg11214667	43	44	100
cg11214667	47	48	100
cg11214667	48	49	0
cg11214667	50	51	0
cg11319388	2	3	100
cg11319388	4	5	100
cg11319388	10	11	81.8181818181818
cg11319388	11	12	50
cg11319388	13	14	66.6666666666667
cg11319388	16	17	80
cg11319388	17	18	50
cg11319388	56	57	100
cg11319388	58	59	100
cg11352219	47	48	100
cg11352219	52	53	0
cg11647274	23	24	100
cg11647274	37	38	100
cg11647274	38	39	0
cg11647274	44	45	0
cg11729098	54	55	100
cg11729098	55	56	100
cg11729098	59	60	100
cg11729098	60	61	100
cg11729098	62	63	75
cg11729098	67	68	100
cg11729098	68	69	100
cg11741231	11	12	40
cg11741231	14	15	60
cg11741231	17	18	50
cg11741231	24	25	50
cg11741231	25	26	100
cg11741231	26	27	100
cg11807038	14	15	100
cg11807038	15	16	0
cg11807038	17	18	50
cg11807038	19	20	50
cg11807038	52	53	66.6666666666667
cg11807038	54	55	75
cg11807038	59	60	66.6666666666667
cg11807038	63	64	75
cg11807038	64	65	100
cg11812837	5	6	50
cg11812837	6	7	100
cg11812837	7	8	100
cg11812837	8	9	100
cg11875079	48	49	100
cg11875079	51	52	83.3333333333333
cg11875079	52	53	100
cg11875079	55	56	100
cg11875079	57	58	80
cg11875079	60	61	66.6666666666667
cg11875079	63	64	0
cg11905007	12	13	100
cg11905007	15	16	100
cg11905007	71	72	0
cg11905007	72	73	0
cg11905007	73	74	100
cg11905658	2	3	100
cg11905658	5	6	100
cg11905658	6	7	0
cg11905658	7	8	100
cg11905658	9	10	0
cg11905658	69	70	100
cg11905658	74	75	100
cg11905658	75	76	100
cg11914037	6	7	0
cg11914037	9	10	0
cg11914037	10	11	0
cg11914037	13	14	0
cg11914037	32	33	100
cg11914037	33	34	0
cg11914037	34	35	0
cg11923198	1	2	100
cg11923198	5	6	100
cg11923198	6	7	100
cg11923198	32	33	100
cg11923198	35	36	100
cg11923198	36	37	100
cg12046720	46	47	100
cg12046720	51	52	50
cg12046720	52	53	100
cg12046720	56	57	0
cg12046720	57	58	100
cg12046720	58	59	100
cg12046720	62	63	100
cg12046720	63	64	100
cg12046720	64	65	100
cg12145907	56	57	0
cg12145907	58	59	100
cg12145907	59	60	100
cg12145907	67	68	0
cg12145907	68	69	100
cg12145907	69	70	100
cg12241489	38	39	100
cg12241489	50	51	100
cg12241489	55	56	50
cg12241489	56	57	100
cg12553580	2	3	100
cg12553580	4	5	50
cg12553580	6	7	50
cg12553580	7	8	100
cg12553580	8	9	100
cg12553580	9	10	50
cg12553580	11	12	50
cg12553580	12	13	100
cg12553580	14	15	100
cg12553580	15	16	33.3333333333333
cg12553580	16	17	100
cg12553580	17	18	66.6666666666667
cg12572894	41	42	0
cg12572894	50	51	20
cg12572894	52	53	80
cg12572894	53	54	40
cg12572894	54	55	40
cg12572894	61	62	100
cg12593479	7	8	100
cg12593479	8	9	100
cg12593479	10	11	100
cg12593479	12	13	100
cg12593479	33	34	100
cg12593479	36	37	50
cg12593479	38	39	50
cg12593479	69	70	60
cg12593479	71	72	40
cg12593479	72	73	100
cg12593479	75	76	40
cg12593479	77	78	50
cg12597232	71	72	0
cg12600648	15	16	100
cg12600648	26	27	100
cg12600648	47	48	100
cg12741020	53	54	75
cg12741020	55	56	100
cg12741020	57	58	75
cg12741020	58	59	25
cg12741020	59	60	100
cg12741020	62	63	33.3333333333333
cg12741020	64	65	57.1428571428571
cg12741020	65	66	85.7142857142857
cg12741020	66	67	33.3333333333333
cg12741020	67	68	100
cg12741020	68	69	80
cg12741020	70	71	75
cg12741020	78	79	100
cg12780461	65	66	100
cg12780461	71	72	100
cg12798259	3	4	100
cg12798259	5	6	100
cg12798259	7	8	0
cg12798259	63	64	100
cg12798259	64	65	0
cg12798259	67	68	0
cg12838514	32	33	0
cg12838514	33	34	100
cg12838514	34	35	0
cg12838514	38	39	100
cg12838514	41	42	100
cg12927674	14	15	0
cg12927674	17	18	100
cg12927674	19	20	100
cg12927674	21	22	100
cg12927674	22	23	100
cg12927674	60	61	0
cg12927674	63	64	100
cg12927674	67	68	0
cg12927674	69	70	100
cg12935350	55	56	100
cg12935350	56	57	100
cg12935350	63	64	100
cg12935350	68	69	100
cg12935350	71	72	100
cg12986671	35	36	100
cg12986671	38	39	100
cg12986671	40	41	100
cg12986671	41	42	100
cg12986671	44	45	100
cg13060540	20	21	0
cg13060540	21	22	100
cg13060540	22	23	100
cg13060540	24	25	100
cg13060540	28	29	0
cg13143654	8	9	100
cg13143654	10	11	50
cg13143654	11	12	25
cg13143654	13	14	60
cg13143654	14	15	100
cg13143654	16	17	62.5
cg13143654	19	20	33.3333333333333
cg13143654	20	21	100
cg13143654	22	23	66.6666666666667
cg13143654	23	24	66.6666666666667
cg13143654	25	26	50
cg13143654	26	27	100
cg13143654	27	28	50
cg13143654	28	29	66.6666666666667
cg13143654	29	30	33.3333333333333
cg13143654	57	58	100
cg13143654	60	61	100
cg13143654	63	64	0
cg13181002	7	8	100
cg13181002	12	13	100
cg13181002	15	16	100
cg13181002	19	20	100
cg13194536	25	26	0
cg13194536	26	27	100
cg13194536	27	28	100
cg13320676	46	47	100
cg13320676	48	49	0
cg13366102	0	1	0
cg13366102	1	2	100
cg13366102	3	4	0
cg13366102	4	5	100
cg13366102	21	22	100
cg13366102	22	23	0
cg13366102	24	25	100
cg13366102	25	26	0
cg13366102	26	27	0
cg13366102	28	29	100
cg13366102	30	31	0
cg13486820	69	70	66.6666666666667
cg13486820	72	73	50
cg13486820	74	75	80
cg13486820	75	76	60
cg13486820	77	78	50
cg13486820	78	79	50
cg13604683	35	36	50
cg13604683	36	37	100
cg13604683	43	44	75
cg13766016	32	33	100
cg13766016	57	58	100
cg13789775	11	12	100
cg13789775	21	22	100
cg13922229	22	23	0
cg13922229	23	24	100
cg13922229	25	26	100
cg13922229	27	28	100
cg13922229	30	31	100
cg13922229	31	32	100
cg14005972	53	54	0
cg14005972	57	58	0
cg14005972	58	59	0
cg14005972	60	61	0
cg14005972	61	62	0
cg14020187	0	1	100
cg14020187	1	2	100
cg14020187	2	3	100
cg14020187	4	5	50
cg14020187	5	6	50
cg14020187	9	10	50
cg14255803	23	24	100
cg14255803	29	30	100
cg14255803	30	31	100
cg14255803	32	33	100
cg14255803	35	36	100
cg14311946	10	11	100
cg14311946	11	12	100
cg14311946	13	14	100
cg14311946	14	15	100
cg14311946	30	31	100
cg14311946	33	34	0
cg14311946	35	36	0
cg14311946	36	37	100
cg14311946	39	40	0
cg14360629	6	7	75
cg14360629	7	8	80
cg14360629	9	10	71.4285714285714
cg14360629	11	12	76
cg14360629	13	14	73.3333333333333
cg14360629	15	16	61.2903225806452
cg14360629	17	18	57.5757575757576
cg14360629	18	19	62.5
cg14360629	19	20	67.8571428571429
cg14360629	20	21	92.5925925925926
cg14360629	22	23	66.6666666666667
cg14360629	29	30	100
cg14660630	7	8	100
cg14660630	8	9	100
cg14660630	10	11	100
cg14660630	11	12	100
cg14660630	16	17	100
cg14660630	17	18	100
cg14667871	29	30	0
cg14667871	65	66	0
cg14667871	66	67	0
cg14667871	67	68	0
cg14667871	69	70	100
cg14667871	71	72	100
cg14667871	73	74	100
cg14715530	23	24	0
cg14715530	25	26	0
cg14715530	27	28	0
cg14715530	28	29	0
cg14715530	29	30	0
cg14715530	35	36	0
cg14728698	54	55	100
cg14728698	58	59	100
cg14728698	59	60	100
cg14728698	61	62	100
cg14728698	63	64	0
cg14728698	65	66	100
cg14728698	67	68	100
cg14815482	21	22	0
cg14880389	2	3	100
cg14880389	5	6	83.3333333333333
cg14880389	8	9	100
cg14880389	11	12	100
cg14880389	14	15	83.3333333333333
cg14880389	17	18	100
cg14880389	20	21	100
cg14880389	23	24	100
cg14880389	28	29	0
cg14880389	29	30	0
cg14880389	32	33	100
cg14880389	35	36	100
cg14880389	68	69	100
cg14880389	70	71	100
cg14880389	71	72	100
cg14880389	74	75	100
cg14890920	54	55	0
cg14890920	56	57	100
cg14890920	59	60	100
cg14890920	60	61	100
cg14890920	61	62	100
cg14940505	22	23	0
cg14940505	59	60	100
cg14940505	60	61	0
cg15099692	19	20	100
cg15099692	20	21	100
cg15099692	21	22	0
cg15099692	28	29	0
cg15214658	31	32	0
cg15214658	33	34	100
cg15214658	34	35	0
cg15214658	36	37	100
cg15214658	40	41	100
cg15214658	42	43	0
cg15217416	10	11	0
cg15217416	72	73	100
cg15217416	73	74	0
cg15219830	45	46	100
cg15219830	47	48	100
cg15219830	59	60	0
cg15219830	61	62	0
cg15219830	65	66	0
cg15262576	24	25	100
cg15262576	27	28	100
cg15262576	35	36	25
cg15262576	36	37	62.5
cg15262576	39	40	37.5
cg15262576	41	42	25
cg15262576	43	44	75
cg15262576	44	45	50
cg15262576	45	46	50
cg15262576	66	67	100
cg15469181	6	7	100
cg15469181	8	9	100
cg15469181	9	10	100
cg15469181	15	16	100
cg15469181	17	18	100
cg15516833	16	17	100
cg15516833	19	20	0
cg15516833	66	67	100
cg15566115	4	5	50
cg15566115	7	8	100
cg15566115	8	9	20
cg15566115	11	12	40
cg15566115	13	14	40
cg15566115	16	17	60
cg15566115	19	20	100
cg15566115	20	21	66.6666666666667
cg15566115	69	70	87.5
cg15566115	71	72	71.4285714285714
cg15566115	72	73	100
cg15566115	76	77	100
cg15566115	77	78	50
cg15566115	78	79	100
cg15693666	35	36	100
cg15693666	37	38	100
cg15693666	39	40	100
cg15693666	44	45	100
cg15693666	47	48	100
cg15693666	52	53	100
cg15741341	18	19	0
cg15741341	53	54	100
cg15741341	57	58	100
cg15823859	37	38	70
cg15823859	40	41	40
cg15823859	41	42	40
cg15823859	43	44	77.7777777777778
cg15823859	48	49	42.8571428571429
cg15823859	49	50	83.3333333333333
cg15823859	50	51	66.6666666666667
cg15823859	59	60	100
cg15823859	60	61	100
cg15823859	63	64	66.6666666666667
cg15823859	64	65	100
cg15823859	65	66	100
cg15846956	3	4	100
cg15846956	5	6	100
cg15846956	36	37	100
cg15890010	22	23	100
cg15890010	23	24	100
cg15890010	27	28	100
cg15890010	31	32	100
cg15890010	33	34	100
cg15890010	35	36	100
cg15890010	37	38	100
cg15890010	39	40	100
cg15890010	40	41	100
cg15913680	2	3	100
cg15913680	4	5	100
cg15913680	5	6	50
cg15913680	7	8	100
cg15913680	10	11	100
cg15913680	11	12	50
cg15913680	13	14	100
cg15913680	25	26	100
cg15913680	26	27	100
cg15913680	31	32	100
cg15913680	32	33	100
cg15913680	52	53	100
cg15913680	55	56	0
cg15913680	56	57	100
cg15913680	58	59	100
cg15932297	13	14	100
cg15932297	20	21	88.8888888888889
cg15932297	23	24	100
cg15932297	33	34	100
cg15932297	36	37	100
cg15932297	39	40	100
cg15932297	48	49	100
cg15932297	49	50	100
cg15988120	1	2	100
cg15988120	6	7	25
cg15988120	9	10	75
cg15988120	11	12	66.6666666666667
cg15988120	12	13	33.3333333333333
cg15988120	14	15	100
cg15988120	15	16	100
cg16197002	8	9	0
cg16197002	10	11	100
cg16197002	11	12	0
cg16197002	13	14	100
cg16197002	41	42	100
cg16197002	43	44	100
cg16197002	44	45	100
cg16197002	46	47	0
cg16197002	47	48	0
cg16277100	21	22	100
cg16277100	24	25	100
cg16277100	28	29	100
cg16277100	29	30	100
cg16290725	3	4	100
cg16290725	4	5	100
cg16290725	5	6	100
cg16290725	7	8	100
cg16290725	8	9	100
cg16290725	11	12	100
cg16290725	13	14	50
cg16427848	1	2	100
cg16427848	3	4	100
cg16427848	51	52	100
cg16427848	57	58	0
cg16427848	58	59	100
cg16427848	59	60	0
cg16427848	60	61	100
cg16427848	63	64	100
cg16456408	3	4	0
cg16456408	5	6	0
cg16456408	7	8	0
cg16456408	9	10	0
cg16456408	11	12	100
cg16456408	12	13	0
cg16456408	13	14	0
cg16456408	17	18	0
cg16456627	10	11	75
cg16456627	11	12	91.6666666666667
cg16456627	12	13	78.5714285714286
cg16456627	21	22	68.4210526315789
cg16456627	23	24	68.2926829268293
cg16456627	24	25	80.9523809523809
cg16456627	28	29	69.5652173913043
cg16456627	29	30	59.0909090909091
cg16456627	31	32	57.1428571428571
cg16456627	36	37	78.5714285714286
cg16456627	55	56	100
cg16456627	56	57	100
cg16456627	57	58	100
cg16456627	58	59	50
cg16456627	59	60	100
cg16456627	62	63	100
cg16456627	65	66	100
cg16456627	66	67	100
cg16456627	67	68	66.6666666666667
cg16524928	54	55	100
cg16524928	55	56	100
cg16524928	63	64	100
cg16524928	64	65	100
cg16524928	68	69	100
cg16524928	69	70	100
cg16532688	18	19	100
cg16532688	19	20	50
cg16532688	22	23	0
cg16532688	27	28	100
cg16603464	22	23	100
cg16603464	24	25	0
cg16603464	26	27	100
cg16606195	33	34	100
cg16606195	34	35	100
cg16606195	35	36	100
cg16625559	68	69	100
cg16625559	69	70	0
cg16625559	71	72	0
cg16633088	26	27	100
cg16633088	30	31	100
cg16633088	66	67	0
cg16633088	67	68	100
cg16675333	32	33	0
cg16675333	33	34	100
cg16675333	34	35	0
cg16675333	35	36	100
cg16675686	49	50	100
cg16675686	50	51	100
cg16675686	51	52	100
cg16675686	60	61	100
cg16675686	62	63	100
cg16678811	22	23	100
cg16678811	26	27	0
cg16678811	27	28	50
cg16678811	28	29	50
cg16678811	29	30	50
cg16678811	31	32	100
cg16678811	33	34	100
cg16678811	52	53	0
cg16678811	53	54	100
cg16678811	77	78	100
cg16684539	46	47	100
cg16684539	52	53	100
cg16684539	55	56	0
cg16684539	58	59	50
cg16684539	59	60	100
cg16684539	60	61	0
cg16736307	8	9	0
cg16736307	71	72	100
cg16736307	74	75	100
cg16736307	77	78	100
cg16736307	78	79	100
cg16744551	0	1	100
cg16744551	2	3	100
cg16744551	5	6	100
cg16744551	6	7	100
cg16744551	11	12	100
cg16744551	13	14	100
cg16744551	17	18	25
cg16744551	19	20	100
cg16744551	23	24	80
cg16744551	26	27	50
cg16761811	35	36	0
cg16761811	37	38	0
cg16761811	68	69	0
cg16761811	73	74	0
cg16761811	74	75	0
cg16925789	25	26	0
cg16925789	26	27	0
cg16925789	27	28	100
cg16925789	68	69	100
cg17137627	57	58	100
cg17137627	59	60	66.6666666666667
cg17137627	74	75	100
cg17212850	4	5	0
cg17212850	5	6	0
cg17212850	11	12	66.6666666666667
cg17212850	17	18	50
cg17212850	19	20	50
cg17212850	20	21	50
cg17212850	22	23	100
cg17212850	23	24	50
cg17212850	26	27	50
cg17212850	43	44	100
cg17212850	44	45	0
cg17212850	47	48	0
cg17329011	13	14	0
cg17329011	14	15	100
cg17329011	15	16	50
cg17329011	17	18	100
cg17329011	22	23	0
cg17426532	37	38	100
cg17426532	38	39	0
cg17426532	40	41	100
cg17426532	42	43	100
cg17426532	43	44	100
cg17426532	45	46	85.7142857142857
cg17426532	47	48	100
cg17426532	50	51	100
cg17426532	55	56	100
cg17426532	59	60	100
cg17426532	64	65	100
cg17426532	66	67	50
cg17548032	12	13	100
cg17662507	7	8	0
cg17662507	8	9	0
cg17662507	9	10	0
cg17662507	11	12	100
cg17662507	12	13	100
cg17662507	13	14	100
cg17662507	14	15	50
cg17662507	69	70	100
cg17711361	10	11	100
cg17711361	12	13	50
cg17711361	14	15	100
cg17711361	19	20	100
cg17726355	14	15	0
cg17726355	77	78	0
cg17840681	4	5	100
cg17840681	14	15	92.3076923076923
cg17840681	19	20	78.5714285714286
cg17840681	21	22	78.5714285714286
cg17840681	22	23	84.6153846153846
cg17840681	25	26	80
cg17840681	30	31	75
cg17923358	69	70	0
cg17923358	70	71	0
cg17923358	73	74	0
cg17923358	74	75	0
cg17942396	41	42	100
cg17942396	42	43	100
cg18010822	27	28	0
cg18010822	28	29	0
cg18010822	29	30	0
cg18010822	30	31	0
cg18010822	31	32	0
cg18010822	52	53	0
cg18149227	8	9	40
cg18149227	12	13	100
cg18149227	15	16	50
cg18149227	17	18	100
cg18149227	20	21	100
cg18221275	64	65	100
cg18221275	66	67	100
cg18221275	67	68	100
cg18221275	73	74	100
cg18221275	74	75	100
cg18221275	76	77	100
cg18266944	7	8	100
cg18266944	11	12	100
cg18266944	19	20	100
cg18266944	21	22	100
cg18266944	22	23	100
cg18266944	24	25	0
cg18266944	27	28	100
cg18266944	28	29	100
cg18278971	15	16	100
cg18278971	19	20	100
cg18278971	20	21	100
cg18278971	21	22	0
cg18278971	22	23	50
cg18306254	4	5	100
cg18306254	5	6	100
cg18306254	6	7	100
cg18306254	8	9	100
cg18306254	9	10	100
cg18306254	13	14	100
cg18306254	15	16	100
cg18306254	17	18	100
cg18306254	24	25	100
cg18306254	31	32	100
cg18532887	10	11	100
cg18532887	12	13	100
cg18532887	13	14	100
cg18532887	54	55	100
cg18532887	58	59	50
cg18532887	60	61	50
cg18659931	54	55	100
cg18659931	60	61	0
cg18659931	65	66	100
cg18659931	68	69	100
cg18659931	70	71	100
cg18815657	40	41	87.5
cg18815657	42	43	100
cg18815657	47	48	41.1764705882353
cg18815657	49	50	76.4705882352941
cg18815657	51	52	81.25
cg18815657	52	53	100
cg18815657	57	58	28.5714285714286
cg18922837	27	28	100
cg19050854	0	1	0
cg19050854	5	6	0
cg19050854	47	48	0
cg19050854	50	51	0
cg19117962	39	40	77.5
cg19117962	41	42	75
cg19117962	45	46	63.716814159292
cg19117962	47	48	70.5426356589147
cg19117962	49	50	65.1515151515152
cg19117962	51	52	70.7692307692308
cg19117962	53	54	63.1147540983607
cg19117962	55	56	80.5555555555556
cg19117962	57	58	59.5959595959596
cg19117962	59	60	81.5789473684211
cg19117962	61	62	62.5
cg19117962	63	64	90.9090909090909
cg19133511	41	42	100
cg19133511	42	43	100
cg19133511	43	44	100
cg19133511	47	48	100
cg19133511	48	49	50
cg19133511	53	54	100
cg19133511	54	55	100
cg19219102	8	9	100
cg19219102	11	12	100
cg19219102	25	26	0
cg19243613	7	8	100
cg19243613	11	12	100
cg19243613	13	14	100
cg19243613	28	29	100
cg19243613	30	31	75
cg19243613	31	32	50
cg19243613	67	68	60
cg19243613	69	70	40
cg19243613	74	75	50
cg19243613	76	77	66.6666666666667
cg19243613	77	78	33.3333333333333
cg19291109	23	24	0
cg19291109	25	26	0
cg19314788	31	32	100
cg19314788	35	36	100
cg19314788	55	56	100
cg19314788	56	57	100
cg19314788	57	58	100
cg19314788	63	64	100
cg19314788	65	66	0
cg19314788	72	73	100
cg19615998	31	32	100
cg19615998	32	33	100
cg19615998	36	37	100
cg19615998	38	39	100
cg19615998	41	42	100
cg19615998	46	47	100
cg19665667	66	67	100
cg19665667	69	70	100
cg19665667	72	73	100
cg19665667	73	74	100
cg19702779	16	17	100
cg19702779	20	21	100
cg19702779	45	46	100
cg19702779	48	49	100
cg19702779	53	54	100
cg19702779	54	55	100
cg19702779	66	67	100
cg19702779	68	69	100
cg19702779	71	72	100
cg19702779	72	73	0
cg19702779	74	75	100
cg19860820	46	47	100
cg19860820	47	48	0
cg19860820	49	50	75
cg19860820	51	52	100
cg19860820	53	54	83.3333333333333
cg19860820	55	56	66.6666666666667
cg19860820	56	57	83.3333333333333
cg19860820	62	63	66.6666666666667
cg19868479	37	38	100
cg19868479	38	39	100
cg19868479	41	42	0
cg19868479	44	45	100
cg19868479	45	46	100
cg19868479	46	47	50
cg19868479	48	49	100
cg19868479	55	56	0
cg19982295	56	57	100
cg19982295	59	60	100
cg19982295	61	62	50
cg19982295	62	63	100
cg19982295	64	65	100
cg19982295	66	67	100
cg20006236	21	22	100
cg20006236	22	23	100
cg20006236	68	69	100
cg20006236	69	70	0
cg20006236	70	71	100
cg20006236	71	72	100
cg20006236	75	76	100
cg20011459	34	35	100
cg20011459	36	37	100
cg20011459	37	38	0
cg20011459	48	49	100
cg20011459	49	50	100
cg20011459	50	51	100
cg20011459	51	52	0
cg20011459	52	53	100
cg20126035	62	63	0
cg20126035	70	71	0
cg20126035	71	72	0
cg20126035	73	74	0
cg20126035	74	75	0
cg20126035	75	76	0
cg20126035	76	77	0
cg20149183	21	22	0
cg20149183	22	23	0
cg20149183	23	24	100
cg20149183	24	25	0
cg20149183	34	35	0
cg20149183	36	37	100
cg20149183	37	38	0
cg20149183	38	39	100
cg20149183	64	65	0
cg20149183	66	67	0
cg20167583	15	16	66.6666666666667
cg20167583	17	18	71.4285714285714
cg20167583	18	19	100
cg20167583	20	21	100
cg20167583	22	23	80
cg20167583	26	27	100
cg20167583	29	30	87.5
cg20167583	31	32	85.7142857142857
cg20167583	33	34	100
cg20167583	34	35	66.6666666666667
cg20192941	17	18	0
cg20192941	22	23	50
cg20192941	23	24	100
cg20192941	25	26	50
cg20215852	36	37	100
cg20215852	38	39	0
cg20215852	40	41	100
cg20215852	43	44	100
cg20215852	63	64	100
cg20236179	9	10	100
cg20236179	11	12	100
cg20236179	14	15	0
cg20236179	16	17	0
cg20236179	17	18	100
cg20236179	51	52	100
cg20236179	54	55	0
cg20236179	56	57	100
cg20346209	10	11	100
cg20346209	12	13	100
cg20346209	15	16	100
cg20346209	17	18	100
cg20346209	18	19	100
cg20346209	19	20	100
cg20346209	21	22	100
cg20346209	22	23	100
cg20359134	15	16	100
cg20359134	20	21	100
cg20359134	21	22	0
cg20359134	22	23	100
cg20359134	64	65	100
cg20477718	2	3	100
cg20477718	3	4	0
cg20477718	4	5	100
cg20477718	5	6	0
cg20477718	6	7	0
cg20477718	8	9	100
cg20477718	9	10	0
cg20477718	12	13	50
cg20477718	13	14	100
cg20477718	15	16	0
cg20488057	13	14	50
cg20488057	28	29	100
cg20488057	34	35	0
cg20488057	36	37	0
cg20488057	40	41	0
cg20609321	15	16	100
cg20609321	16	17	100
cg20609321	17	18	0
cg20615449	7	8	100
cg20615449	14	15	100
cg20615449	16	17	100
cg20615449	17	18	0
cg20615449	22	23	100
cg20615601	57	58	100
cg20638025	43	44	100
cg20638025	44	45	100
cg20638025	48	49	50
cg20638025	49	50	0
cg20638025	50	51	100
cg20638025	51	52	50
cg20638025	55	56	75
cg20638025	66	67	100
cg20638025	67	68	100
cg20638025	68	69	100
cg20804050	64	65	0
cg20805191	0	1	0
cg20805191	4	5	50
cg20805191	5	6	50
cg20805191	14	15	100
cg20805191	15	16	0
cg20823439	32	33	0
cg20823439	33	34	100
cg20823439	38	39	0
cg20829742	12	13	0
cg20829742	19	20	0
cg20872072	9	10	69.2307692307692
cg20872072	12	13	68.75
cg20872072	13	14	68.75
cg20872072	15	16	70.5882352941177
cg20872072	18	19	73.6842105263158
cg20872072	19	20	65
cg20872072	21	22	50
cg20872072	22	23	65
cg20872072	27	28	90.9090909090909
cg20872072	28	29	81.8181818181818
cg20872072	30	31	100
cg21077839	70	71	100
cg21077839	71	72	50
cg21077839	73	74	0
cg21077839	74	75	100
cg21077839	75	76	100
cg21097283	9	10	100
cg21097283	36	37	50
cg21097283	46	47	100
cg21097283	58	59	75
cg21097283	62	63	75
cg21107288	4	5	50
cg21107288	7	8	33.3333333333333
cg21107288	9	10	100
cg21107288	11	12	100
cg21107288	15	16	100
cg21115959	16	17	100
cg21115959	19	20	100
cg21166964	24	25	75
cg21166964	30	31	100
cg21166964	39	40	100
cg21166964	40	41	100
cg21166964	41	42	50
cg21177673	36	37	100
cg21177673	39	40	100
cg21177673	45	46	100
cg21177673	46	47	100
cg21177673	50	51	100
cg21177673	54	55	75
cg21181292	12	13	0
cg21181292	15	16	0
cg21181292	17	18	0
cg21181292	23	24	100
cg21258436	5	6	100
cg21258436	7	8	100
cg21258436	10	11	100
cg21258436	12	13	100
cg21258436	14	15	100
cg21258436	15	16	100
cg21258436	37	38	0
cg21294440	69	70	100
cg21294440	71	72	100
cg21294440	72	73	100
cg21294440	73	74	100
cg21294440	75	76	100
cg21294440	76	77	100
cg21314020	32	33	100
cg21314020	33	34	100
cg21314020	35	36	100
cg21333598	25	26	100
cg21333598	27	28	100
cg21333598	28	29	100
cg21333598	32	33	100
cg21520769	13	14	100
cg21520769	14	15	0
cg21520769	16	17	100
cg21520769	18	19	100
cg21520769	20	21	0
cg21520769	32	33	0
cg21520769	33	34	0
cg21520769	35	36	0
cg21520769	41	42	0
cg21520769	42	43	100
cg21520769	59	60	0
cg21520769	60	61	0
cg21520769	62	63	0
cg21542900	51	52	0
cg21542900	52	53	0
cg21542900	54	55	0
cg21542900	61	62	0
cg21542900	62	63	0
cg21576760	38	39	100
cg21576760	40	41	100
cg21576760	49	50	0
cg21576760	53	54	100
cg21576760	56	57	100
cg21576760	58	59	100
cg21639837	5	6	100
cg21639837	10	11	100
cg21639837	34	35	100
cg21639837	35	36	100
cg21639837	37	38	100
cg21664322	3	4	0
cg21664322	5	6	100
cg21684886	44	45	100
cg21684886	45	46	100
cg21684886	48	49	80
cg21684886	49	50	100
cg21684886	58	59	100
cg21820842	24	25	100
cg21820842	25	26	100
cg21820842	27	28	100
cg21820842	29	30	0
cg21820842	71	72	100
cg21836885	44	45	100
cg21836885	50	51	68.8888888888889
cg21836885	52	53	77.6785714285714
cg21836885	54	55	65.1785714285714
cg21836885	58	59	69.7247706422018
cg21836885	59	60	63.5514018691589
cg21836885	60	61	72.3809523809524
cg21836885	64	65	73.4042553191489
cg21836885	65	66	77.7777777777778
cg21836885	67	68	50
cg21836885	68	69	80.5555555555556
cg21836885	75	76	100
cg21836885	76	77	100
cg21973311	54	55	50
cg22029297	16	17	0
cg22029297	18	19	100
cg22029297	21	22	100
cg22029297	22	23	100
cg22029297	27	28	75
cg22029297	29	30	66.6666666666667
cg22029297	30	31	100
cg22029297	31	32	100
cg22069272	32	33	85.7142857142857
cg22069272	34	35	87.5
cg22069272	36	37	77.7777777777778
cg22069272	38	39	100
cg22069272	39	40	100
cg22069272	40	41	62.5
cg22069272	42	43	85.7142857142857
cg22069272	45	46	71.4285714285714
cg22069272	46	47	71.4285714285714
cg22097199	8	9	100
cg22097199	9	10	100
cg22097199	35	36	0
cg22097199	50	51	100
cg22097199	53	54	0
cg22097199	55	56	0
cg22316499	19	20	60
cg22316499	21	22	66.6666666666667
cg22316499	23	24	61.5384615384615
cg22316499	25	26	64.7058823529412
cg22316499	39	40	0
cg22316499	42	43	100
cg22316499	44	45	0
cg22320967	32	33	100
cg22320967	41	42	25
cg22320967	43	44	50
cg22320967	45	46	100
cg22320967	48	49	50
cg22399626	56	57	100
cg22399626	64	65	0
cg22399626	70	71	0
cg22399626	72	73	0
cg22469358	12	13	100
cg22469358	15	16	100
cg22469358	16	17	100
cg22469358	18	19	100
cg22469358	20	21	100
cg22469358	62	63	100
cg22529808	15	16	0
cg22529808	16	17	0
cg22529808	22	23	0
cg22529808	24	25	0
cg22529808	25	26	100
cg22603530	16	17	0
cg22719669	26	27	100
cg22719669	58	59	0
cg22719669	61	62	100
cg22719669	63	64	0
cg22719669	67	68	0
cg22719669	72	73	100
cg22945864	45	46	100
cg22945864	47	48	100
cg22945864	50	51	100
cg22945864	56	57	100
cg22945864	58	59	100
cg22945864	60	61	100
cg22993731	11	12	0
cg22993731	16	17	100
cg22993731	17	18	0
cg22993731	23	24	100
cg22993731	24	25	100
cg23076498	2	3	100
cg23076498	4	5	100
cg23076498	6	7	100
cg23076498	7	8	100
cg23076498	9	10	100
cg23076498	11	12	100
cg23076498	13	14	100
cg23076498	17	18	100
cg23076498	18	19	100
cg23076498	41	42	100
cg23076498	43	44	100
cg23076498	45	46	100
cg23091488	16	17	100
cg23091488	17	18	100
cg23091488	44	45	0
cg23091488	47	48	100
cg23146472	1	2	100
cg23146472	3	4	50
cg23146472	5	6	75
cg23146472	7	8	100
cg23146472	8	9	100
cg23146472	10	11	66.6666666666667
cg23146472	11	12	100
cg23146472	14	15	0
cg23146472	47	48	0
cg23146472	50	51	0
cg23146472	59	60	50
cg23146472	61	62	85.7142857142857
cg23146472	62	63	57.1428571428571
cg23146472	63	64	87.5
cg23146472	64	65	55.5555555555556
cg23146472	66	67	66.6666666666667
cg23146472	67	68	60
cg23146472	68	69	72.7272727272727
cg23146472	69	70	90.9090909090909
cg23146472	70	71	81.8181818181818
cg23146472	72	73	75
cg23146472	74	75	60
cg23189934	38	39	0
cg23189934	48	49	50
cg23189934	49	50	50
cg23189934	51	52	66.6666666666667
cg23189934	53	54	50
cg23194993	44	45	0
cg23195996	19	20	100
cg23195996	24	25	0
cg23197560	58	59	100
cg23197560	61	62	100
cg23197560	62	63	0
cg23197560	68	69	0
cg23197560	69	70	100
cg23197560	71	72	100
cg23415880	6	7	100
cg23415880	7	8	100
cg23415880	8	9	100
cg23415880	10	11	100
cg23415880	11	12	100
cg23415880	12	13	100
cg23415880	67	68	0
cg23415880	69	70	100
cg23415880	70	71	100
cg23415880	73	74	100
cg23423113	22	23	100
cg23423113	26	27	100
cg23423113	28	29	0
cg23423113	30	31	100
cg23423113	52	53	100
cg23423113	55	56	100
cg23423113	56	57	100
cg23423113	57	58	100
cg23423113	58	59	0
cg23582869	53	54	0
cg23582869	54	55	0
cg23582869	59	60	0
cg23582869	62	63	0
cg23626248	38	39	100
cg23626248	40	41	100
cg23626248	42	43	100
cg23626248	44	45	100
cg23778391	33	34	100
cg23778391	35	36	66.6666666666667
cg23778391	40	41	54.5454545454545
cg23778391	41	42	80
cg23778391	42	43	90
cg23778391	51	52	80
cg23778391	52	53	80
cg23778391	53	54	85.7142857142857
cg23826041	6	7	100
cg23826041	7	8	0
cg23826041	15	16	0
cg23826041	24	25	0
cg23826041	25	26	0
cg23826041	27	28	0
cg23826041	28	29	100
cg23826041	64	65	100
cg23826041	69	70	50
cg23829949	11	12	100
cg23829949	14	15	100
cg23829949	17	18	100
cg23829949	19	20	100
cg23829949	20	21	0
cg23829949	22	23	100
cg24018680	31	32	100
cg24018680	32	33	100
cg24018680	33	34	100
cg24018680	40	41	100
cg24018680	41	42	100
cg24018680	72	73	0
cg24018680	75	76	100
cg24082948	13	14	0
cg24082948	17	18	100
cg24082948	19	20	100
cg24082948	48	49	100
cg24082948	54	55	100
cg24082948	57	58	100
cg24082948	58	59	50
cg24082948	60	61	100
cg24117712	33	34	0
cg24117712	34	35	100
cg24178740	6	7	0
cg24178740	7	8	100
cg24178740	8	9	100
cg24178740	10	11	100
cg24178740	11	12	100
cg24178740	12	13	100
cg24178740	15	16	100
cg24178740	29	30	71.4285714285714
cg24178740	31	32	100
cg24178740	34	35	75
cg24178740	37	38	100
cg24178740	69	70	100
cg24178740	71	72	100
cg24178740	72	73	100
cg24178740	73	74	100
cg24178740	74	75	100
cg24178740	75	76	100
cg24178740	77	78	100
cg24178740	78	79	100
cg24186396	44	45	100
cg24186396	45	46	100
cg24186396	48	49	100
cg24186396	56	57	0
cg24186396	61	62	0
cg24186396	62	63	0
cg24186396	64	65	0
cg24186396	65	66	0
cg24240262	35	36	100
cg24240262	66	67	100
cg24240262	70	71	100
cg24240262	74	75	100
cg24255409	15	16	0
cg24255409	16	17	0
cg24255409	35	36	0
cg24275772	67	68	100
cg24275772	69	70	100
cg24275772	71	72	100
cg24573918	11	12	0
cg24573918	25	26	0
cg24573918	26	27	0
cg24573918	27	28	0
cg24717141	5	6	100
cg24717141	6	7	100
cg24717141	69	70	100
cg24799293	28	29	0
cg24799293	33	34	0
cg24799293	70	71	100
cg24855838	2	3	0
cg24855838	6	7	100
cg24855838	36	37	0
cg24855838	38	39	100
cg24855838	46	47	0
cg24855838	47	48	100
cg24855838	48	49	100
cg24855838	70	71	0
cg24855838	71	72	0
cg24855838	73	74	0
cg24905735	46	47	0
cg25001128	9	10	100
cg25001128	21	22	100
cg25001128	59	60	0
cg25001128	61	62	100
cg25001128	65	66	100
cg25020809	56	57	100
cg25165498	63	64	100
cg25165498	64	65	100
cg25226813	23	24	50
cg25226813	25	26	50
cg25226813	27	28	50
cg25226813	30	31	100
cg25226813	31	32	75
cg25226813	33	34	75
cg25226813	40	41	100
cg25226813	42	43	100
cg25226813	46	47	100
cg25226813	67	68	100
cg25226813	68	69	0
cg25248596	51	52	100
cg25248596	52	53	100
cg25248596	54	55	100
cg25248596	55	56	100
cg25248596	56	57	0
cg25248596	58	59	100
cg25248596	59	60	100
cg25430089	10	11	100
cg25430089	12	13	75
cg25430089	13	14	75
cg25430089	15	16	40
cg25430089	19	20	75
cg25430089	21	22	100
cg25430089	22	23	50
cg25430089	24	25	80
cg25430089	26	27	100
cg25480877	76	77	0
cg25558655	39	40	50
cg25558655	42	43	33.3333333333333
cg25558655	43	44	0
cg25558655	47	48	0
cg25558655	48	49	0
cg25558655	57	58	0
cg25558655	59	60	0
cg25642165	1	2	100
cg25642165	3	4	50
cg25642165	4	5	100
cg25642165	5	6	100
cg25642165	7	8	100
cg25642165	9	10	66.6666666666667
cg25642165	10	11	100
cg25642165	11	12	100
cg25642165	14	15	66.6666666666667
cg25642165	15	16	66.6666666666667
cg25642165	16	17	100
cg25642165	17	18	100
cg25642165	20	21	100
cg25657187	3	4	100
cg25657187	5	6	100
cg25657187	8	9	50
cg25657187	10	11	100
cg25657187	11	12	100
cg25657187	13	14	100
cg25657187	15	16	100
cg25831669	31	32	100
cg25831669	35	36	85.7142857142857
cg25831669	41	42	100
cg25831669	42	43	100
cg25831669	45	46	100
cg25831669	47	48	100
cg25957641	10	11	100
cg25957641	11	12	100
cg25957641	13	14	50
cg25957641	14	15	100
cg25957641	20	21	100
cg25974040	56	57	100
cg25974040	62	63	0
cg25974040	64	65	0
cg25974040	70	71	0
cg25974040	72	73	100
cg26109480	27	28	100
cg26109480	30	31	50
cg26109480	31	32	100
cg26109480	40	41	100
cg26109480	41	42	100
cg26155008	2	3	100
cg26155008	3	4	0
cg26155008	11	12	0
cg26155008	23	24	0
cg26155008	31	32	0
cg26155008	52	53	100
cg26155008	55	56	50
cg26155008	63	64	100
cg26155008	64	65	66.6666666666667
cg26155008	65	66	75
cg26155008	66	67	75
cg26155008	70	71	50
cg26155008	72	73	25
cg26174523	56	57	100
cg26174523	59	60	100
cg26174523	62	63	100
cg26174523	63	64	100
cg26174523	66	67	100
cg26174523	69	70	100
cg26192895	3	4	100
cg26192895	4	5	100
cg26192895	6	7	100
cg26192895	7	8	75
cg26192895	9	10	100
cg26192895	12	13	75
cg26192895	14	15	100
cg26192895	16	17	100
cg26192895	19	20	100
cg26192895	20	21	100
cg26192895	22	23	100
cg26192895	23	24	100
cg26192895	68	69	100
cg26192895	69	70	100
cg26192895	71	72	100
cg26192895	74	75	100
cg26192895	77	78	100
cg26452091	18	19	0
cg26452091	20	21	100
cg26452091	24	25	100
cg26452091	35	36	100
cg26495946	49	50	100
cg26495946	50	51	100
cg26495946	52	53	100
cg26495946	53	54	100
cg26495946	56	57	0
cg26495946	57	58	100
cg26495946	59	60	0
cg26507427	35	36	100
cg26507427	36	37	100
cg26507427	40	41	100
cg26507427	41	42	100
cg26507427	42	43	100
cg26538799	7	8	0
cg26538799	8	9	100
cg26538799	18	19	100
cg26538799	19	20	100
cg26538799	25	26	0
cg26538799	26	27	100
cg26581639	40	41	100
cg26581639	42	43	75
cg26581639	49	50	40
cg26581639	50	51	50
cg26581639	51	52	33.3333333333333
cg26603143	36	37	0
cg26603143	66	67	100
cg26603143	68	69	100
cg26603143	69	70	50
cg26603143	70	71	100
cg26603143	71	72	50
cg26603143	72	73	50
cg26679061	55	56	0
cg26718996	23	24	0
cg26718996	25	26	50
cg26718996	26	27	100
cg26718996	28	29	50
cg26718996	29	30	100
cg26718996	32	33	100
cg26927472	44	45	100
cg26927472	47	48	100
cg26927472	49	50	100
cg26927472	55	56	100
cg26931581	35	36	100
cg26931581	38	39	0
cg27061549	2	3	100
cg27061549	3	4	0
cg27061549	63	64	100
cg27061549	64	65	75
cg27061549	66	67	66.6666666666667
cg27061549	67	68	100
cg27061549	70	71	75
cg27088374	2	3	100
cg27088374	6	7	100
cg27088374	7	8	100
cg27088374	20	21	100
cg27088374	22	23	100
cg27088374	23	24	100
cg27101921	45	46	50
cg27101921	56	57	100
cg27121137	8	9	100
cg27121137	9	10	50
cg27121137	11	12	100
cg27121137	13	14	50
cg27121137	14	15	50
cg27121137	16	17	50
cg27121137	17	18	100
cg27121137	18	19	50
cg27121137	41	42	0
cg27121137	42	43	100
cg27159708	16	17	100
cg27159708	19	20	100
cg27159708	25	26	100
cg27196467	0	1	100
cg27196467	2	3	100
cg27196467	3	4	100
cg27196467	4	5	100
cg27196467	8	9	100
cg27196467	9	10	100
cg27196467	12	13	100
cg27201382	7	8	0
cg27201382	8	9	0
cg27201382	9	10	0
cg27201382	10	11	0
cg27201382	12	13	0
cg27257879	26	27	0
cg27257879	47	48	100
cg27257879	49	50	50
cg27257879	51	52	100
cg27257879	60	61	100
cg27257879	61	62	100
cg27323505	17	18	100
cg27323505	18	19	0
cg27323505	20	21	100
cg27323505	50	51	0
cg27323505	53	54	100
cg27482461	60	61	0
cg27482461	62	63	100
cg27482461	65	66	0
cg27482461	66	67	100
cg27496468	16	17	0
cg27496468	18	19	0
cg27553955	53	54	0
cg27553955	56	57	0
cg27582648	15	16	100
cg27582648	17	18	60
cg27582648	70	71	0
cg27582648	71	72	100
cg27639460	69	70	0
cg27639460	76	77	0
