track type=bedGraph
cg00008998	65	66	0
cg00310215	18	19	0
cg00310215	33	34	0
cg00310215	39	40	0
cg00330845	26	27	0
cg00330845	29	30	100
cg00367518	58	59	100
cg00546693	18	19	0
cg00546693	50	51	0
cg00877739	15	16	100
cg00906973	8	9	100
cg01049141	17	18	0
cg01099625	19	20	100
cg01145031	9	10	0
cg01145031	44	45	0
cg01603001	66	67	0
cg01603001	75	76	0
cg01620430	38	39	0
cg01620430	55	56	0
cg01620430	58	59	0
cg01675333	5	6	0
cg01675333	38	39	0
cg01915021	43	44	100
cg02017717	9	10	0
cg02153665	14	15	0
cg02153665	74	75	0
cg02343568	10	11	100
cg02343568	68	69	0
cg02351382	68	69	100
cg02386994	19	20	0
cg02386994	33	34	0
cg02386994	41	42	0
cg02386994	56	57	0
cg02540142	18	19	0
cg02540142	20	21	0
cg02540142	32	33	0
cg02540142	49	50	0
cg02540142	62	63	0
cg02540142	71	72	0
cg02602455	41	42	0
cg02602455	47	48	0
cg02602455	58	59	0
cg02762509	17	18	0
cg02762509	20	21	0
cg02762509	23	24	0
cg02762509	44	45	0
cg02762509	51	52	0
cg02762509	57	58	0
cg02762509	64	65	0
cg02873524	14	15	0
cg02873524	31	32	0
cg02873524	44	45	0
cg02873524	50	51	0
cg02873524	56	57	0
cg02873524	59	60	0
cg02873524	66	67	0
cg02873524	71	72	0
cg02873524	76	77	0
cg02894112	6	7	0
cg02894112	9	10	0
cg02894112	13	14	0
cg02894112	27	28	0
cg02894112	34	35	0
cg02894112	46	47	0
cg02894112	51	52	0
cg02894112	58	59	0
cg02968414	14	15	0
cg02968414	17	18	100
cg02968414	20	21	0
cg02972618	42	43	0
cg03121178	23	24	0
cg03121178	39	40	100
cg03133310	27	28	0
cg03133310	33	34	0
cg03133310	36	37	0
cg03133310	41	42	0
cg03133310	47	48	0
cg03133310	57	58	0
cg03133310	63	64	0
cg03603997	27	28	0
cg03603997	30	31	0
cg03676512	6	7	0
cg03676512	27	28	0
cg03676512	50	51	0
cg03676512	67	68	0
cg03740978	32	33	100
cg03740978	62	63	0
cg03740978	67	68	0
cg03740978	74	75	0
cg03960951	26	27	0
cg03960951	46	47	0
cg03960951	70	71	0
cg04209727	21	22	0
cg04209727	30	31	0
cg04209727	36	37	0
cg04209727	39	40	0
cg04209727	47	48	0
cg04209727	71	72	0
cg04281230	45	46	100
cg04611891	31	32	0
cg04627377	38	39	0
cg04627377	41	42	0
cg04627377	59	60	0
cg04627377	64	65	0
cg04735310	6	7	0
cg04735310	26	27	0
cg04735310	48	49	0
cg04802182	39	40	0
cg04802182	43	44	0
cg04802182	51	52	0
cg04863645	17	18	100
cg04956792	4	5	0
cg04956792	25	26	0
cg04956792	28	29	0
cg04956792	43	44	0
cg04956792	49	50	0
cg04956792	59	60	0
cg05173279	43	44	0
cg05173279	55	56	0
cg05190315	31	32	0
cg05275337	23	24	0
cg05275337	26	27	0
cg05275337	31	32	0
cg05406154	11	12	0
cg05406154	25	26	0
cg05406154	28	29	0
cg05406154	35	36	0
cg05406154	43	44	0
cg05406154	47	48	0
cg05473648	73	74	0
cg05475048	43	44	0
cg05475048	46	47	0
cg05506365	5	6	0
cg05506365	15	16	0
cg05506365	17	18	0
cg05506365	28	29	0
cg05506365	30	31	0
cg05506365	40	41	0
cg05506365	43	44	0
cg05506365	49	50	0
cg05506365	51	52	0
cg05506365	55	56	0
cg05506365	66	67	0
cg05506365	68	69	0
cg05770325	45	46	0
cg05770325	51	52	100
cg05884078	5	6	0
cg05907933	31	32	0
cg05907933	45	46	0
cg06055418	35	36	0
cg06097717	53	54	100
cg06115225	14	15	0
cg06115225	22	23	0
cg06115225	24	25	0
cg06115225	34	35	0
cg06115225	36	37	0
cg06115225	51	52	0
cg06115225	62	63	0
cg06115225	72	73	0
cg06538073	69	70	0
cg06550953	22	23	0
cg06564900	27	28	0
cg06569016	3	4	0
cg06569016	7	8	0
cg06569016	10	11	0
cg06569016	22	23	0
cg06569016	25	26	0
cg06569016	37	38	0
cg06569016	42	43	0
cg06569016	44	45	0
cg06569016	47	48	0
cg06569016	53	54	0
cg06579027	30	31	0
cg06579027	74	75	0
cg07232817	9	10	0
cg07232817	36	37	0
cg07232817	53	54	0
cg07232817	68	69	0
cg07254032	31	32	100
cg07254032	45	46	0
cg07300517	47	48	0
cg07300517	56	57	0
cg07300517	63	64	0
cg07339555	12	13	0
cg07339555	15	16	0
cg07339555	41	42	0
cg07339555	52	53	0
cg07339555	73	74	0
cg08013479	7	8	100
cg08152447	22	23	0
cg08152447	69	70	0
cg08170671	2	3	0
cg08170671	4	5	0
cg08170671	9	10	0
cg08170671	17	18	0
cg08170671	21	22	0
cg08170671	34	35	0
cg08170671	40	41	0
cg08170671	43	44	0
cg08170671	45	46	0
cg08170671	48	49	0
cg08170671	50	51	0
cg08285141	39	40	0
cg08285141	56	57	0
cg08285141	69	70	50
cg08285141	73	74	0
cg08315393	36	37	0
cg08315393	53	54	0
cg08352408	49	50	0
cg08454381	55	56	0
cg08454381	59	60	0
cg08454381	66	67	0
cg08566450	41	42	0
cg08588194	52	53	0
cg08629602	6	7	0
cg08629602	12	13	0
cg08629602	15	16	0
cg08629602	19	20	0
cg08629602	31	32	0
cg08629602	60	61	0
cg08766215	40	41	0
cg08766215	49	50	0
cg08849105	8	9	0
cg08849105	14	15	0
cg08849105	27	28	0
cg08921975	24	25	0
cg08921975	28	29	0
cg08921975	35	36	0
cg08921975	38	39	0
cg08921975	73	74	0
cg08938156	31	32	0
cg09097835	28	29	0
cg09141122	29	30	0
cg09141122	77	78	0
cg09300249	27	28	0
cg09300249	34	35	0
cg09300249	49	50	0
cg09313308	47	48	0
cg09313308	58	59	50
cg09317554	30	31	0
cg09317554	41	42	0
cg09317554	44	45	0
cg09317554	48	49	0
cg09317554	59	60	0
cg09317554	62	63	0
cg09317554	65	66	0
cg09317554	72	73	0
cg09327310	31	32	0
cg09327310	33	34	0
cg09327310	41	42	0
cg09327310	46	47	0
cg09347937	15	16	0
cg09347937	68	69	0
cg09536551	34	35	0
cg09536551	61	62	0
cg09536551	64	65	0
cg09692769	18	19	0
cg09879356	25	26	0
cg10131194	14	15	0
cg10131194	31	32	0
cg10131194	53	54	50
cg10182925	52	53	100
cg10392713	33	34	0
cg10392713	39	40	0
cg10392713	69	70	0
cg10441680	52	53	0
cg10451848	62	63	0
cg11011976	6	7	0
cg11011976	65	66	0
cg11011976	69	70	0
cg11058785	13	14	0
cg11058785	25	26	100
cg11251215	32	33	0
cg11266260	9	10	0
cg11266260	12	13	0
cg11266260	39	40	0
cg11266260	49	50	0
cg11266260	66	67	0
cg11346223	23	24	0
cg11346223	72	73	0
cg11465136	34	35	0
cg11465136	67	68	0
cg11584091	44	45	100
cg11700079	9	10	0
cg11700079	53	54	0
cg11700079	64	65	0
cg11728741	14	15	100
cg11728741	20	21	100
cg11768647	13	14	0
cg11827910	28	29	0
cg11827910	40	41	0
cg11827910	51	52	0
cg11960934	11	12	100
cg12016197	57	58	0
cg12385547	22	23	0
cg12501356	35	36	0
cg12501356	40	41	0
cg12501356	51	52	0
cg12501356	55	56	0
cg12620743	29	30	100
cg12649001	5	6	50
cg12649001	21	22	0
cg12649001	39	40	0
cg12649001	49	50	0
cg12649001	55	56	100
cg12856514	35	36	0
cg12856514	45	46	0
cg12856514	55	56	0
cg12856514	62	63	0
cg12856514	70	71	0
cg12899502	43	44	0
cg12899502	46	47	0
cg12903213	25	26	0
cg12903213	34	35	0
cg12903213	52	53	0
cg12927674	49	50	100
cg12927674	57	58	100
cg12959926	35	36	100
cg12959926	71	72	0
cg12981876	58	59	0
cg12981876	62	63	0
cg13143654	35	36	0
cg13143654	47	48	0
cg13194536	48	49	100
cg13300506	36	37	0
cg13486820	49	50	0
cg13604683	55	56	100
cg13732394	18	19	0
cg13732394	46	47	0
cg13845517	12	13	0
cg13845517	46	47	0
cg13884903	15	16	0
cg13909487	21	22	0
cg13909487	24	25	0
cg13909487	56	57	0
cg14019317	12	13	0
cg14019317	16	17	0
cg14019317	26	27	0
cg14019317	34	35	0
cg14019317	44	45	0
cg14019317	47	48	0
cg14043264	17	18	0
cg14043264	44	45	0
cg14043264	59	60	0
cg14089899	28	29	0
cg14299268	57	58	0
cg14311946	41	42	100
cg14360629	26	27	100
cg14525247	1	2	0
cg14525247	9	10	0
cg14525247	15	16	0
cg14525247	23	24	0
cg14525247	43	44	0
cg14525247	46	47	0
cg14676415	23	24	0
cg14778330	8	9	0
cg14778330	14	15	0
cg14778330	37	38	0
cg14778330	44	45	0
cg14801866	16	17	0
cg14801866	21	22	0
cg14940505	31	32	0
cg14940505	46	47	0
cg15012446	28	29	0
cg15012446	45	46	0
cg15012446	50	51	0
cg15012446	55	56	0
cg15012446	70	71	0
cg15012446	76	77	0
cg15234261	53	54	0
cg15545854	27	28	0
cg15545854	50	51	0
cg15545854	62	63	0
cg15555425	43	44	0
cg15555425	49	50	0
cg15555425	62	63	0
cg15723222	3	4	100
cg15723222	6	7	0
cg15723222	69	70	0
cg15723222	73	74	0
cg15726426	57	58	0
cg15823859	33	34	0
cg15823859	74	75	100
cg15846956	13	14	0
cg15846956	15	16	0
cg15846956	21	22	0
cg15846956	23	24	0
cg15846956	59	60	0
cg15846956	63	64	0
cg15913680	62	63	0
cg15981352	50	51	0
cg15981352	54	55	0
cg16095149	33	34	0
cg16095149	49	50	0
cg16095149	52	53	0
cg16113298	6	7	0
cg16113298	20	21	0
cg16113298	27	28	0
cg16113298	45	46	0
cg16113298	69	70	0
cg16427848	72	73	0
cg16456627	74	75	100
cg16501308	42	43	0
cg16633088	18	19	0
cg16675686	45	46	0
cg16872560	69	70	100
cg17037716	18	19	0
cg17037716	22	23	0
cg17037716	76	77	0
cg17061244	8	9	66.6666666666667
cg17061244	13	14	50
cg17118421	37	38	100
cg17118421	66	67	100
cg17329011	19	20	0
cg17349389	52	53	0
cg17417202	47	48	0
cg17662507	24	25	0
cg17662507	41	42	0
cg17696987	11	12	0
cg17942031	2	3	0
cg17942031	5	6	0
cg17942031	7	8	0
cg17942031	23	24	0
cg17942031	25	26	0
cg17942031	29	30	0
cg17942031	31	32	0
cg18010822	21	22	0
cg18120675	30	31	0
cg18120675	37	38	0
cg18120675	43	44	0
cg18120675	57	58	0
cg18141557	13	14	0
cg18141557	25	26	0
cg18141557	28	29	0
cg18141557	34	35	0
cg18141557	51	52	0
cg18141557	66	67	0
cg18243072	30	31	0
cg18243072	34	35	0
cg18243072	58	59	0
cg18306254	36	37	0
cg18306254	52	53	0
cg18560297	61	62	0
cg18760617	24	25	0
cg18760617	30	31	0
cg18760617	33	34	50
cg18760617	46	47	0
cg18906085	15	16	0
cg18906085	18	19	0
cg18906085	26	27	0
cg18906085	30	31	0
cg18906085	35	36	0
cg18934851	34	35	100
cg18968947	62	63	0
cg19050854	21	22	0
cg19050854	32	33	0
cg19050854	35	36	0
cg19107290	8	9	0
cg19107290	18	19	0
cg19107290	22	23	0
cg19107290	25	26	0
cg19107290	29	30	0
cg19117962	35	36	100
cg19133511	44	45	0
cg19208044	71	72	0
cg19223789	68	69	0
cg19243613	22	23	0
cg19461192	38	39	0
cg19461192	57	58	0
cg19631884	11	12	0
cg19658834	13	14	0
cg19658834	16	17	0
cg19828220	10	11	0
cg19828220	74	75	100
cg19936176	27	28	0
cg19936176	30	31	0
cg19936176	57	58	0
cg19936176	62	63	0
cg19996711	11	12	0
cg19996711	25	26	0
cg20265375	7	8	0
cg20346209	43	44	0
cg20346209	56	57	0
cg20422755	11	12	0
cg20422755	14	15	0
cg20687703	13	14	0
cg20687703	22	23	0
cg20687703	33	34	0
cg20687703	71	72	0
cg20821442	22	23	100
cg20829742	43	44	100
cg20872072	5	6	100
cg20872072	24	25	60
cg20872072	35	36	0
cg20872072	49	50	0
cg20960545	18	19	0
cg20960545	23	24	0
cg20960545	25	26	0
cg20960545	48	49	0
cg20960545	50	51	0
cg20960545	53	54	0
cg20960545	55	56	0
cg21107288	24	25	0
cg21107288	34	35	0
cg21107288	41	42	0
cg21107288	52	53	0
cg21107288	62	63	0
cg21181292	44	45	0
cg21181292	65	66	0
cg21181292	73	74	0
cg21181292	76	77	0
cg21314020	42	43	0
cg21329093	36	37	0
cg21329093	41	42	0
cg21639837	55	56	0
cg21639837	67	68	0
cg21801378	7	8	0
cg21801378	57	58	0
cg21801378	60	61	0
cg21821214	20	21	0
cg21821214	71	72	0
cg22069272	29	30	0
cg22069272	50	51	0
cg22069272	56	57	0
cg22069272	62	63	0
cg22075146	11	12	0
cg22075146	14	15	0
cg22075146	34	35	0
cg22075146	51	52	0
cg22075146	54	55	0
cg22290035	70	71	0
cg22311716	44	45	0
cg22379728	56	57	0
cg22379728	64	65	0
cg22529808	70	71	100
cg22704389	70	71	0
cg22714777	12	13	0
cg22714777	16	17	0
cg22714777	28	29	0
cg22714777	35	36	0
cg22714777	38	39	0
cg22714777	52	53	0
cg22714777	53	54	0
cg22714777	75	76	0
cg22971559	54	55	0
cg22972602	68	69	0
cg22993731	48	49	100
cg23001333	39	40	0
cg23055029	62	63	0
cg23146472	15	16	0
cg23146472	40	41	0
cg23146472	44	45	0
cg23146472	56	57	0
cg23252799	41	42	0
cg23252799	61	62	0
cg23281380	16	17	0
cg23626248	21	22	100
cg23626248	64	65	0
cg23678852	8	9	0
cg23678852	52	53	0
cg23678852	61	62	0
cg23693668	42	43	0
cg23693668	63	64	0
cg23693668	72	73	0
cg23693668	76	77	0
cg23734662	55	56	0
cg23734662	67	68	0
cg23767994	5	6	0
cg23767994	9	10	0
cg23767994	16	17	0
cg23767994	21	22	0
cg23767994	54	55	0
cg23767994	58	59	0
cg23778391	32	33	0
cg24018680	10	11	100
cg24023187	3	4	0
cg24023187	46	47	0
cg24117712	15	16	0
cg24117712	59	60	0
cg24117712	67	68	0
cg24310367	38	39	0
cg24352905	16	17	0
cg24458752	27	28	100
cg24533228	54	55	0
cg24570563	5	6	0
cg24570563	10	11	0
cg24570563	13	14	0
cg24570563	25	26	0
cg24570563	46	47	0
cg24782168	14	15	100
cg24822649	19	20	0
cg24822649	35	36	0
cg24866418	40	41	0
cg24866418	66	67	0
cg25244980	67	68	0
cg25244980	74	75	0
cg25732341	55	56	0
cg25732341	58	59	0
cg25742767	58	59	0
cg25742767	64	65	0
cg25764105	10	11	0
cg25764105	36	37	0
cg25764105	42	43	0
cg25764105	69	70	0
cg26226211	47	48	0
cg26438612	47	48	0
cg26438612	56	57	0
cg26581639	28	29	0
cg26691477	11	12	0
cg26691477	67	68	0
cg26776127	12	13	0
cg26776127	26	27	0
cg26776127	31	32	0
cg26776127	34	35	0
cg26776127	73	74	0
cg26776127	76	77	0
cg26845448	14	15	0
cg26973693	5	6	100
cg26973693	14	15	0
cg27037659	29	30	100
cg27236202	15	16	0
cg27255867	63	64	100
cg27255867	68	69	100
cg27365371	26	27	0
cg27365371	42	43	0
cg27365371	51	52	0
cg27447914	43	44	100
cg27447914	48	49	100
