track type=bedGraph
cg00200899	53	54	100
cg00384342	57	58	0
cg00389116	50	51	100
cg00389116	54	55	100
cg00499875	11	12	0
cg00499875	43	44	100
cg00523855	63	64	100
cg00546693	18	19	100
cg00546693	50	51	100
cg01005773	12	13	0
cg01005773	19	20	100
cg01005773	21	22	0
cg01008025	46	47	100
cg01049141	17	18	100
cg01049141	71	72	0
cg01134518	66	67	50
cg01620430	38	39	100
cg01733991	64	65	0
cg01831882	17	18	50
cg01831882	23	24	0
cg01901522	44	45	100
cg01915021	9	10	100
cg01915021	43	44	100
cg02017717	9	10	0
cg02153512	16	17	0
cg02161890	36	37	0
cg02193885	35	36	100
cg02246955	44	45	0
cg02317025	48	49	0
cg02317025	73	74	100
cg02334049	40	41	100
cg02334049	43	44	100
cg02343568	10	11	0
cg02400551	21	22	0
cg02400551	72	73	100
cg02430333	57	58	0
cg02697105	32	33	0
cg03077729	74	75	100
cg03144020	41	42	0
cg03163633	10	11	0
cg03597059	42	43	100
cg03597059	44	45	100
cg03639871	49	50	100
cg03724450	70	71	0
cg03724450	76	77	0
cg03767531	22	23	100
cg03847707	29	30	0
cg03847707	60	61	0
cg03909395	61	62	0
cg03938432	59	60	66.6666666666667
cg04168436	22	23	100
cg04168436	63	64	0
cg04281230	20	21	0
cg04336027	31	32	0
cg04556126	29	30	100
cg04585419	72	73	100
cg04627479	11	12	100
cg04688368	62	63	0
cg04769815	21	22	100
cg04769815	48	49	100
cg04804914	50	51	100
cg04804914	64	65	100
cg04878542	31	32	100
cg04905851	26	27	100
cg05060618	21	22	100
cg05122695	37	38	0
cg05167834	72	73	100
cg05173279	28	29	0
cg05275337	33	34	0
cg05359706	31	32	100
cg05473648	31	32	100
cg05497416	37	38	0
cg05497416	50	51	100
cg05506365	15	16	0
cg05533382	46	47	0
cg05575054	65	66	100
cg05660816	74	75	0
cg05725590	20	21	0
cg05764166	19	20	100
cg05886164	44	45	100
cg05933419	45	46	100
cg06184939	69	70	0
cg06360155	41	42	0
cg06363517	24	25	100
cg06392318	3	4	0
cg06392318	20	21	100
cg06392318	31	32	100
cg06540073	51	52	0
cg06550953	5	6	0
cg06564900	27	28	100
cg06708132	64	65	50
cg06721611	71	72	0
cg06736685	42	43	0
cg06736685	52	53	0
cg07005811	26	27	0
cg07005811	46	47	100
cg07107529	7	8	0
cg07171305	45	46	100
cg07171305	58	59	100
cg07195259	72	73	0
cg07254032	31	32	100
cg07254032	45	46	50
cg07610132	70	71	100
cg07648871	61	62	0
cg07705206	49	50	0
cg07866592	39	40	0
cg08005992	74	75	0
cg08172555	60	61	0
cg08172555	64	65	0
cg08172555	68	69	0
cg08194812	31	32	66.6666666666667
cg08194812	48	49	100
cg08268145	61	62	0
cg08268145	79	80	100
cg08315393	38	39	100
cg08315393	53	54	100
cg08327269	33	34	0
cg08327269	48	49	0
cg08566450	41	42	0
cg08566450	74	75	100
cg08855194	58	59	0
cg08855449	42	43	0
cg08921975	38	39	100
cg08921975	73	74	100
cg08933507	28	29	0
cg08933507	45	46	100
cg08933507	51	52	100
cg08938156	54	55	100
cg08987848	34	35	50
cg08987848	38	39	100
cg09093115	20	21	100
cg09105275	21	22	0
cg09148605	6	7	0
cg09182475	10	11	100
cg09182475	53	54	100
cg09252678	30	31	0
cg09289224	1	2	0
cg09289224	45	46	100
cg09300249	25	26	0
cg09300249	32	33	0
cg09317554	43	44	0
cg09317554	46	47	100
cg09317554	50	51	50
cg09452015	25	26	100
cg09536551	63	64	100
cg09559982	68	69	100
cg09578221	8	9	100
cg09646359	38	39	0
cg09646359	43	44	0
cg09682305	37	38	75
cg09682305	44	45	0
cg09692427	57	58	100
cg09692427	64	65	0
cg09817427	41	42	0
cg09817427	45	46	0
cg09841954	15	16	100
cg09841954	40	41	0
cg09841954	45	46	0
cg10024790	14	15	0
cg10104432	28	29	0
cg10104432	33	34	0
cg10104432	48	49	0
cg10131194	53	54	83.3333333333333
cg10329153	46	47	0
cg10441680	7	8	0
cg10566829	29	30	100
cg10604668	9	10	50
cg10604668	58	59	66.6666666666667
cg10709038	13	14	100
cg10709038	25	26	0
cg10736991	37	38	0
cg10779098	23	24	0
cg10779098	46	47	100
cg10788097	31	32	0
cg10873006	66	67	100
cg10901415	52	53	100
cg11011976	71	72	100
cg11058785	25	26	100
cg11058785	27	28	100
cg11171400	30	31	0
cg11171400	38	39	0
cg11179893	29	30	0
cg11251215	54	55	50
cg11266179	67	68	100
cg11346223	57	58	0
cg11346223	72	73	100
cg11411958	17	18	0
cg11548411	63	64	0
cg11584091	44	45	100
cg11772199	12	13	0
cg11772199	74	75	0
cg11812837	13	14	100
cg11818729	37	38	100
cg11818729	59	60	100
cg11818729	70	71	0
cg11879601	52	53	100
cg11905658	38	39	0
cg11914037	63	64	0
cg12016197	21	22	0
cg12046720	50	51	100
cg12046720	66	67	0
cg12309991	45	46	100
cg12469785	24	25	0
cg12469785	54	55	0
cg12584622	32	33	0
cg12741020	44	45	100
cg12757011	40	41	100
cg12799227	21	22	100
cg12838514	45	46	0
cg12856514	35	36	0
cg12856514	45	46	100
cg12927674	13	14	0
cg12927674	57	58	0
cg13060540	17	18	100
cg13090788	29	30	100
cg13107977	28	29	0
cg13151303	21	22	100
cg13331682	15	16	100
cg13349948	8	9	50
cg13551010	3	4	100
cg13551010	14	15	0
cg13702567	31	32	100
cg13739934	73	74	0
cg13768953	20	21	0
cg13906190	57	58	0
cg13906190	63	64	0
cg14001847	47	48	0
cg14001847	53	54	0
cg14160701	14	15	100
cg14160701	26	27	0
cg14190856	28	29	0
cg14255803	66	67	0
cg14306227	21	22	0
cg14311946	41	42	0
cg14360629	3	4	0
cg14360629	26	27	87.0967741935484
cg14360629	40	41	0
cg14387043	41	42	100
cg14660630	68	69	0
cg14977462	37	38	0
cg14977462	42	43	100
cg14991487	52	53	0
cg15075184	9	10	0
cg15214658	23	24	0
cg15503346	63	64	100
cg15566115	40	41	0
cg15608939	29	30	0
cg15608939	58	59	0
cg15639204	35	36	0
cg15639204	50	51	0
cg15693666	73	74	0
cg15713129	59	60	0
cg15713129	73	74	0
cg15741341	12	13	100
cg15823859	29	30	0
cg15823859	33	34	55.5555555555556
cg15823859	74	75	100
cg15890010	52	53	50
cg15932297	7	8	100
cg15998452	61	62	100
cg16102371	18	19	0
cg16103501	70	71	100
cg16313026	51	52	100
cg16313026	67	68	100
cg16427848	18	19	0
cg16442395	55	56	100
cg16456627	2	3	100
cg16456627	69	70	75
cg16456627	71	72	0
cg16501308	22	23	0
cg16501308	29	30	0
cg16603464	46	47	0
cg16606195	41	42	100
cg16675333	26	27	0
cg16675686	47	48	0
cg16744551	58	59	0
cg16839209	14	15	0
cg16873877	72	73	100
cg17215796	51	52	0
cg17426532	52	53	100
cg17426532	68	69	100
cg17517572	32	33	100
cg17548032	20	21	0
cg17548032	48	49	100
cg17644722	15	16	0
cg17644722	49	50	0
cg17820491	17	18	0
cg17942396	31	32	50
cg18014720	44	45	100
cg18153575	31	32	0
cg18153575	37	38	0
cg18271715	16	17	0
cg18271715	34	35	0
cg18278971	31	32	33.3333333333333
cg18306254	18	19	33.3333333333333
cg18306254	36	37	100
cg18488855	26	27	0
cg18659931	73	74	100
cg18678822	36	37	0
cg18809102	29	30	0
cg18815657	58	59	92.3076923076923
cg18922837	28	29	0
cg19011483	27	28	0
cg19011483	29	30	100
cg19050854	8	9	100
cg19117962	35	36	60
cg19133511	44	45	100
cg19292353	34	35	100
cg19292353	39	40	100
cg19555331	20	21	0
cg19555331	26	27	100
cg19560915	53	54	100
cg19591642	32	33	0
cg19591642	36	37	0
cg19658834	13	14	100
cg19658834	16	17	0
cg19804266	8	9	0
cg19868479	34	35	100
cg19868479	62	63	100
cg19929340	46	47	0
cg20011459	25	26	100
cg20011459	44	45	100
cg20011459	76	77	0
cg20040459	40	41	0
cg20042949	41	42	0
cg20042949	45	46	0
cg20042949	67	68	0
cg20149183	33	34	100
cg20149183	62	63	100
cg20167583	35	36	50
cg20233387.1	26	27	100
cg20259148	52	53	0
cg20359134	13	14	100
cg20382445	55	56	0
cg20425337	27	28	50
cg20425337	62	63	100
cg20638025	42	43	100
cg20805191	18	19	100
cg20821442	20	21	100
cg20872072	24	25	70
cg20872072	33	34	100
cg20872072	47	48	100
cg21027178	49	50	0
cg21067017	42	43	100
cg21067017	69	70	100
cg21097283	71	72	100
cg21177673	21	22	100
cg21177673	31	32	0
cg21181292	42	43	0
cg21181292	50	51	0
cg21314020	15	16	100
cg21333598	12	13	100
cg21333598	45	46	100
cg21489919	72	73	0
cg21489919	76	77	0
cg21538469	35	36	100
cg21538469	66	67	0
cg21542900	71	72	0
cg21576760	17	18	100
cg21576760	59	60	0
cg21654796	52	53	100
cg21654796	61	62	0
cg21767196	15	16	0
cg21767196	76	77	0
cg21801378	64	65	0
cg21801378	75	76	0
cg21836885	24	25	0
cg21849844	59	60	100
cg22069272	48	49	80
cg22078760	15	16	0
cg22078760	40	41	0
cg22078760	73	74	0
cg22290035	15	16	0
cg22527167	68	69	0
cg22724078	50	51	0
cg22961850	13	14	0
cg23004138	68	69	100
cg23015165	58	59	0
cg23037611	65	66	0
cg23037611	68	69	0
cg23055029	39	40	100
cg23076498	19	20	100
cg23087015	3	4	0
cg23087015	8	9	0
cg23087015	13	14	0
cg23087015	49	50	0
cg23091488	58	59	100
cg23110082	4	5	100
cg23146472	40	41	0
cg23146472	56	57	0
cg23281380	16	17	100
cg23281380	18	19	100
cg23281380	46	47	100
cg23302461	75	76	0
cg23626248	47	48	100
cg23778391	68	69	100
cg23793099	64	65	0
cg23826041	23	24	100
cg23829949	58	59	50
cg24018680	10	11	0
cg24023187	46	47	100
cg24178740	68	69	100
cg24255409	62	63	0
cg24310367	36	37	0
cg24444575	17	18	0
cg24458752	38	39	100
cg24466113	55	56	100
cg24466113	58	59	0
cg24587040	9	10	0
cg24587040	31	32	0
cg24596418	45	46	0
cg24596418	50	51	0
cg24677671	62	63	100
cg24724167	24	25	100
cg24724167	32	33	0
cg24799293	41	42	0
cg24799293	45	46	0
cg24799293	49	50	0
cg24799293	52	53	0
cg24900201	36	37	0
cg25379954	17	18	0
cg25400234	18	19	0
cg25430089	9	10	100
cg25731502	20	21	100
cg25732341	71	72	0
cg25743059	32	33	100
cg25743059	52	53	100
cg25773519	13	14	100
cg25773519	66	67	100
cg26062249	62	63	0
cg26109480	68	69	0
cg26154615	68	69	100
cg26154615	71	72	100
cg26226211	52	53	0
cg26258498	46	47	0
cg26313355	5	6	0
cg26452091	25	26	0
cg26452091	38	39	100
cg26491213	44	45	100
cg26495946	63	64	100
cg26530991	12	13	100
cg26631126	34	35	0
cg26631126	42	43	100
cg26631126	57	58	100
cg27009703	66	67	100
cg27101921	57	58	100
cg27146637	23	24	100
cg27146637	73	74	100
cg27149782	33	34	0
cg27159708	40	41	0
cg27181123	38	39	0
cg27196467	18	19	100
cg27201382	43	44	0
cg27201382	52	53	100
cg27255867	29	30	100
cg27425459	15	16	100
cg27454487	63	64	0
cg27514424	23	24	100
cg27562808	54	55	0
cg27582648	43	44	100
cg27605823	33	34	100
