track type=bedGraph
cg00138195	55	56	100
cg00138195	65	66	100
cg00138195	69	70	0
cg00138195	72	73	100
cg00158333	12	13	0
cg00158333	20	21	100
cg00158333	27	28	0
cg00158333	72	73	0
cg00200899	62	63	0
cg00310215	12	13	0
cg00310215	16	17	0
cg00310215	29	30	0
cg00310215	37	38	0
cg00310215	47	48	0
cg00330845	14	15	0
cg00362487	46	47	100
cg00367518	23	24	33.3333333333333
cg00384342	67	68	100
cg00389116	24	25	33.3333333333333
cg00447136	29	30	0
cg00447136	30	31	0
cg00499875	58	59	0
cg00499875	63	64	0
cg00499875	65	66	0
cg00499875	68	69	0
cg00523855	25	26	0
cg00523855	44	45	0
cg00523855	45	46	100
cg00523855	57	58	0
cg00595237	21	22	0
cg00595237	23	24	0
cg00611149	19	20	0
cg00612925	25	26	0
cg00612925	29	30	0
cg00612925	30	31	0
cg00612925	57	58	100
cg00612925	58	59	0
cg00872748	18	19	0
cg00930873	50	51	0
cg00930873	51	52	0
cg00930873	65	66	50
cg00930873	67	68	50
cg00992842	10	11	0
cg01047058	55	56	0
cg01049141	15	16	100
cg01049455	50	51	0
cg01105418	78	79	0
cg01134518	18	19	100
cg01134518	20	21	66.6666666666667
cg01134518	30	31	100
cg01187271	50	51	0
cg01245471	20	21	0
cg01245471	37	38	0
cg01245471	44	45	0
cg01245471	49	50	0
cg01245471	56	57	0
cg01245471	59	60	0
cg01594757	11	12	0
cg01594757	29	30	0
cg01603001	63	64	0
cg01603001	67	68	0
cg01676370	49	50	0
cg01819137	15	16	50
cg01819137	58	59	0
cg01819137	59	60	0
cg01856529	59	60	0
cg01933636	15	16	100
cg01992907	28	29	0
cg02161890	62	63	0
cg02176407	2	3	0
cg02176407	11	12	0
cg02176407	17	18	0
cg02176407	29	30	0
cg02176407	33	34	0
cg02176407	38	39	0
cg02176407	69	70	0
cg02247164	51	52	0
cg02340142	77	78	0
cg02379880	13	14	100
cg02386994	7	8	100
cg02386994	40	41	100
cg02389125	18	19	0
cg02389125	23	24	0
cg02389125	29	30	0
cg02389125	55	56	0
cg02400551	70	71	50
cg02455094	43	44	0
cg02486904	2	3	0
cg02486904	3	4	100
cg02486904	57	58	0
cg02486904	59	60	0
cg02554345	28	29	0
cg02602455	45	46	0
cg02676375	25	26	100
cg02681442	42	43	0
cg02681442	53	54	0
cg02697105	20	21	0
cg02724885	65	66	0
cg02762509	49	50	100
cg02770983	42	43	0
cg02805342	27	28	0
cg02865946	38	39	0
cg02865946	51	52	0
cg02865946	69	70	0
cg02873524	5	6	0
cg02873524	15	16	0
cg02873524	18	19	0
cg02873524	26	27	0
cg02873524	47	48	0
cg02894112	44	45	0
cg02894112	45	46	100
cg02894112	47	48	0
cg02894112	48	49	100
cg02894112	67	68	0
cg02894112	68	69	75
cg02894112	72	73	0
cg02894112	73	74	33.3333333333333
cg02895393	20	21	0
cg02928435	51	52	50
cg02928435	53	54	0
cg02951552	49	50	0
cg02951552	50	51	0
cg02968414	15	16	100
cg02968414	18	19	100
cg03064443	28	29	0
cg03094159	14	15	0
cg03121178	22	23	66.6666666666667
cg03122810	6	7	0
cg03133310	48	49	0
cg03133310	58	59	0
cg03133310	64	65	0
cg03144020	45	46	0
cg03187378	39	40	0
cg03187378	45	46	0
cg03187378	56	57	0
cg03218689	18	19	100
cg03218689	26	27	0
cg03252517	19	20	0
cg03260195	19	20	0
cg03265102	60	61	0
cg03350186	14	15	0
cg03458585	29	30	0
cg03469153	8	9	0
cg03469153	70	71	0
cg03469153	78	79	100
cg03536971	72	73	0
cg03539526	51	52	0
cg03555227	7	8	0
cg03555227	10	11	0
cg03555227	13	14	0
cg03564053	56	57	0
cg03571891	16	17	0
cg03571891	21	22	0
cg03571891	43	44	0
cg03571891	48	49	0
cg03571891	75	76	0
cg03571891	78	79	0
cg03582041	3	4	100
cg03663215	7	8	0
cg03663215	8	9	50
cg03663215	21	22	0
cg03663215	22	23	0
cg03663215	54	55	0
cg03663215	60	61	0
cg03663215	61	62	0
cg03674256	51	52	100
cg03679521	50	51	0
cg03679521	72	73	0
cg03686643	70	71	0
cg03697136	62	63	0
cg03724450	43	44	0
cg03862352	27	28	0
cg03862352	33	34	0
cg03862352	69	70	0
cg03862352	72	73	0
cg03904814	45	46	0
cg03909395	51	52	0
cg03909395	77	78	0
cg03938432	57	58	100
cg03957108	33	34	100
cg03972287	67	68	100
cg04016956	16	17	0
cg04016956	63	64	0
cg04071434	32	33	100
cg04071434	33	34	0
cg04071434	39	40	100
cg04071434	40	41	0
cg04071434	62	63	0
cg04087693	29	30	100
cg04087693	30	31	0
cg04087693	50	51	0
cg04107706	29	30	0
cg04124389	73	74	100
cg04209727	11	12	0
cg04209727	14	15	0
cg04209727	25	26	0
cg04243635	34	35	100
cg04245317	42	43	0
cg04281230	29	30	0
cg04281230	30	31	0
cg04348533	57	58	0
cg04449703	51	52	0
cg04504700	2	3	0
cg04504700	26	27	0
cg04504700	27	28	0
cg04504700	31	32	0
cg04504700	38	39	0
cg04504700	39	40	100
cg04504700	51	52	0
cg04504700	65	66	0
cg04529370	17	18	0
cg04529370	35	36	0
cg04556126	23	24	0
cg04556126	28	29	0
cg04567783	1	2	0
cg04567783	8	9	0
cg04567783	28	29	0
cg04567783	29	30	0
cg04585419	49	50	0
cg04611891	30	31	0
cg04627377	22	23	0
cg04627377	23	24	100
cg04627377	44	45	0
cg04627377	78	79	0
cg04638311	55	56	0
cg04735310	49	50	50
cg04735310	68	69	0
cg04759874	11	12	0
cg04759874	19	20	0
cg04759874	20	21	50
cg04759874	27	28	100
cg04769815	59	60	0
cg04769815	60	61	0
cg04804914	23	24	0
cg04804914	24	25	0
cg04804914	27	28	0
cg04804914	28	29	0
cg04804914	35	36	0
cg04804914	36	37	0
cg04863645	63	64	0
cg04956792	70	71	100
cg04965129	7	8	0
cg05108018	72	73	0
cg05121253	30	31	100
cg05122695	77	78	0
cg05124292	22	23	0
cg05130731	2	3	100
cg05173279	41	42	0
cg05173279	42	43	0
cg05173279	56	57	0
cg05173279	57	58	0
cg05173279	63	64	0
cg05173279	64	65	0
cg05173279	72	73	0
cg05194810	53	54	0
cg05213609	25	26	0
cg05213609	29	30	0
cg05213609	42	43	0
cg05213609	50	51	0
cg05213609	60	61	0
cg05229784	11	12	0
cg05261870	3	4	0
cg05297552	29	30	0
cg05297552	37	38	100
cg05331950	24	25	100
cg05359706	18	19	0
cg05372644	49	50	0
cg05372644	50	51	0
cg05372644	55	56	100
cg05372644	56	57	0
cg05399218	49	50	0
cg05400549	16	17	0
cg05406154	26	27	0
cg05406154	29	30	0
cg05406154	36	37	0
cg05433039	21	22	0
cg05433039	25	26	0
cg05433039	52	53	0
cg05433039	53	54	0
cg05434345	17	18	100
cg05434345	46	47	50
cg05491758	30	31	100
cg05506365	6	7	0
cg05506365	7	8	0
cg05506365	21	22	0
cg05506365	23	24	0
cg05506365	41	42	0
cg05506365	44	45	0
cg05506365	53	54	0
cg05551621	38	39	100
cg05562063	49	50	100
cg05575054	19	20	100
cg05602738	46	47	0
cg05641937	9	10	100
cg05642042	30	31	0
cg05650111	22	23	0
cg05650111	23	24	0
cg05706365	16	17	0
cg05706365	20	21	0
cg05730460	61	62	0
cg05798256	19	20	50
cg05798256	29	30	0
cg05798256	40	41	0
cg05798256	51	52	0
cg05798256	68	69	0
cg05821475	50	51	100
cg05821475	51	52	0
cg05821475	55	56	100
cg05821475	56	57	0
cg05821475	59	60	0
cg05821475	60	61	0
cg05821475	61	62	0
cg05821475	62	63	0
cg05847336	24	25	100
cg05847336	29	30	0
cg05847336	30	31	0
cg05847336	39	40	100
cg05847336	40	41	0
cg05847336	48	49	50
cg05848491	9	10	0
cg05848491	17	18	0
cg05848491	41	42	0
cg05879189	19	20	25
cg05879189	54	55	0
cg05884078	26	27	0
cg05884078	27	28	0
cg05884078	29	30	0
cg05884078	30	31	0
cg05913350	11	12	0
cg05913350	59	60	0
cg05913350	60	61	100
cg05928030	30	31	0
cg05928030	60	61	0
cg05933419	13	14	100
cg05977669	55	56	100
cg06023028	50	51	0
cg06037672	17	18	0
cg06044403	49	50	100
cg06115225	44	45	0
cg06115225	53	54	0
cg06115225	56	57	0
cg06132693	66	67	0
cg06132693	67	68	100
cg06132693	71	72	0
cg06145973	34	35	0
cg06145973	66	67	0
cg06206751	18	19	33.3333333333333
cg06206751	57	58	50
cg06206751	58	59	0
cg06206751	66	67	0
cg06292880	12	13	0
cg06292880	64	65	0
cg06310881	29	30	0
cg06360155	34	35	0
cg06360155	63	64	0
cg06392318	18	19	0
cg06400713	67	68	0
cg06414149	30	31	0
cg06482098	3	4	0
cg06538073	30	31	100
cg06550953	30	31	100
cg06557369	64	65	100
cg06569016	4	5	75
cg06569016	5	6	0
cg06569016	23	24	83.3333333333333
cg06569016	24	25	25
cg06569016	48	49	71.4285714285714
cg06569016	49	50	0
cg06569016	54	55	16.6666666666667
cg06569016	55	56	0
cg06569016	63	64	50
cg06569016	64	65	100
cg06617495	30	31	100
cg06637963	46	47	0
cg06637963	64	65	0
cg06736685	62	63	0
cg06760710	73	74	100
cg06762071	5	6	0
cg06762071	6	7	33.3333333333333
cg06762071	12	13	0
cg06762071	13	14	0
cg06762071	19	20	0
cg06762071	20	21	33.3333333333333
cg06762071	28	29	0
cg06762071	29	30	0
cg06762071	49	50	0
cg06762071	50	51	0
cg06785707	27	28	100
cg06812724	15	16	0
cg06812724	16	17	0
cg06821075	11	12	0
cg06837246	25	26	0
cg06839075	15	16	0
cg06907391	47	48	0
cg06944510	2	3	0
cg06944510	5	6	0
cg07005811	54	55	0
cg07005811	55	56	0
cg07022610	7	8	100
cg07022610	38	39	100
cg07031988	30	31	100
cg07071132	11	12	0
cg07071132	17	18	50
cg07071132	38	39	0
cg07094804	33	34	100
cg07094804	43	44	100
cg07116727	18	19	0
cg07151295	6	7	0
cg07151295	8	9	33.3333333333333
cg07151295	23	24	50
cg07151295	37	38	0
cg07151295	40	41	0
cg07171305	4	5	0
cg07195259	9	10	0
cg07195259	14	15	0
cg07195259	61	62	0
cg07232817	24	25	0
cg07232817	69	70	0
cg07232817	70	71	0
cg07254032	29	30	0
cg07300517	29	30	0
cg07300517	34	35	0
cg07300517	41	42	0
cg07300517	55	56	0
cg07300517	71	72	0
cg07332354	74	75	0
cg07336259	9	10	100
cg07336259	22	23	50
cg07336259	28	29	50
cg07373698	76	77	100
cg07404009	64	65	0
cg07404009	65	66	0
cg07423797	11	12	0
cg07537139	9	10	0
cg07588415	44	45	0
cg07588415	45	46	0
cg07588415	55	56	0
cg07588415	58	59	0
cg07610132	54	55	0
cg07629125	66	67	0
cg07636089	77	78	0
cg07644544	29	30	50
cg07644544	30	31	0
cg07645671	16	17	100
cg07694338	78	79	0
cg07704742	56	57	100
cg07795407	30	31	0
cg07866592	23	24	100
cg07940754	12	13	0
cg07940754	13	14	0
cg07940754	28	29	0
cg07940754	29	30	0
cg07940754	40	41	0
cg07940754	41	42	0
cg08005992	50	51	0
cg08029175	32	33	0
cg08029175	33	34	0
cg08029175	37	38	0
cg08029175	38	39	0
cg08029175	78	79	0
cg08060524	12	13	0
cg08104970	69	70	0
cg08113048	37	38	100
cg08113048	41	42	0
cg08113048	62	63	0
cg08156863	37	38	0
cg08194812	61	62	100
cg08215774	11	12	0
cg08215774	12	13	0
cg08271353	30	31	0
cg08285141	54	55	100
cg08285141	70	71	0
cg08372705	74	75	100
cg08454381	60	61	0
cg08454381	61	62	0
cg08460572	10	11	100
cg08519469	22	23	0
cg08566450	30	31	0
cg08588194	72	73	0
cg08608749	40	41	0
cg08608749	59	60	0
cg08629602	52	53	0
cg08641508	30	31	0
cg08766215	58	59	33.3333333333333
cg08811838	6	7	0
cg08811838	9	10	100
cg08849105	17	18	0
cg08849105	32	33	0
cg08854986	22	23	0
cg08854986	54	55	0
cg08855194	60	61	0
cg08855449	75	76	0
cg08921975	20	21	9.09090909090909
cg08921975	21	22	0
cg08921975	22	23	10
cg08921975	23	24	0
cg08938156	59	60	100
cg08938156	63	64	0
cg08938156	70	71	50
cg08938156	72	73	50
cg08981690	44	45	0
cg08981690	73	74	0
cg09072617	12	13	100
cg09075088	4	5	0
cg09075088	6	7	0
cg09075088	36	37	100
cg09075088	38	39	0
cg09093115	55	56	100
cg09103452	9	10	0
cg09103452	47	48	33.3333333333333
cg09141122	32	33	0
cg09141122	66	67	100
cg09141122	76	77	100
cg09228164	37	38	0
cg09228164	64	65	0
cg09244212	45	46	100
cg09244212	64	65	0
cg09244212	69	70	100
cg09244212	71	72	66.6666666666667
cg09244212	74	75	0
cg09249640	19	20	0
cg09283583	17	18	100
cg09283583	74	75	100
cg09289224	39	40	0
cg09289224	52	53	0
cg09289224	68	69	0
cg09300249	29	30	0
cg09300249	44	45	0
cg09313308	31	32	0
cg09317554	33	34	0
cg09317554	34	35	0
cg09317554	36	37	100
cg09317554	37	38	0
cg09317554	74	75	0
cg09400505	4	5	0
cg09407361	29	30	50
cg09407361	30	31	0
cg09461098	39	40	50
cg09461098	49	50	100
cg09536551	4	5	100
cg09559229	35	36	0
cg09559229	70	71	100
cg09578221	16	17	0
cg09578221	17	18	0
cg09578221	24	25	0
cg09578221	25	26	0
cg09578221	26	27	0
cg09578221	27	28	0
cg09578221	29	30	25
cg09578221	30	31	0
cg09578221	40	41	0
cg09578221	41	42	0
cg09578221	58	59	0
cg09578221	59	60	0
cg09579869	50	51	0
cg09606853	43	44	0
cg09606853	66	67	0
cg09624466	35	36	0
cg09646359	53	54	100
cg09654498	59	60	0
cg09661809	14	15	100
cg09661809	63	64	0
cg09682305	38	39	0
cg09692769	13	14	100
cg09706122	5	6	0
cg09706122	18	19	0
cg09706122	26	27	0
cg09706122	30	31	0
cg09706122	33	34	0
cg09706122	59	60	0
cg09706122	71	72	0
cg09731012	15	16	16.6666666666667
cg09731012	16	17	0
cg09731012	18	19	16.6666666666667
cg09731012	19	20	0
cg09731012	29	30	14.2857142857143
cg09731012	30	31	0
cg09782540	20	21	100
cg09789765	22	23	75
cg09816507	29	30	0
cg09816507	30	31	0
cg09817427	67	68	100
cg09817553	30	31	100
cg09841958	68	69	0
cg09899564	18	19	50
cg09977861	19	20	50
cg09977861	32	33	0
cg09977861	65	66	0
cg09977861	66	67	0
cg09985350	4	5	100
cg09985350	52	53	0
cg10040493	21	22	100
cg10064809	72	73	100
cg10073942	51	52	100
cg10118204	72	73	100
cg10118204	73	74	0
cg10125423	79	80	100
cg10287351	77	78	0
cg10324939	9	10	0
cg10324939	18	19	0
cg10324939	20	21	0
cg10324939	65	66	0
cg10324939	66	67	0
cg10389748	43	44	100
cg10392713	23	24	0
cg10392713	24	25	0
cg10392713	61	62	0
cg10392713	62	63	0
cg10392713	65	66	0
cg10392713	66	67	0
cg10427592	13	14	0
cg10427592	21	22	0
cg10427592	30	31	0
cg10427592	48	49	0
cg10427592	51	52	0
cg10427592	61	62	0
cg10439174	6	7	0
cg10439174	22	23	0
cg10491556	29	30	100
cg10491556	30	31	0
cg10491556	51	52	0
cg10491556	53	54	100
cg10543582	71	72	100
cg10604668	71	72	50
cg10624665	50	51	0
cg10709038	5	6	0
cg10775708	45	46	0
cg10779098	36	37	0
cg11058785	10	11	0
cg11058785	11	12	0
cg11058785	64	65	100
cg11066411	25	26	0
cg11066411	26	27	0
cg11066411	46	47	0
cg11066411	47	48	0
cg11128216	41	42	0
cg11128216	46	47	0
cg11167025	49	50	0
cg11201611	4	5	0
cg11201611	6	7	0
cg11201611	49	50	0
cg11201611	54	55	0
cg11214667	8	9	0
cg11411958	15	16	0
cg11461434	48	49	100
cg11461434	49	50	0
cg11461434	75	76	0
cg11461434	76	77	0
cg11493105	69	70	0
cg11541320	77	78	100
cg11560032	8	9	100
cg11560032	15	16	100
cg11656502	5	6	100
cg11666770	9	10	0
cg11666770	22	23	0
cg11666770	24	25	0
cg11666770	27	28	0
cg11666770	45	46	0
cg11666770	50	51	0
cg11672180	16	17	0
cg11690941	30	31	0
cg11700079	46	47	0
cg11700079	50	51	0
cg11700079	52	53	0
cg11758048	29	30	0
cg11758048	30	31	0
cg11758048	39	40	0
cg11758048	40	41	0
cg11758048	60	61	0
cg11758048	61	62	0
cg11792642	30	31	100
cg11792642	36	37	0
cg11807038	3	4	0
cg11807038	71	72	66.6666666666667
cg11818729	27	28	0
cg11818729	28	29	0
cg11819496	70	71	0
cg11905658	30	31	100
cg11908885	6	7	0
cg11908885	44	45	0
cg11908885	47	48	0
cg11923198	54	55	100
cg12056279	31	32	100
cg12056279	33	34	100
cg12056279	57	58	100
cg12063651	15	16	0
cg12063651	30	31	0
cg12063651	32	33	0
cg12135540	22	23	0
cg12135540	28	29	0
cg12135540	30	31	0
cg12135540	40	41	0
cg12145907	14	15	0
cg12145907	15	16	0
cg12145907	21	22	0
cg12145907	22	23	0
cg12145907	37	38	0
cg12145907	38	39	0
cg12241489	30	31	0
cg12309991	29	30	100
cg12309991	30	31	100
cg12311671	48	49	0
cg12338604	28	29	100
cg12376071	4	5	100
cg12428624	30	31	0
cg12434982	56	57	0
cg12434982	62	63	0
cg12451099	11	12	0
cg12451099	35	36	0
cg12553580	21	22	100
cg12553580	22	23	0
cg12584622	46	47	100
cg12593479	16	17	0
cg12593479	47	48	100
cg12620743	78	79	0
cg12642246	50	51	0
cg12642246	51	52	0
cg12646064	58	59	0
cg12649001	15	16	0
cg12649001	16	17	0
cg12649001	29	30	0
cg12649001	30	31	0
cg12649001	47	48	0
cg12649001	48	49	0
cg12649001	53	54	0
cg12649001	54	55	0
cg12798259	60	61	0
cg12799227	67	68	0
cg12811128	8	9	0
cg12814030	11	12	50
cg12841266	14	15	0
cg12841266	18	19	0
cg12841266	21	22	0
cg12841266	32	33	0
cg12841266	36	37	100
cg12841266	45	46	0
cg12841266	72	73	0
cg12934046	11	12	100
cg12945120	36	37	0
cg12945120	37	38	0
cg12945120	44	45	0
cg12945120	45	46	0
cg12945120	52	53	0
cg12945120	65	66	0
cg12959926	7	8	20
cg12959926	15	16	0
cg12959926	16	17	0
cg12959926	52	53	0
cg12959926	53	54	0
cg12959926	60	61	0
cg12959926	61	62	12.5
cg12986671	17	18	0
cg12991729	25	26	0
cg13029792	28	29	0
cg13102585	17	18	100
cg13102585	65	66	0
cg13107977	29	30	50
cg13151303	17	18	0
cg13151947	78	79	0
cg13153497	12	13	100
cg13153497	13	14	0
cg13153497	37	38	0
cg13153497	49	50	0
cg13153497	50	51	0
cg13153497	58	59	0
cg13153497	76	77	0
cg13185781	10	11	100
cg13192313	30	31	0
cg13192313	50	51	100
cg13193455	33	34	0
cg13194536	22	23	0
cg13194536	54	55	0
cg13278722	40	41	0
cg13278722	73	74	100
cg13313667	70	71	0
cg13331682	52	53	0
cg13366102	78	79	100
cg13477804	8	9	0
cg13477804	16	17	0
cg13477804	20	21	0
cg13477804	23	24	0
cg13477804	49	50	0
cg13477804	61	62	0
cg13486820	43	44	0
cg13604683	29	30	0
cg13660279	9	10	0
cg13702567	29	30	0
cg13732394	56	57	0
cg13732394	57	58	0
cg13732394	59	60	0
cg13732394	60	61	0
cg13739934	7	8	100
cg13739934	67	68	0
cg13739934	72	73	0
cg13739934	78	79	0
cg13753818	64	65	100
cg13766016	50	51	0
cg13800968	69	70	50
cg13834844	36	37	0
cg13834844	38	39	0
cg13837730	29	30	0
cg13837730	62	63	0
cg13845517	14	15	0
cg13845517	23	24	0
cg13845517	59	60	0
cg13845517	78	79	100
cg13848598	6	7	0
cg13848598	7	8	0
cg13848598	17	18	0
cg13848598	41	42	0
cg13848598	55	56	0
cg13848598	56	57	0
cg13848598	59	60	0
cg13848598	60	61	0
cg13848598	64	65	0
cg13848598	65	66	0
cg13854663	65	66	0
cg13901789	78	79	100
cg13971339	13	14	50
cg14001847	11	12	0
cg14005972	45	46	0
cg14019317	5	6	0
cg14019317	6	7	0
cg14019317	22	23	0
cg14019317	23	24	0
cg14033937	30	31	0
cg14043264	53	54	0
cg14136831	52	53	0
cg14140337	12	13	100
cg14140337	21	22	100
cg14190856	22	23	0
cg14190856	23	24	0
cg14190856	29	30	0
cg14190856	30	31	0
cg14190856	52	53	0
cg14190856	53	54	0
cg14190856	58	59	0
cg14190856	59	60	0
cg14255803	43	44	100
cg14297772	25	26	100
cg14306227	5	6	0
cg14306227	6	7	0
cg14306227	50	51	0
cg14306227	51	52	0
cg14322760	3	4	100
cg14322760	4	5	100
cg14361875	30	31	0
cg14363797	18	19	0
cg14427009	4	5	50
cg14427009	49	50	100
cg14491141	43	44	0
cg14491141	44	45	0
cg14491141	72	73	100
cg14525247	2	3	0
cg14525247	36	37	0
cg14525247	44	45	0
cg14525247	52	53	0
cg14666740	42	43	0
cg14715530	42	43	0
cg14715530	61	62	0
cg14728698	13	14	33.3333333333333
cg14728698	24	25	100
cg14815482	65	66	0
cg14880389	50	51	0
cg14880389	59	60	0
cg14991487	67	68	0
cg15004491	29	30	0
cg15004491	30	31	0
cg15004491	44	45	0
cg15004491	46	47	0
cg15004491	57	58	0
cg15028045	29	30	0
cg15043841	55	56	0
cg15043841	59	60	50
cg15075184	39	40	100
cg15154755	53	54	100
cg15154755	55	56	100
cg15219830	51	52	0
cg15219830	52	53	0
cg15262576	22	23	0
cg15437942	67	68	0
cg15503346	53	54	0
cg15503346	54	55	0
cg15512297	75	76	0
cg15512297	78	79	0
cg15516833	59	60	0
cg15545854	39	40	0
cg15555425	57	58	0
cg15555425	70	71	100
cg15566115	29	30	100
cg15566115	37	38	100
cg15608939	44	45	0
cg15608939	57	58	100
cg15639204	68	69	0
cg15658912	13	14	0
cg15658912	29	30	0
cg15658912	34	35	0
cg15658912	35	36	0
cg15658912	58	59	0
cg15693666	55	56	0
cg15713129	12	13	0
cg15713129	24	25	0
cg15713129	30	31	0
cg15723222	70	71	0
cg15726426	55	56	0
cg15741341	46	47	100
cg15823859	28	29	0
cg15834661	23	24	25
cg15834661	48	49	0
cg15846956	27	28	0
cg15846956	57	58	0
cg15890010	57	58	0
cg15903069	29	30	0
cg15913680	16	17	0
cg15913680	17	18	0
cg15913680	39	40	0
cg15981352	27	28	100
cg15998452	20	21	0
cg16046465	49	50	0
cg16046465	50	51	0
cg16046465	53	54	0
cg16046465	54	55	0
cg16046465	64	65	0
cg16046465	65	66	0
cg16046465	70	71	0
cg16046465	71	72	0
cg16071226	11	12	0
cg16071226	37	38	0
cg16071226	68	69	0
cg16073238	16	17	0
cg16073238	50	51	0
cg16073238	51	52	0
cg16102371	55	56	0
cg16111936	21	22	0
cg16113298	35	36	0
cg16113298	71	72	0
cg16118889	69	70	50
cg16118889	70	71	100
cg16124154	67	68	66.6666666666667
cg16124154	68	69	100
cg16188689	9	10	0
cg16290482	29	30	0
cg16290482	30	31	0
cg16346788	48	49	100
cg16384721	54	55	0
cg16427848	25	26	0
cg16427848	37	38	100
cg16434122	29	30	0
cg16442395	61	62	0
cg16442395	62	63	0
cg16442395	65	66	0
cg16442395	66	67	100
cg16456408	33	34	66.6666666666667
cg16456408	34	35	0
cg16456408	76	77	0
cg16456627	77	78	100
cg16524928	39	40	0
cg16524928	66	67	0
cg16534861	45	46	100
cg16582309	14	15	0
cg16582309	53	54	0
cg16606195	20	21	0
cg16658659	50	51	0
cg16678811	20	21	0
cg16692317	26	27	0
cg16692317	29	30	0
cg16692317	38	39	0
cg16744551	48	49	0
cg16744551	49	50	0
cg16872560	40	41	100
cg16925789	56	57	0
cg16925789	59	60	0
cg16986738	51	52	100
cg17037716	43	44	0
cg17037716	46	47	0
cg17057912	49	50	100
cg17061244	43	44	0
cg17061244	44	45	0
cg17061244	55	56	0
cg17061244	56	57	0
cg17137627	54	55	0
cg17177168	51	52	0
cg17183991	20	21	0
cg17212850	29	30	0
cg17212850	77	78	0
cg17257156	29	30	100
cg17257156	30	31	0
cg17257156	48	49	0
cg17257156	49	50	0
cg17257156	64	65	0
cg17257156	65	66	0
cg17307267	29	30	0
cg17307267	45	46	0
cg17398634	27	28	0
cg17437489	29	30	0
cg17437489	59	60	0
cg17438987	14	15	100
cg17438987	47	48	100
cg17609931	27	28	100
cg17609931	39	40	0
cg17711361	8	9	50
cg17711361	59	60	0
cg17726355	30	31	0
cg17726355	63	64	100
cg17726355	64	65	0
cg17769560	36	37	0
cg17769560	67	68	0
cg17942031	71	72	0
cg18010822	72	73	100
cg18120675	25	26	0
cg18120675	36	37	0
cg18120675	38	39	0
cg18120675	39	40	0
cg18120675	61	62	0
cg18192799	61	62	0
cg18278083	13	14	0
cg18278083	23	24	100
cg18278083	37	38	100
cg18284930	24	25	50
cg18284930	25	26	0
cg18284930	26	27	0
cg18284930	27	28	0
cg18304538	30	31	100
cg18334734	16	17	0
cg18334734	29	30	0
cg18334734	38	39	0
cg18342041	37	38	0
cg18397523	23	24	0
cg18397523	37	38	0
cg18480384	21	22	0
cg18480384	27	28	0
cg18480384	37	38	0
cg18480384	38	39	0
cg18501647	47	48	0
cg18531946	63	64	0
cg18531946	64	65	0
cg18560297	60	61	100
cg18629679	3	4	0
cg18629679	29	30	0
cg18629679	30	31	100
cg18760617	52	53	0
cg18760617	54	55	0
cg18780131	12	13	100
cg18802184	8	9	0
cg18802184	34	35	50
cg18802184	51	52	100
cg18809102	28	29	100
cg18809102	38	39	0
cg18815657	78	79	0
cg18821963	30	31	0
cg18821963	31	32	0
cg18821963	32	33	0
cg18821963	33	34	0
cg18821963	47	48	0
cg18849004	16	17	100
cg18907402	59	60	0
cg18907778	38	39	0
cg18919816	55	56	0
cg18919816	62	63	0
cg18972426	32	33	0
cg18972426	65	66	0
cg19044063	10	11	0
cg19044063	69	70	0
cg19107290	10	11	100
cg19107290	17	18	100
cg19107290	61	62	0
cg19107537	67	68	0
cg19117962	72	73	0
cg19234378	28	29	0
cg19234378	52	53	0
cg19234378	53	54	100
cg19234378	54	55	0
cg19234378	55	56	100
cg19292353	48	49	100
cg19314788	18	19	100
cg19355530	24	25	0
cg19355530	33	34	0
cg19355530	36	37	0
cg19355776	71	72	0
cg19549894	7	8	100
cg19549894	14	15	0
cg19549894	16	17	0
cg19549894	24	25	100
cg19615998	69	70	0
cg19631884	9	10	0
cg19631884	10	11	0
cg19631884	23	24	0
cg19631884	24	25	0
cg19631884	31	32	0
cg19631884	32	33	0
cg19631884	40	41	0
cg19631884	41	42	0
cg19631884	47	48	0
cg19631884	48	49	0
cg19665667	17	18	0
cg19828220	41	42	0
cg19833686	50	51	100
cg19833686	69	70	100
cg19839747	26	27	0
cg19873240	20	21	0
cg19873240	41	42	0
cg19873240	76	77	0
cg19915213	20	21	75
cg19915213	50	51	66.6666666666667
cg19915213	73	74	100
cg19915213	78	79	0
cg19929340	32	33	0
cg19936176	6	7	0
cg19936176	37	38	0
cg19939065	69	70	0
cg19982295	73	74	0
cg20126035	60	61	0
cg20149183	16	17	100
cg20149183	19	20	0
cg20149183	57	58	0
cg20149183	61	62	0
cg20186843	29	30	100
cg20186843	75	76	0
cg20233387.1	77	78	100
cg20242875	12	13	50
cg20242875	16	17	0
cg20242875	20	21	0
cg20242875	49	50	0
cg20268522	15	16	0
cg20268522	17	18	0
cg20346209	53	54	0
cg20382445	60	61	0
cg20382445	63	64	100
cg20412711	30	31	100
cg20424596	62	63	0
cg20462566	46	47	0
cg20462566	47	48	0
cg20462566	61	62	0
cg20469625	61	62	0
cg20568292	10	11	0
cg20568292	11	12	0
cg20568292	12	13	100
cg20568292	13	14	0
cg20568292	17	18	100
cg20568292	18	19	0
cg20568292	20	21	0
cg20568292	21	22	0
cg20568292	25	26	0
cg20568292	31	32	50
cg20568292	36	37	0
cg20627844	36	37	0
cg20627844	45	46	0
cg20687703	10	11	0
cg20687703	14	15	0
cg20687703	23	24	0
cg20687703	39	40	0
cg20687703	54	55	0
cg20718201	23	24	100
cg20718201	59	60	0
cg20821442	62	63	0
cg20821442	63	64	0
cg20821442	77	78	0
cg20823439	55	56	0
cg20826688	29	30	0
cg20872072	3	4	0
cg20872072	25	26	60
cg20909027	30	31	0
cg20916989	22	23	100
cg20925142	55	56	50
cg20925142	56	57	0
cg20950377	19	20	0
cg20953704	6	7	0
cg20953704	25	26	0
cg20960545	16	17	0
cg20960545	17	18	0
cg20960545	29	30	0
cg20960545	30	31	0
cg20960545	45	46	0
cg20960545	46	47	0
cg21027282	23	24	0
cg21077839	19	20	0
cg21097283	30	31	0
cg21155517	60	61	0
cg21166964	5	6	0
cg21166964	10	11	0
cg21177673	74	75	0
cg21181292	52	53	0
cg21187101	47	48	100
cg21206637	7	8	0
cg21294440	27	28	100
cg21294440	39	40	0
cg21314020	62	63	100
cg21344984	4	5	0
cg21344984	13	14	50
cg21344984	39	40	0
cg21452781	29	30	0
cg21452781	30	31	0
cg21474882	9	10	0
cg21474882	31	32	0
cg21474882	54	55	0
cg21474882	58	59	0
cg21474882	65	66	0
cg21489919	28	29	0
cg21520769	30	31	100
cg21532698	68	69	0
cg21607628	51	52	100
cg21639837	73	74	100
cg21654796	72	73	100
cg21665058	23	24	0
cg21686577	78	79	0
cg21692288	49	50	0
cg21712213	60	61	0
cg21714079	13	14	100
cg21714079	45	46	0
cg21767196	16	17	0
cg21767196	31	32	0
cg21767196	54	55	100
cg21767196	64	65	0
cg21821214	72	73	0
cg21849844	11	12	0
cg21849844	41	42	0
cg21849844	60	61	0
cg21871721	25	26	0
cg21871721	38	39	0
cg21871721	64	65	25
cg21876626	6	7	100
cg21876626	8	9	0
cg21876626	26	27	0
cg21876626	71	72	0
cg21973311	13	14	0
cg22029297	64	65	0
cg22029297	65	66	100
cg22031066	7	8	0
cg22031066	57	58	0
cg22044564	48	49	0
cg22069272	10	11	0
cg22075146	9	10	100
cg22075146	27	28	0
cg22075146	70	71	0
cg22191805	16	17	100
cg22191805	45	46	0
cg22191805	46	47	50
cg22223787	45	46	0
cg22239730	8	9	0
cg22249391	53	54	0
cg22311716	29	30	0
cg22320967	50	51	0
cg22399626	62	63	0
cg22543683	47	48	0
cg22543683	49	50	0
cg22562422	1	2	0
cg22562422	31	32	0
cg22562422	34	35	0
cg22603530	4	5	0
cg22603530	52	53	0
cg22714777	51	52	0
cg22719669	52	53	0
cg22724078	49	50	100
cg22750057	12	13	50
cg22750057	21	22	0
cg22750057	31	32	0
cg22750057	54	55	0
cg22750057	67	68	0
cg22875689	25	26	0
cg22993731	66	67	100
cg23055029	24	25	0
cg23055029	26	27	0
cg23055029	38	39	0
cg23055029	45	46	0
cg23059642	12	13	100
cg23059642	13	14	0
cg23059642	16	17	0
cg23059642	17	18	50
cg23068674	9	10	0
cg23068674	39	40	0
cg23068674	62	63	0
cg23076498	31	32	0
cg23087015	59	60	0
cg23091488	56	57	0
cg23114866	63	64	100
cg23143204	64	65	0
cg23143204	65	66	0
cg23146472	32	33	0
cg23146472	42	43	0
cg23146472	52	53	0
cg23197154	12	13	0
cg23197560	35	36	0
cg23302461	27	28	100
cg23302461	30	31	0
cg23318877	30	31	0
cg23384377	30	31	0
cg23425044	18	19	0
cg23425044	22	23	0
cg23425044	59	60	0
cg23496355	15	16	0
cg23496355	48	49	0
cg23496355	58	59	0
cg23527723	16	17	0
cg23626248	10	11	0
cg23630163	24	25	0
cg23630163	50	51	0
cg23630163	51	52	0
cg23643259	3	4	0
cg23643259	68	69	100
cg23677945	22	23	0
cg23678852	9	10	0
cg23678852	16	17	0
cg23678852	17	18	0
cg23678852	28	29	0
cg23678852	67	68	0
cg23678852	68	69	50
cg23683971	66	67	100
cg23746998	71	72	100
cg23793099	68	69	100
cg23797553	15	16	0
cg23829949	59	60	0
cg23829949	60	61	0
cg23895839	4	5	0
cg23895839	28	29	0
cg23895839	41	42	50
cg23895839	49	50	0
cg23895839	67	68	50
cg23925685	4	5	0
cg23925685	13	14	0
cg23925685	18	19	0
cg23925685	46	47	0
cg23925685	72	73	0
cg23931730	25	26	0
cg23931730	26	27	0
cg23931730	30	31	0
cg23931730	31	32	0
cg23931730	61	62	0
cg23931730	62	63	0
cg23931730	76	77	0
cg23934404	55	56	0
cg23934404	73	74	0
cg23934404	78	79	0
cg24018680	29	30	0
cg24018680	57	58	100
cg24023187	36	37	0
cg24113826	29	30	0
cg24113826	34	35	0
cg24117712	30	31	0
cg24117712	39	40	0
cg24186396	58	59	0
cg24208587	21	22	0
cg24208587	47	48	0
cg24208587	60	61	0
cg24208587	61	62	0
cg24226527	56	57	100
cg24226527	58	59	50
cg24240262	59	60	0
cg24255409	18	19	0
cg24255409	21	22	0
cg24255409	24	25	0
cg24255409	32	33	0
cg24255409	33	34	0
cg24255409	56	57	0
cg24255409	63	64	0
cg24265558	15	16	0
cg24265558	40	41	0
cg24265558	41	42	0
cg24265558	56	57	0
cg24265610	20	21	0
cg24265610	21	22	0
cg24265610	26	27	100
cg24265610	42	43	100
cg24275772	2	3	0
cg24275772	6	7	0
cg24293580	53	54	0
cg24444575	45	46	100
cg24444575	65	66	0
cg24444575	66	67	100
cg24446586	54	55	0
cg24458752	53	54	0
cg24551749	22	23	0
cg24570563	28	29	0
cg24570563	31	32	0
cg24596418	32	33	0
cg24596418	43	44	0
cg24713149	29	30	0
cg24717141	51	52	100
cg24782168	55	56	0
cg24786875	65	66	0
cg24799293	61	62	100
cg24799293	63	64	0
cg24879798	60	61	0
cg24879798	66	67	0
cg24897861	29	30	0
cg24970974	40	41	0
cg25001128	30	31	0
cg25001128	48	49	0
cg25073174	26	27	0
cg25087729	51	52	0
cg25087729	52	53	0
cg25150443	58	59	100
cg25165498	27	28	0
cg25209681	66	67	0
cg25211765	61	62	0
cg25226813	57	58	100
cg25235409	17	18	0
cg25235409	18	19	0
cg25235409	51	52	0
cg25235409	52	53	0
cg25244980	49	50	0
cg25244980	50	51	0
cg25244980	61	62	0
cg25244980	73	74	0
cg25249632	78	79	0
cg25269710	65	66	0
cg25273233	28	29	50
cg25273233	39	40	0
cg25278465	19	20	0
cg25278465	78	79	100
cg25322213	61	62	100
cg25339883	8	9	0
cg25339883	29	30	0
cg25339883	30	31	0
cg25339883	37	38	0
cg25339883	38	39	0
cg25379954	5	6	0
cg25398727	5	6	0
cg25400234	16	17	0
cg25400234	21	22	0
cg25400234	29	30	0
cg25400234	50	51	0
cg25400234	51	52	0
cg25400234	57	58	0
cg25400234	58	59	0
cg25402449	11	12	0
cg25430089	30	31	0
cg25430089	48	49	0
cg25430089	78	79	0
cg25467381	49	50	0
cg25473942	19	20	0
cg25473942	31	32	0
cg25473942	32	33	0
cg25473942	52	53	0
cg25473942	54	55	0
cg25473942	58	59	14.2857142857143
cg25502186	29	30	0
cg25558655	61	62	100
cg25743059	44	45	0
cg25743059	54	55	100
cg25743059	70	71	100
cg25764105	65	66	0
cg25764105	66	67	0
cg25764105	68	69	0
cg25773519	7	8	0
cg25773519	27	28	0
cg25773519	31	32	0
cg25831669	26	27	50
cg25857570	30	31	0
cg25857570	33	34	0
cg25878799	30	31	0
cg25878799	72	73	0
cg25889011	13	14	0
cg25943464	70	71	100
cg25957641	7	8	0
cg25957641	17	18	0
cg25957641	18	19	50
cg25957641	27	28	0
cg25957641	28	29	66.6666666666667
cg25957641	38	39	0
cg25957641	39	40	0
cg26109480	56	57	100
cg26109480	61	62	0
cg26186239	11	12	50
cg26186239	50	51	0
cg26192895	46	47	100
cg26192895	64	65	0
cg26226211	63	64	100
cg26263695	74	75	0
cg26286303	18	19	0
cg26286303	20	21	100
cg26286303	57	58	0
cg26286303	68	69	100
cg26313355	53	54	0
cg26352306	16	17	100
cg26411343	33	34	0
cg26495946	5	6	0
cg26495946	7	8	100
cg26495946	33	34	0
cg26538799	36	37	0
cg26603143	60	61	100
cg26690989	27	28	100
cg26690989	28	29	0
cg26690989	33	34	100
cg26690989	34	35	0
cg26718996	57	58	0
cg26718996	58	59	0
cg26718996	68	69	0
cg26718996	69	70	0
cg26718996	74	75	100
cg26834803	15	16	0
cg26834803	24	25	100
cg26844246	20	21	0
cg26844246	21	22	0
cg26844246	26	27	0
cg26844246	27	28	0
cg26844246	28	29	25
cg26844246	29	30	0
cg26844246	52	53	0
cg26844246	53	54	0
cg26844246	55	56	0
cg26844246	56	57	0
cg26844246	62	63	50
cg26844246	65	66	0
cg26844246	69	70	0
cg26962970	10	11	0
cg26962970	49	50	100
cg26973329	29	30	0
cg26984034	61	62	100
cg26989101	48	49	0
cg27005345	12	13	0
cg27005345	17	18	0
cg27005345	42	43	0
cg27009703	65	66	100
cg27028049	13	14	0
cg27061549	37	38	0
cg27101921	29	30	0
cg27101921	31	32	100
cg27121137	21	22	0
cg27121137	33	34	0
cg27146637	20	21	0
cg27146637	43	44	0
cg27146637	72	73	0
cg27149782	71	72	0
cg27151102	71	72	100
cg27159708	76	77	0
cg27201382	21	22	0
cg27256262	9	10	0
cg27294582	25	26	100
cg27344974	30	31	100
cg27365371	13	14	0
cg27365371	40	41	0
cg27365371	41	42	0
cg27389123	18	19	100
cg27482461	40	41	0
cg27482461	71	72	0
cg27496468	26	27	0
cg27514424	16	17	50
cg27553955	2	3	100
cg27553955	3	4	100
cg27553955	12	13	100
cg27553955	23	24	50
cg27553955	25	26	0
cg27553955	33	34	0
cg27562808	58	59	0
