track type=bedGraph
cg00158333	12	13	100
cg00158333	21	22	0
cg00158333	28	29	0
cg00930873	60	61	0
cg00930873	65	66	0
cg00987824	13	14	50
cg00987824	21	22	0
cg00987824	30	31	0
cg01145031	29	30	0
cg01245471	21	22	0
cg01245471	38	39	0
cg01245471	45	46	0
cg01245471	50	51	0
cg01245471	57	58	100
cg01245471	60	61	0
cg01658453	13	14	0
cg01658453	16	17	0
cg01883716	30	31	0
cg02244090	27	28	0
cg02244090	47	48	0
cg02898094	40	41	100
cg02898094	65	66	0
cg03555227	13	14	0
cg03555227	20	21	0
cg03555227	31	32	0
cg03663215	54	55	0
cg03663215	61	62	0
cg03843323	29	30	100
cg03938432	11	12	0
cg03938432	13	14	0
cg03938432	57	58	0
cg03972287	68	69	100
cg04529370	7	8	0
cg04583031	26	27	100
cg04627377	22	23	0
cg04627377	44	45	100
cg04627377	77	78	0
cg04688368	8	9	0
cg04688368	10	11	0
cg04688368	67	68	100
cg04804914	23	24	0
cg04804914	27	28	0
cg04804914	35	36	0
cg04891368	60	61	0
cg05698015	47	48	100
cg05933419	13	14	0
cg06023028	27	28	0
cg06115225	19	20	0
cg06360155	35	36	0
cg06538073	29	30	0
cg07195259	61	62	0
cg07254032	8	9	0
cg07336259	9	10	0
cg07648871	39	40	0
cg07648871	71	72	0
cg07940754	13	14	0
cg07940754	29	30	0
cg07940754	41	42	0
cg07940754	65	66	0
cg07940754	68	69	0
cg07940754	71	72	0
cg07940754	73	74	0
cg08152447	21	22	0
cg08152447	55	56	0
cg08855449	56	57	0
cg08855449	63	64	0
cg08924167	24	25	100
cg09103452	10	11	0
cg09103452	46	47	0
cg09103452	47	48	100
cg09103452	74	75	0
cg09103452	75	76	100
cg09103452	77	78	0
cg09317554	33	34	0
cg09317554	36	37	0
cg09317554	73	74	0
cg09817553	7	8	0
cg10118204	73	74	0
cg10779098	2	3	0
cg10779098	25	26	0
cg10779098	36	37	0
cg11410180	24	25	100
cg11728741	33	34	0
cg11728741	38	39	0
cg12451099	35	36	0
cg12553580	22	23	0
cg12553580	37	38	0
cg12597232	9	10	0
cg12597232	11	12	0
cg12597232	62	63	0
cg12927674	23	24	0
cg12927674	29	30	0
cg13165311	53	54	0
cg13194536	21	22	100
cg13194536	22	23	0
cg13194536	53	54	100
cg13604683	29	30	0
cg13837730	29	30	100
cg14403768	4	5	0
cg14523578	62	63	100
cg14880389	26	27	0
cg14880389	27	28	0
cg14880389	50	51	0
cg14880389	51	52	0
cg14880389	60	61	0
cg14880389	66	67	0
cg14977462	68	69	0
cg15952296	8	9	0
cg15988120	22	23	0
cg16124154	68	69	0
cg16534861	17	18	100
cg16839209	30	31	0
cg16839209	36	37	0
cg16839209	45	46	0
cg16925789	55	56	0
cg16925789	58	59	0
cg17212850	28	29	100
cg17426532	54	55	0
cg17923358	29	30	0
cg17923358	48	49	0
cg17923358	53	54	0
cg18394148	30	31	0
cg18394148	44	45	0
cg18394148	52	53	0
cg18394148	60	61	0
cg18394148	64	65	0
cg18488855	18	19	0
cg18488855	21	22	0
cg18629679	4	5	100
cg19169532	61	62	0
cg19234378	28	29	0
cg19234378	52	53	0
cg19234378	54	55	0
cg19234378	68	69	0
cg19243613	39	40	0
cg19314788	18	19	100
cg19833686	15	16	0
cg19833686	50	51	0
cg19833686	51	52	0
cg19833686	70	71	0
cg20186843	29	30	100
cg20242875	64	65	0
cg20242875	67	68	0
cg20638025	41	42	50
cg20872072	25	26	75
cg21027178	25	26	100
cg21027178	45	46	100
cg21849844	41	42	0
cg22993731	47	48	0
cg22993731	67	68	0
cg23527723	16	17	100
cg23630163	50	51	0
cg23758053	5	6	0
cg23758053	7	8	0
cg23778391	63	64	100
cg23793099	57	58	0
cg23793099	68	69	0
cg23934404	55	56	0
cg23934404	73	74	0
cg23934404	78	79	0
cg23993631	24	25	0
cg24265610	21	22	0
cg24653257	27	28	100
cg24746619	15	16	0
cg24746619	34	35	0
cg24746619	37	38	0
cg24746619	46	47	0
cg25235409	18	19	0
cg25502186	29	30	0
cg25642165	24	25	0
cg25642165	56	57	0
cg25773519	6	7	0
cg25773519	26	27	0
cg25773519	30	31	0
cg26255127	16	17	0
cg26411343	33	34	100
cg26683318	16	17	0
cg26683318	39	40	0
cg26683318	42	43	0
cg26683318	44	45	0
cg26683318	63	64	0
cg27088374	50	51	0
cg27181123	10	11	50
cg27181123	29	30	0
cg27181123	65	66	0
cg27482461	39	40	0
cg27582648	4	5	100
cg27699373	23	24	0
cg27699373	26	27	0
cg27699373	65	66	0
