track type=bedGraph
cg00820579	30	31	0
cg01099625	64	65	83.3333333333333
cg01933636	15	16	100
cg01933636	47	48	0
cg02246955	11	12	0
cg02379880	56	57	0
cg02762509	22	23	100
cg03077729	75	76	100
cg03218689	59	60	100
cg03536971	50	51	0
cg03938432	58	59	50
cg04585419	16	17	100
cg04585419	49	50	100
cg04688368	68	69	0
cg04688368	71	72	0
cg04688368	74	75	0
cg04688368	77	78	0
cg04802182	29	30	100
cg05108018	72	73	100
cg05185512	13	14	0
cg05194810	6	7	0
cg05641937	67	68	0
cg06292880	8	9	100
cg06292880	12	13	88.2352941176471
cg06736685	27	28	0
cg06736685	62	63	0
cg07254032	30	31	100
cg09026530	45	46	100
cg09646359	10	11	0
cg09646359	30	31	0
cg09841954	68	69	100
cg09978183	64	65	0
cg10211907	7	8	0
cg10211907	13	14	0
cg10211907	58	59	0
cg10342649	71	72	0
cg10427592	60	61	100
cg10604668	2	3	0
cg11167025	48	49	0
cg12311671	14	15	100
cg12537145	77	78	0
cg12553580	21	22	100
cg12593479	16	17	100
cg12593479	46	47	100
cg13702567	44	45	0
cg13702567	48	49	0
cg13732394	56	57	100
cg14334315	71	72	100
cg14334315	72	73	100
cg14334315	78	79	0
cg15693666	55	56	100
cg15944967	18	19	0
cg15944967	21	22	0
cg15944967	52	53	100
cg15944967	56	57	0
cg15944967	60	61	0
cg15988120	22	23	100
cg16675333	29	30	100
cg16744551	67	68	0
cg16744551	69	70	0
cg16744551	71	72	0
cg16872560	66	67	0
cg17711361	8	9	100
cg18531946	64	65	100
cg19117962	28	29	100
cg19117962	72	73	100
cg19560915	52	53	100
cg20149183	57	58	100
cg20568292	71	72	100
cg20638025	41	42	100
cg20872072	25	26	52.6315789473684
cg21520769	30	31	100
cg21608575	28	29	0
cg21820842	9	10	0
cg21820842	53	54	100
cg22031066	57	58	100
cg22075146	9	10	100
cg22223787	46	47	0
cg22320967	50	51	80
cg22543683	68	69	0
cg22543683	70	71	0
cg22786916	66	67	100
cg23189934	57	58	100
cg23829949	59	60	100
cg24117712	30	31	100
cg24117712	39	40	100
cg24178740	17	18	100
cg24178740	67	68	100
cg24265558	57	58	100
cg24897861	29	30	0
cg25211765	61	62	100
cg25857570	22	23	100
cg26352306	24	25	100
cg26581639	30	31	0
cg27101921	58	59	0
cg27455566	34	35	0
cg27553955	12	13	0
cg27553955	17	18	100
cg27553955	19	20	100
cg27582648	4	5	100
cg27699373	22	23	0
