track type=bedGraph
cg00029553	15	16	100
cg00029553	20	21	100
cg00029553	22	23	100
cg00153046	9	10	100
cg00153046	16	17	66.6666666666667
cg00153046	40	41	100
cg00153046	44	45	100
cg00153046	65	66	100
cg00153046	66	67	0
cg00153046	71	72	100
cg00200899	54	55	100
cg00200899	55	56	100
cg00279752	6	7	100
cg00279752	7	8	100
cg00279752	28	29	0
cg00279752	30	31	100
cg00279752	35	36	100
cg00279752	38	39	100
cg00279752	40	41	100
cg00279752	41	42	100
cg00279752	44	45	100
cg00279752	45	46	75
cg00279752	51	52	100
cg00279752	66	67	100
cg00389116	46	47	100
cg00389116	72	73	0
cg00401433	16	17	100
cg00401433	54	55	100
cg00401433	55	56	100
cg00401433	59	60	100
cg00401433	61	62	100
cg00401433	62	63	100
cg00499875	14	15	0
cg00499875	38	39	100
cg00499875	39	40	0
cg00499875	40	41	100
cg00523855	9	10	100
cg00523855	11	12	100
cg00546693	44	45	100
cg00546693	45	46	100
cg00546693	48	49	100
cg00595237	45	46	0
cg00595237	47	48	100
cg00820579	15	16	0
cg00820579	17	18	0
cg00820579	32	33	66.6666666666667
cg00820579	33	34	0
cg00820579	35	36	100
cg00820579	36	37	0
cg00820579	37	38	66.6666666666667
cg00820579	39	40	100
cg00820579	46	47	100
cg00820579	47	48	100
cg00820579	48	49	100
cg00820579	51	52	100
cg00820579	52	53	100
cg00820579	53	54	100
cg00820579	64	65	100
cg00877739	18	19	100
cg00877739	21	22	0
cg00877739	24	25	100
cg00877739	25	26	100
cg00877739	64	65	50
cg00877739	66	67	50
cg00877739	67	68	66.6666666666667
cg00877739	68	69	100
cg00877739	69	70	66.6666666666667
cg00877739	72	73	100
cg00877739	76	77	100
cg00877739	77	78	0
cg00877739	78	79	100
cg00930873	17	18	0
cg00930873	18	19	0
cg00930873	47	48	0
cg00930873	48	49	100
cg01005773	16	17	0
cg01005773	17	18	0
cg01005773	22	23	0
cg01005773	61	62	0
cg01005773	63	64	0
cg01005773	65	66	0
cg01008025	12	13	100
cg01008025	15	16	0
cg01008025	47	48	100
cg01008025	48	49	100
cg01008025	53	54	100
cg01008025	54	55	100
cg01008025	55	56	100
cg01027323	58	59	100
cg01027323	62	63	100
cg01027323	64	65	100
cg01027323	67	68	100
cg01027323	68	69	100
cg01027323	69	70	75
cg01027323	70	71	100
cg01027323	71	72	0
cg01049141	18	19	50
cg01049141	19	20	100
cg01049141	21	22	100
cg01049141	23	24	100
cg01049141	25	26	100
cg01049141	32	33	100
cg01049141	34	35	0
cg01049141	43	44	50
cg01049141	44	45	100
cg01049141	45	46	100
cg01049141	70	71	0
cg01099625	0	1	0
cg01099625	1	2	0
cg01099625	3	4	100
cg01099625	9	10	100
cg01099625	44	45	42.8571428571429
cg01099625	45	46	100
cg01099625	48	49	85.7142857142857
cg01099625	57	58	96
cg01099625	58	59	82.6086956521739
cg01099625	61	62	64.2857142857143
cg01134518	55	56	100
cg01134518	56	57	100
cg01134518	57	58	100
cg01134518	58	59	100
cg01134518	61	62	100
cg01161204	15	16	0
cg01161204	16	17	50
cg01161204	19	20	100
cg01161204	24	25	100
cg01161204	28	29	100
cg01187271	2	3	100
cg01187271	3	4	100
cg01187271	40	41	66.6666666666667
cg01187271	42	43	100
cg01187271	44	45	33.3333333333333
cg01187271	59	60	42.8571428571429
cg01187271	61	62	77.7777777777778
cg01187271	63	64	50
cg01187271	66	67	80
cg01187271	67	68	66.6666666666667
cg01486146	38	39	0
cg01486146	45	46	0
cg01486146	48	49	100
cg01486146	49	50	0
cg01486146	50	51	0
cg01486146	51	52	0
cg01486146	53	54	0
cg01522923	67	68	100
cg01522923	70	71	0
cg01522923	71	72	100
cg01620430	9	10	100
cg01620430	11	12	66.6666666666667
cg01620430	12	13	33.3333333333333
cg01620430	16	17	50
cg01620430	18	19	100
cg01620430	20	21	33.3333333333333
cg01620430	30	31	0
cg01620430	37	38	100
cg01650941	35	36	100
cg01650941	36	37	0
cg01650941	39	40	100
cg01650941	45	46	100
cg01650941	46	47	0
cg01650941	48	49	100
cg01733991	33	34	100
cg01733991	61	62	0
cg01831882	12	13	100
cg01831882	14	15	0
cg01831882	18	19	100
cg01831882	19	20	0
cg01831882	24	25	100
cg01831882	27	28	0
cg01831882	28	29	0
cg01831882	29	30	100
cg01856529	1	2	66.6666666666667
cg01856529	2	3	75
cg01856529	3	4	71.4285714285714
cg01856529	4	5	100
cg01856529	6	7	90
cg01856529	7	8	91.6666666666667
cg01856529	8	9	76.9230769230769
cg01856529	9	10	93.3333333333333
cg01856529	11	12	64.2857142857143
cg01856529	12	13	75
cg01856529	13	14	80
cg01856529	14	15	86.6666666666667
cg01856529	15	16	92.8571428571429
cg01856529	17	18	90.9090909090909
cg01856529	19	20	75
cg01856529	21	22	80
cg01856529	22	23	80
cg01856529	73	74	100
cg01883716	4	5	100
cg01883716	10	11	100
cg01883716	40	41	0
cg01883716	41	42	0
cg01883716	51	52	100
cg01883716	52	53	100
cg01901522	16	17	0
cg01901522	17	18	50
cg01901522	18	19	100
cg01901522	21	22	100
cg01901522	28	29	0
cg01901522	32	33	100
cg01901522	34	35	100
cg01901522	36	37	100
cg01901522	38	39	75
cg01901522	39	40	50
cg01915021	11	12	0
cg01915021	13	14	100
cg01915021	45	46	100
cg01915021	47	48	100
cg01915021	57	58	100
cg01915021	58	59	100
cg01935699	22	23	0
cg01935699	23	24	0
cg01935699	24	25	100
cg01935699	30	31	100
cg01935699	32	33	100
cg01935699	49	50	0
cg01935699	52	53	100
cg01935699	55	56	100
cg01935699	65	66	0
cg01935699	71	72	100
cg01935699	77	78	100
cg01935699	78	79	100
cg01992907	63	64	100
cg01992907	66	67	100
cg01992907	67	68	100
cg01992907	75	76	100
cg01992907	76	77	100
cg01992907	78	79	100
cg01992907	79	80	100
cg02000659	11	12	100
cg02000659	15	16	100
cg02000659	22	23	100
cg02000659	52	53	100
cg02000659	59	60	100
cg02000659	61	62	100
cg02000659	63	64	100
cg02000659	65	66	66.6666666666667
cg02000659	66	67	100
cg02000659	67	68	100
cg02017717	41	42	100
cg02017717	42	43	30
cg02017717	43	44	80
cg02017717	45	46	72.7272727272727
cg02017717	52	53	80
cg02017717	53	54	66.6666666666667
cg02017717	72	73	100
cg02061970	12	13	0
cg02061970	72	73	100
cg02153512	19	20	100
cg02153512	30	31	100
cg02161890	13	14	100
cg02161890	17	18	100
cg02161890	39	40	100
cg02161890	40	41	100
cg02161890	43	44	100
cg02193885	0	1	100
cg02193885	3	4	0
cg02193885	6	7	0
cg02193885	11	12	0
cg02193885	34	35	0
cg02193885	39	40	100
cg02193885	41	42	0
cg02193885	42	43	0
cg02231183	1	2	100
cg02231183	2	3	100
cg02231183	19	20	0
cg02231183	21	22	0
cg02231183	22	23	0
cg02231183	26	27	0
cg02231349	25	26	100
cg02286774	2	3	100
cg02286774	8	9	87.5
cg02286774	12	13	75
cg02286774	13	14	75
cg02286774	17	18	90
cg02317025	51	52	0
cg02317025	77	78	100
cg02317025	79	80	100
cg02334049	45	46	100
cg02334049	48	49	33.3333333333333
cg02334049	49	50	100
cg02334049	50	51	66.6666666666667
cg02334049	52	53	100
cg02334049	53	54	100
cg02334049	54	55	100
cg02334049	67	68	100
cg02334049	68	69	100
cg02334049	71	72	100
cg02340142	26	27	0
cg02340142	75	76	0
cg02343568	11	12	100
cg02343568	13	14	0
cg02343568	48	49	0
cg02343568	55	56	100
cg02351382	12	13	100
cg02351382	14	15	100
cg02351382	33	34	0
cg02351382	37	38	0
cg02351382	39	40	0
cg02352577	29	30	0
cg02352577	38	39	0
cg02352577	39	40	100
cg02352577	42	43	0
cg02352577	44	45	0
cg02379880	32	33	100
cg02379880	35	36	100
cg02379880	36	37	100
cg02379880	37	38	0
cg02379880	39	40	100
cg02379880	72	73	100
cg02379880	73	74	100
cg02379880	76	77	100
cg02400551	8	9	100
cg02400551	10	11	100
cg02400551	12	13	100
cg02400551	14	15	100
cg02400551	15	16	100
cg02400551	17	18	100
cg02400551	63	64	100
cg02400551	64	65	100
cg02400551	67	68	100
cg02400551	68	69	100
cg02427264	8	9	100
cg02427264	39	40	0
cg02427264	44	45	0
cg02427264	45	46	0
cg02427264	46	47	0
cg02427264	52	53	0
cg02430333	49	50	0
cg02430333	56	57	0
cg02546724	23	24	0
cg02546724	37	38	0
cg02546724	38	39	0
cg02582875	26	27	100
cg02582875	29	30	100
cg02582875	63	64	100
cg02582875	65	66	0
cg02688223	49	50	66.6666666666667
cg02688223	52	53	66.6666666666667
cg02688223	54	55	75
cg02688223	58	59	50
cg02688223	60	61	100
cg02688223	66	67	50
cg02688223	67	68	50
cg02688223	74	75	100
cg02697105	27	28	100
cg02697105	31	32	100
cg02697105	44	45	33.3333333333333
cg02697105	47	48	100
cg02697105	51	52	100
cg02697105	58	59	0
cg02737031	43	44	33.3333333333333
cg02737031	47	48	100
cg02737031	53	54	55.5555555555556
cg02737031	59	60	80
cg02737031	60	61	75
cg02905739	33	34	100
cg02905739	38	39	0
cg02905739	39	40	100
cg02905739	41	42	75
cg02905739	42	43	83.3333333333333
cg02905739	45	46	100
cg02905739	49	50	75
cg02905739	51	52	100
cg02932095	55	56	100
cg02932095	59	60	100
cg02972618	65	66	50
cg02972618	67	68	100
cg02972618	69	70	100
cg02972618	71	72	100
cg02972618	75	76	100
cg03064443	5	6	0
cg03064443	6	7	0
cg03064443	8	9	0
cg03064443	53	54	100
cg03064443	54	55	100
cg03064443	55	56	100
cg03077729	57	58	100
cg03077729	63	64	66.6666666666667
cg03077729	65	66	100
cg03077729	69	70	100
cg03077729	70	71	66.6666666666667
cg03077729	71	72	100
cg03094159	16	17	100
cg03094159	18	19	100
cg03094159	49	50	100
cg03094159	55	56	100
cg03144020	47	48	100
cg03144020	48	49	100
cg03163633	35	36	100
cg03163633	51	52	100
cg03174933	13	14	100
cg03174933	15	16	100
cg03174933	20	21	0
cg03174933	41	42	100
cg03174933	42	43	100
cg03174933	46	47	100
cg03214411	23	24	0
cg03214411	24	25	0
cg03214411	35	36	0
cg03214411	38	39	0
cg03214411	39	40	0
cg03214411	41	42	100
cg03252517	7	8	0
cg03252517	9	10	100
cg03252517	10	11	0
cg03252517	34	35	0
cg03252517	49	50	0
cg03252517	50	51	0
cg03252517	52	53	0
cg03252517	54	55	0
cg03252517	64	65	0
cg03252517	65	66	0
cg03557129	8	9	100
cg03557129	12	13	33.3333333333333
cg03557129	16	17	100
cg03557129	18	19	100
cg03557129	20	21	100
cg03597059	35	36	100
cg03597059	39	40	100
cg03597059	49	50	50
cg03597059	71	72	0
cg03597059	72	73	100
cg03597491	13	14	100
cg03597491	16	17	0
cg03597491	20	21	100
cg03597491	67	68	0
cg03597491	70	71	0
cg03597491	71	72	100
cg03597491	75	76	0
cg03639871	30	31	100
cg03639871	32	33	100
cg03639871	36	37	100
cg03639871	37	38	100
cg03639871	38	39	100
cg03639871	40	41	100
cg03639871	43	44	100
cg03639871	44	45	100
cg03639871	47	48	100
cg03646571	6	7	0
cg03646571	29	30	0
cg03646571	30	31	0
cg03650138	5	6	100
cg03650138	6	7	0
cg03650138	9	10	0
cg03650138	11	12	100
cg03650138	14	15	100
cg03650138	16	17	100
cg03650138	17	18	0
cg03650138	18	19	100
cg03650138	20	21	100
cg03650138	21	22	0
cg03674256	23	24	100
cg03674256	42	43	100
cg03674256	43	44	100
cg03674256	46	47	100
cg03674256	48	49	0
cg03724450	46	47	100
cg03724450	49	50	100
cg03724450	52	53	100
cg03724450	54	55	100
cg03724450	55	56	100
cg03724450	56	57	100
cg03724450	73	74	0
cg03724450	74	75	0
cg03767531	25	26	100
cg03767531	29	30	100
cg03787614	5	6	100
cg03787614	6	7	100
cg03787614	8	9	100
cg03787614	9	10	100
cg03787614	41	42	100
cg03787614	45	46	100
cg03787614	46	47	100
cg03787614	48	49	100
cg03787614	51	52	100
cg03787614	52	53	100
cg03787614	54	55	100
cg03843323	6	7	0
cg03843323	18	19	100
cg03843323	19	20	100
cg03843323	22	23	0
cg03843323	23	24	100
cg03843323	28	29	0
cg03847707	22	23	0
cg03847707	30	31	0
cg03847707	61	62	100
cg03909395	23	24	100
cg03909395	24	25	0
cg03909395	27	28	0
cg03909395	29	30	0
cg03909395	66	67	100
cg03938432	61	62	72.7272727272727
cg03938432	63	64	100
cg03938432	64	65	85.7142857142857
cg03938432	67	68	81.25
cg03938432	68	69	76.4705882352941
cg03938432	72	73	80
cg03938432	73	74	92.8571428571429
cg03938432	76	77	80
cg03938432	77	78	90
cg03938432	78	79	57.1428571428571
cg03938432	79	80	60
cg03957108	47	48	100
cg03957108	50	51	100
cg03957108	51	52	50
cg03957108	53	54	100
cg03957108	54	55	100
cg03957108	55	56	50
cg03972287	34	35	100
cg03972287	37	38	100
cg03972287	40	41	100
cg04093430	12	13	100
cg04093430	13	14	0
cg04093430	14	15	100
cg04093430	16	17	100
cg04093430	17	18	0
cg04093430	26	27	60
cg04093430	29	30	100
cg04093430	36	37	100
cg04093430	37	38	100
cg04093430	38	39	80
cg04093430	39	40	100
cg04107706	20	21	100
cg04107706	27	28	100
cg04107706	59	60	100
cg04124389	1	2	100
cg04124389	2	3	100
cg04124389	8	9	100
cg04124389	14	15	0
cg04124389	16	17	100
cg04124389	18	19	0
cg04124389	19	20	100
cg04124389	21	22	0
cg04124389	22	23	0
cg04124389	48	49	100
cg04124389	52	53	0
cg04124389	56	57	100
cg04124389	61	62	0
cg04124389	62	63	100
cg04124389	66	67	100
cg04150055	31	32	0
cg04150055	58	59	0
cg04150055	60	61	100
cg04150055	61	62	100
cg04168436	9	10	100
cg04168436	13	14	100
cg04168436	17	18	100
cg04168436	56	57	0
cg04168436	62	63	0
cg04336027	8	9	100
cg04336027	18	19	50
cg04336027	22	23	100
cg04336027	27	28	0
cg04336027	29	30	0
cg04348533	15	16	50
cg04348533	16	17	66.6666666666667
cg04348533	26	27	0
cg04348533	35	36	100
cg04348533	37	38	0
cg04348533	42	43	100
cg04348533	45	46	100
cg04348533	63	64	100
cg04348533	65	66	0
cg04348533	67	68	100
cg04348533	68	69	100
cg04556126	31	32	100
cg04556126	66	67	100
cg04556126	67	68	0
cg04556126	68	69	100
cg04585419	38	39	100
cg04585419	44	45	100
cg04585419	65	66	100
cg04585419	67	68	100
cg04585419	70	71	0
cg04588674	29	30	100
cg04588674	41	42	100
cg04588674	47	48	0
cg04588674	50	51	100
cg04588674	54	55	100
cg04588674	60	61	100
cg04588674	63	64	0
cg04627479	30	31	0
cg04627479	31	32	100
cg04627479	38	39	100
cg04627479	39	40	100
cg04627479	42	43	0
cg04627479	45	46	100
cg04627479	49	50	100
cg04627479	56	57	100
cg04769815	51	52	0
cg04769815	62	63	100
cg04769815	63	64	100
cg04769815	67	68	100
cg04769815	68	69	100
cg04769815	70	71	100
cg04769815	75	76	0
cg04802182	15	16	100
cg04802182	18	19	33.3333333333333
cg04802182	19	20	33.3333333333333
cg04802182	21	22	75
cg04802182	22	23	75
cg04802182	23	24	75
cg04802182	25	26	100
cg04802182	66	67	100
cg04802182	69	70	100
cg04802182	70	71	100
cg04802182	71	72	100
cg04802182	72	73	0
cg04802182	74	75	100
cg04804914	52	53	33.3333333333333
cg04804914	54	55	100
cg04804914	56	57	66.6666666666667
cg04804914	58	59	66.6666666666667
cg04804914	60	61	100
cg04804914	66	67	100
cg04804914	67	68	100
cg04804914	72	73	100
cg04804914	74	75	50
cg04804914	76	77	50
cg04804914	77	78	50
cg04804914	78	79	50
cg04863645	12	13	100
cg04863645	15	16	100
cg04863645	65	66	100
cg04863645	66	67	100
cg04863645	70	71	100
cg04878542	14	15	100
cg04878542	15	16	100
cg04878542	16	17	100
cg04878542	17	18	0
cg04878542	19	20	100
cg04878542	20	21	66.6666666666667
cg04878542	22	23	100
cg04878542	23	24	100
cg04878542	25	26	66.6666666666667
cg04878542	26	27	66.6666666666667
cg04878542	28	29	33.3333333333333
cg04878542	29	30	66.6666666666667
cg04905851	16	17	100
cg04905851	25	26	100
cg05060618	9	10	100
cg05060618	10	11	0
cg05060618	14	15	100
cg05060618	17	18	0
cg05060618	22	23	0
cg05060618	42	43	100
cg05060618	43	44	50
cg05060618	48	49	50
cg05060618	53	54	100
cg05060618	58	59	60
cg05060618	60	61	100
cg05060618	63	64	100
cg05121253	45	46	0
cg05121253	47	48	0
cg05121253	51	52	0
cg05122695	22	23	100
cg05122695	31	32	100
cg05122695	35	36	100
cg05134912	19	20	0
cg05134912	22	23	0
cg05134912	25	26	0
cg05134912	58	59	50
cg05134912	63	64	100
cg05134912	65	66	100
cg05260361	18	19	100
cg05260361	21	22	75
cg05260361	23	24	57.1428571428571
cg05260361	25	26	33.3333333333333
cg05260361	28	29	100
cg05260361	51	52	50
cg05260361	53	54	50
cg05260361	59	60	100
cg05275337	34	35	50
cg05275337	36	37	50
cg05275337	39	40	100
cg05275337	41	42	75
cg05275337	45	46	25
cg05275337	49	50	100
cg05359706	32	33	100
cg05359706	38	39	100
cg05359706	39	40	100
cg05359706	43	44	75
cg05359706	49	50	100
cg05359706	68	69	100
cg05359706	71	72	100
cg05359706	75	76	100
cg05359706	78	79	0
cg05399218	60	61	0
cg05400549	42	43	0
cg05400549	44	45	0
cg05400549	50	51	0
cg05400549	52	53	0
cg05400549	55	56	100
cg05400549	59	60	100
cg05473648	33	34	50
cg05473648	35	36	100
cg05473648	37	38	100
cg05473648	42	43	33.3333333333333
cg05473648	43	44	33.3333333333333
cg05475048	61	62	0
cg05475048	63	64	0
cg05475048	64	65	50
cg05475048	68	69	0
cg05497416	24	25	100
cg05497416	40	41	0
cg05497416	41	42	0
cg05497416	44	45	0
cg05497416	48	49	100
cg05497416	49	50	0
cg05497416	67	68	100
cg05497416	70	71	100
cg05506365	11	12	0
cg05506365	12	13	0
cg05506365	13	14	0
cg05533382	50	51	0
cg05533382	51	52	50
cg05533382	52	53	100
cg05533382	53	54	50
cg05533382	57	58	100
cg05533382	58	59	0
cg05575054	29	30	100
cg05575054	32	33	100
cg05575054	33	34	100
cg05575054	34	35	0
cg05575054	68	69	100
cg05575054	71	72	100
cg05642042	44	45	100
cg05642042	46	47	0
cg05642042	47	48	100
cg05642042	49	50	0
cg05660816	5	6	100
cg05660816	7	8	50
cg05660816	25	26	100
cg05660816	26	27	0
cg05660816	55	56	100
cg05660816	58	59	25
cg05660816	60	61	75
cg05660816	68	69	100
cg05660816	73	74	100
cg05688812	19	20	100
cg05688812	22	23	100
cg05688812	23	24	100
cg05688812	25	26	50
cg05688812	35	36	100
cg05688812	36	37	100
cg05688812	39	40	100
cg05688812	42	43	100
cg05688812	64	65	100
cg05688812	66	67	100
cg05688812	67	68	100
cg05706365	4	5	0
cg05706365	5	6	100
cg05725590	55	56	100
cg05764166	20	21	100
cg05764166	44	45	100
cg05765439	44	45	66.6666666666667
cg05765439	48	49	100
cg05765439	49	50	66.6666666666667
cg05765439	50	51	50
cg05879189	22	23	100
cg05879189	23	24	0
cg05879189	24	25	100
cg05879189	33	34	100
cg05884078	13	14	100
cg05884078	16	17	100
cg05884078	17	18	100
cg05884078	18	19	100
cg05884078	20	21	100
cg05884078	21	22	100
cg05884078	23	24	100
cg05884078	39	40	0
cg05884078	40	41	100
cg05884078	42	43	0
cg05884078	43	44	100
cg05884078	45	46	50
cg05884078	46	47	50
cg05884078	50	51	50
cg05884078	51	52	50
cg05886164	45	46	100
cg05886164	47	48	100
cg05886164	52	53	100
cg05886164	54	55	100
cg05886164	57	58	0
cg05907933	48	49	0
cg05907933	53	54	0
cg05907933	55	56	50
cg05907933	58	59	0
cg05907933	59	60	100
cg05907933	61	62	0
cg05907933	70	71	0
cg05907933	72	73	100
cg05907933	75	76	33.3333333333333
cg05907933	76	77	100
cg05933419	27	28	100
cg05933419	34	35	0
cg05933419	35	36	0
cg05933419	49	50	0
cg05933419	60	61	0
cg05933419	61	62	100
cg05933419	67	68	100
cg06055418	6	7	100
cg06055418	17	18	100
cg06055418	18	19	0
cg06055418	19	20	0
cg06055418	20	21	0
cg06055418	54	55	100
cg06166108	9	10	100
cg06166108	12	13	0
cg06166108	24	25	100
cg06166108	26	27	100
cg06166108	48	49	100
cg06166108	51	52	100
cg06166108	52	53	100
cg06166108	54	55	100
cg06166108	57	58	100
cg06184939	20	21	100
cg06184939	24	25	100
cg06184939	27	28	0
cg06184939	49	50	100
cg06184939	51	52	0
cg06184939	52	53	0
cg06184939	53	54	100
cg06184939	67	68	0
cg06242145	23	24	100
cg06242145	25	26	33.3333333333333
cg06242145	27	28	100
cg06292880	10	11	66.6666666666667
cg06292880	14	15	80
cg06292880	18	19	60.4166666666667
cg06292880	26	27	79.6296296296296
cg06292880	27	28	75
cg06292880	31	32	73.2558139534884
cg06292880	34	35	71.1111111111111
cg06292880	46	47	75
cg06292880	55	56	40
cg06292880	58	59	100
cg06292880	59	60	100
cg06292880	68	69	100
cg06327727	64	65	100
cg06327727	66	67	0
cg06327727	68	69	100
cg06360155	7	8	50
cg06360155	24	25	100
cg06360155	26	27	0
cg06360155	27	28	0
cg06360155	29	30	100
cg06360155	32	33	100
cg06360155	45	46	0
cg06360155	46	47	0
cg06360155	47	48	100
cg06360155	48	49	100
cg06360155	49	50	0
cg06363517	9	10	25
cg06363517	11	12	88.8888888888889
cg06363517	15	16	27.2727272727273
cg06363517	16	17	75
cg06363517	18	19	81.8181818181818
cg06363517	19	20	71.4285714285714
cg06363517	21	22	33.3333333333333
cg06363517	23	24	100
cg06392318	0	1	0
cg06392318	1	2	100
cg06392318	6	7	100
cg06392318	7	8	100
cg06392318	19	20	100
cg06392318	25	26	100
cg06392318	30	31	100
cg06392318	34	35	33.3333333333333
cg06392318	36	37	75
cg06392318	37	38	100
cg06392318	38	39	25
cg06392318	40	41	60
cg06392318	44	45	20
cg06392318	45	46	40
cg06392318	46	47	80
cg06392318	48	49	60
cg06538073	13	14	0
cg06538073	14	15	0
cg06538073	33	34	0
cg06538073	51	52	0
cg06538073	62	63	100
cg06540073	52	53	0
cg06550953	41	42	100
cg06564900	16	17	100
cg06564900	20	21	50
cg06564900	21	22	50
cg06564900	22	23	100
cg06708132	2	3	100
cg06708132	3	4	100
cg06708132	6	7	100
cg06708132	8	9	100
cg06708132	10	11	50
cg06708132	61	62	100
cg06708132	63	64	100
cg06718658	16	17	100
cg06718658	17	18	100
cg06718658	18	19	100
cg06718658	23	24	100
cg06718658	63	64	100
cg06718658	65	66	100
cg06718658	68	69	0
cg06718658	69	70	50
cg06718658	70	71	100
cg06718658	71	72	0
cg06721611	29	30	100
cg06721611	33	34	0
cg06721611	64	65	100
cg06721611	69	70	0
cg06721611	70	71	0
cg06723671	3	4	100
cg06723671	17	18	100
cg06736685	48	49	0
cg06736685	49	50	50
cg06778417	42	43	100
cg06778417	47	48	100
cg06778417	48	49	0
cg06778417	50	51	100
cg06778417	51	52	100
cg06813117	65	66	100
cg06813117	70	71	100
cg06878766	21	22	0
cg06878766	22	23	100
cg06878766	23	24	100
cg07005811	47	48	0
cg07005811	49	50	0
cg07107529	5	6	0
cg07107529	31	32	0
cg07116727	62	63	0
cg07171305	20	21	77.7777777777778
cg07171305	23	24	93.3333333333333
cg07171305	24	25	93.3333333333333
cg07171305	25	26	53.3333333333333
cg07171305	27	28	92.8571428571429
cg07171305	28	29	92.3076923076923
cg07171305	29	30	38.4615384615385
cg07171305	32	33	66.6666666666667
cg07171305	47	48	100
cg07171305	48	49	100
cg07171305	51	52	100
cg07171305	59	60	100
cg07171305	60	61	42.8571428571429
cg07171305	61	62	100
cg07171305	62	63	81.8181818181818
cg07171305	64	65	100
cg07171305	67	68	100
cg07171305	68	69	50
cg07171305	71	72	92.8571428571429
cg07195259	71	72	0
cg07206761	33	34	100
cg07206761	34	35	100
cg07206761	37	38	100
cg07206761	39	40	100
cg07206761	41	42	0
cg07206761	44	45	100
cg07254032	33	34	33.3333333333333
cg07254032	34	35	25
cg07254032	36	37	50
cg07254032	39	40	0
cg07254032	40	41	50
cg07254032	42	43	0
cg07254032	46	47	0
cg07254032	50	51	66.6666666666667
cg07254032	51	52	66.6666666666667
cg07254032	52	53	100
cg07279255	59	60	0
cg07279255	61	62	0
cg07309253	5	6	100
cg07309253	6	7	100
cg07309253	8	9	100
cg07309253	41	42	100
cg07309253	44	45	100
cg07309253	47	48	100
cg07309253	48	49	100
cg07309253	49	50	100
cg07332354	33	34	100
cg07332354	37	38	100
cg07332354	41	42	0
cg07332354	42	43	100
cg07332354	46	47	100
cg07373698	29	30	100
cg07373698	31	32	100
cg07373698	33	34	100
cg07373698	34	35	100
cg07373698	35	36	50
cg07373698	36	37	50
cg07373698	38	39	100
cg07373698	41	42	0
cg07373698	42	43	0
cg07373698	51	52	100
cg07373698	52	53	0
cg07373698	54	55	100
cg07373698	55	56	50
cg07483210	17	18	100
cg07483210	25	26	100
cg07550331	11	12	100
cg07550331	15	16	100
cg07550331	46	47	100
cg07550331	47	48	100
cg07550331	48	49	100
cg07550331	49	50	100
cg07610132	8	9	100
cg07610132	9	10	100
cg07610132	10	11	100
cg07610132	11	12	100
cg07610132	12	13	0
cg07610132	64	65	100
cg07645671	7	8	100
cg07645671	26	27	33.3333333333333
cg07645671	30	31	100
cg07645671	45	46	100
cg07645671	46	47	100
cg07645671	52	53	87.5
cg07645671	55	56	80
cg07645671	56	57	90
cg07645671	58	59	80
cg07645671	61	62	71.4285714285714
cg07645671	65	66	100
cg07648871	57	58	0
cg07676047	6	7	50
cg07676047	8	9	100
cg07676047	13	14	75
cg07676047	14	15	100
cg07676047	16	17	66.6666666666667
cg07676047	19	20	50
cg07676047	21	22	100
cg07676047	22	23	100
cg07676047	23	24	100
cg07705206	57	58	0
cg07705206	58	59	100
cg07705206	59	60	0
cg07705206	72	73	0
cg07705206	75	76	0
cg07795407	1	2	40
cg07795407	2	3	100
cg07795407	5	6	100
cg07795407	9	10	77.7777777777778
cg07795407	13	14	100
cg07795407	15	16	58.3333333333333
cg07795407	18	19	57.1428571428571
cg07795407	19	20	100
cg07866592	10	11	100
cg07866592	11	12	66.6666666666667
cg07866592	19	20	50
cg07866592	37	38	0
cg07966323	11	12	100
cg07966323	58	59	0
cg07966323	69	70	100
cg07966323	74	75	100
cg07966323	75	76	0
cg08005992	63	64	100
cg08005992	66	67	100
cg08005992	67	68	100
cg08060524	21	22	0
cg08152447	40	41	100
cg08152447	41	42	0
cg08152447	42	43	100
cg08152447	72	73	100
cg08170671	70	71	50
cg08170671	71	72	0
cg08170671	72	73	100
cg08172555	63	64	0
cg08172555	67	68	0
cg08172555	72	73	0
cg08172555	74	75	0
cg08194812	0	1	100
cg08194812	3	4	75
cg08194812	14	15	100
cg08194812	28	29	50
cg08194812	39	40	100
cg08194812	40	41	100
cg08194812	43	44	33.3333333333333
cg08194812	45	46	100
cg08194812	47	48	100
cg08268145	71	72	50
cg08268145	74	75	100
cg08271353	65	66	50
cg08271353	67	68	100
cg08271353	68	69	66.6666666666667
cg08271353	73	74	100
cg08271353	74	75	100
cg08271353	76	77	100
cg08281622	29	30	100
cg08281622	30	31	100
cg08281622	31	32	100
cg08315393	21	22	100
cg08315393	22	23	100
cg08315393	29	30	100
cg08315393	32	33	100
cg08315393	33	34	0
cg08315393	39	40	0
cg08315393	40	41	100
cg08315393	42	43	50
cg08315393	43	44	50
cg08315393	50	51	0
cg08315393	51	52	0
cg08315393	68	69	100
cg08315393	69	70	100
cg08315393	71	72	0
cg08315393	72	73	100
cg08315393	73	74	100
cg08327269	51	52	100
cg08327269	55	56	100
cg08327269	57	58	100
cg08327269	58	59	0
cg08352408	35	36	0
cg08372705	10	11	33.3333333333333
cg08372705	15	16	55.5555555555556
cg08372705	16	17	77.7777777777778
cg08372705	21	22	83.3333333333333
cg08372705	22	23	66.6666666666667
cg08389403	13	14	100
cg08389403	14	15	100
cg08389403	21	22	100
cg08454381	2	3	0
cg08454381	5	6	100
cg08454381	7	8	100
cg08454381	8	9	0
cg08454381	10	11	100
cg08454381	11	12	100
cg08454381	13	14	100
cg08454381	14	15	100
cg08460572	53	54	100
cg08460572	57	58	100
cg08460572	64	65	100
cg08563010	62	63	100
cg08563010	65	66	0
cg08563010	68	69	100
cg08641508	61	62	100
cg08641508	66	67	100
cg08641508	69	70	33.3333333333333
cg08641508	72	73	100
cg08641508	73	74	100
cg08659076	40	41	100
cg08659076	51	52	100
cg08661762	8	9	100
cg08661762	64	65	100
cg08661762	70	71	100
cg08662919	54	55	0
cg08662919	60	61	0
cg08854986	74	75	0
cg08854986	77	78	0
cg08855194	30	31	100
cg08855194	32	33	62.5
cg08855194	35	36	41.6666666666667
cg08855194	43	44	50
cg08855194	57	58	100
cg08855449	15	16	0
cg08918617	23	24	100
cg08918617	57	58	100
cg08918617	58	59	0
cg08918617	60	61	100
cg08918617	63	64	0
cg08921975	39	40	75
cg08921975	41	42	75
cg08921975	44	45	25
cg08921975	45	46	25
cg08921975	47	48	20
cg08921975	48	49	50
cg08921975	50	51	50
cg08921975	51	52	0
cg08921975	53	54	100
cg08921975	55	56	33.3333333333333
cg08921975	57	58	100
cg08921975	61	62	100
cg08921975	62	63	100
cg08921975	67	68	100
cg08933507	9	10	100
cg08933507	10	11	50
cg08933507	14	15	100
cg08933507	16	17	100
cg08933507	18	19	100
cg08938156	2	3	100
cg08938156	4	5	100
cg08938156	46	47	100
cg08938156	48	49	0
cg08938156	49	50	100
cg08938156	51	52	100
cg08938156	52	53	0
cg08979438	47	48	0
cg08979438	69	70	100
cg08979438	73	74	100
cg08987848	9	10	50
cg08987848	21	22	100
cg09093115	21	22	100
cg09093115	22	23	100
cg09093115	23	24	100
cg09093115	26	27	100
cg09093115	27	28	100
cg09093115	28	29	100
cg09093115	29	30	0
cg09093115	32	33	100
cg09093115	33	34	100
cg09093115	34	35	100
cg09093115	35	36	0
cg09097835	5	6	100
cg09097835	6	7	100
cg09105275	9	10	50
cg09105275	11	12	50
cg09105275	13	14	100
cg09105275	22	23	0
cg09105275	23	24	0
cg09105275	54	55	0
cg09113585	28	29	100
cg09113585	29	30	100
cg09113585	32	33	50
cg09113585	35	36	100
cg09148605	72	73	100
cg09182475	13	14	50
cg09182475	19	20	50
cg09182475	23	24	33.3333333333333
cg09182475	25	26	0
cg09182475	54	55	100
cg09252678	31	32	100
cg09252678	32	33	100
cg09252678	34	35	100
cg09252678	35	36	100
cg09252678	41	42	100
cg09252678	44	45	100
cg09252678	47	48	100
cg09276953	23	24	0
cg09276953	25	26	0
cg09289224	41	42	100
cg09289224	43	44	100
cg09300249	2	3	100
cg09300249	4	5	0
cg09300249	7	8	100
cg09300249	8	9	100
cg09313308	8	9	100
cg09313308	9	10	100
cg09313308	10	11	100
cg09313308	12	13	50
cg09313308	15	16	100
cg09317554	47	48	0
cg09317554	51	52	50
cg09317554	53	54	0
cg09317554	56	57	100
cg09400505	13	14	25
cg09400505	21	22	50
cg09400505	26	27	100
cg09400505	34	35	50
cg09400505	37	38	100
cg09400505	43	44	100
cg09400505	45	46	100
cg09400505	47	48	100
cg09400505	49	50	100
cg09400505	52	53	0
cg09452015	17	18	100
cg09452015	18	19	100
cg09452015	19	20	100
cg09452015	22	23	100
cg09452015	34	35	100
cg09452015	36	37	50
cg09452015	42	43	66.6666666666667
cg09510409	27	28	50
cg09510409	59	60	100
cg09510409	61	62	0
cg09510409	62	63	100
cg09510409	65	66	0
cg09510409	67	68	100
cg09510409	68	69	0
cg09536551	44	45	100
cg09536551	45	46	0
cg09536551	48	49	100
cg09536551	49	50	0
cg09536551	51	52	100
cg09536551	53	54	0
cg09559982	15	16	100
cg09559982	24	25	100
cg09578221	2	3	100
cg09578221	5	6	0
cg09578221	63	64	0
cg09578221	65	66	0
cg09606853	7	8	0
cg09606853	12	13	0
cg09606853	14	15	0
cg09606853	19	20	0
cg09606853	28	29	0
cg09606853	29	30	0
cg09606853	30	31	0
cg09646359	70	71	100
cg09647169	63	64	100
cg09682305	11	12	83.3333333333333
cg09682305	12	13	56.25
cg09682305	14	15	84.6153846153846
cg09682305	17	18	96
cg09682305	20	21	90.3846153846154
cg09682305	23	24	100
cg09682305	26	27	94
cg09682305	27	28	95.9183673469388
cg09682305	29	30	95.6521739130435
cg09682305	31	32	50
cg09682305	32	33	92.8571428571429
cg09682305	35	36	90
cg09682305	43	44	0
cg09692427	46	47	0
cg09692427	47	48	0
cg09692427	51	52	0
cg09692427	54	55	100
cg09692427	56	57	50
cg09692427	60	61	0
cg09692427	62	63	100
cg09692427	63	64	0
cg09692769	37	38	100
cg09692769	61	62	0
cg09706122	47	48	0
cg09706122	73	74	0
cg09726978	66	67	100
cg09726978	69	70	50
cg09726978	70	71	50
cg09726978	79	80	0
cg09816507	31	32	100
cg09816507	33	34	50
cg09816507	34	35	50
cg09816507	37	38	66.6666666666667
cg09816507	40	41	80
cg09816507	43	44	60
cg09816507	47	48	100
cg09816507	51	52	100
cg09817427	2	3	0
cg09817427	4	5	0
cg09817427	48	49	0
cg09817427	50	51	0
cg09841954	18	19	100
cg09841954	20	21	100
cg09841954	22	23	0
cg09841954	23	24	100
cg09841954	25	26	0
cg09841954	61	62	100
cg09841954	63	64	0
cg09841954	65	66	100
cg09841954	66	67	0
cg09841954	72	73	0
cg09962606	45	46	66.6666666666667
cg09962606	46	47	75
cg09962606	48	49	100
cg09962606	50	51	100
cg09962606	54	55	100
cg09962606	55	56	0
cg10024790	17	18	83.3333333333333
cg10024790	18	19	85.7142857142857
cg10024790	21	22	100
cg10024790	22	23	96.551724137931
cg10024790	25	26	100
cg10024790	26	27	94.5945945945946
cg10024790	29	30	100
cg10024790	37	38	100
cg10024790	40	41	66.6666666666667
cg10024790	44	45	83.3333333333333
cg10024790	45	46	88.8888888888889
cg10024790	48	49	90
cg10024790	52	53	85.7142857142857
cg10024790	53	54	80
cg10024790	56	57	100
cg10064809	5	6	100
cg10064809	7	8	100
cg10064809	10	11	60
cg10064809	11	12	83.3333333333333
cg10064809	13	14	83.3333333333333
cg10064809	14	15	66.6666666666667
cg10064809	15	16	85.7142857142857
cg10064809	20	21	75
cg10064809	25	26	100
cg10125423	37	38	100
cg10125423	38	39	100
cg10125423	39	40	0
cg10125423	45	46	100
cg10125423	49	50	100
cg10131194	55	56	100
cg10131194	57	58	87.5
cg10131194	59	60	88.8888888888889
cg10131194	60	61	87.5
cg10131194	61	62	62.5
cg10131194	65	66	87.5
cg10131194	67	68	75
cg10131194	69	70	100
cg10131194	70	71	100
cg10235290	9	10	100
cg10235290	10	11	100
cg10235290	39	40	100
cg10235290	41	42	100
cg10287351	7	8	0
cg10287351	12	13	100
cg10287351	22	23	100
cg10287351	25	26	100
cg10287351	28	29	100
cg10287351	69	70	100
cg10287351	70	71	100
cg10324939	39	40	100
cg10324939	51	52	100
cg10324939	54	55	100
cg10329153	36	37	0
cg10329153	40	41	0
cg10329153	48	49	100
cg10329153	49	50	100
cg10414374	54	55	0
cg10414374	57	58	100
cg10414374	61	62	100
cg10441680	8	9	0
cg10441680	9	10	0
cg10566829	7	8	66.6666666666667
cg10566829	8	9	66.6666666666667
cg10566829	9	10	33.3333333333333
cg10566829	11	12	75
cg10566829	14	15	100
cg10566829	19	20	0
cg10566829	20	21	100
cg10604668	14	15	100
cg10604668	29	30	70.9677419354839
cg10604668	30	31	58.9473684210526
cg10604668	34	35	59.4059405940594
cg10604668	36	37	65.6862745098039
cg10604668	37	38	70.2970297029703
cg10604668	38	39	55.1020408163265
cg10604668	39	40	75.5102040816327
cg10604668	40	41	69.0721649484536
cg10604668	41	42	61.2244897959184
cg10604668	44	45	52.6881720430108
cg10604668	46	47	58.8235294117647
cg10604668	47	48	66.6666666666667
cg10604668	49	50	72.7272727272727
cg10604668	54	55	100
cg10604668	56	57	33.3333333333333
cg10606240	38	39	50
cg10606240	42	43	100
cg10643442	47	48	100
cg10709038	10	11	0
cg10709038	22	23	100
cg10709038	23	24	100
cg10709038	69	70	0
cg10709038	70	71	0
cg10736991	35	36	0
cg10736991	62	63	0
cg10774906	9	10	100
cg10774906	42	43	100
cg10774906	43	44	100
cg10774906	45	46	100
cg10774906	51	52	100
cg10779098	11	12	100
cg10779098	13	14	0
cg10779098	14	15	100
cg10779098	18	19	50
cg10779098	19	20	100
cg10779098	20	21	50
cg10779098	26	27	100
cg10779098	27	28	0
cg10779098	28	29	0
cg10779098	40	41	0
cg10779098	41	42	100
cg10779098	43	44	0
cg10779098	44	45	0
cg10779098	45	46	0
cg10788097	2	3	100
cg10788097	25	26	100
cg10788097	26	27	100
cg10788097	30	31	0
cg10873006	55	56	100
cg10873006	57	58	100
cg10873006	58	59	100
cg10873006	60	61	100
cg10873006	61	62	100
cg10873006	63	64	25
cg10873006	64	65	100
cg10901415	17	18	100
cg10901415	18	19	100
cg10901415	20	21	100
cg10901415	54	55	0
cg10901415	56	57	100
cg10901415	57	58	100
cg10901415	60	61	66.6666666666667
cg10901415	61	62	66.6666666666667
cg10901415	64	65	100
cg10901415	66	67	100
cg10901415	67	68	100
cg10918079	43	44	100
cg10918079	44	45	0
cg10918079	46	47	0
cg10918079	47	48	0
cg10918079	70	71	100
cg10918079	71	72	0
cg10918079	73	74	0
cg10918079	76	77	100
cg11011976	42	43	100
cg11011976	43	44	33.3333333333333
cg11011976	46	47	75
cg11011976	48	49	75
cg11011976	52	53	100
cg11011976	54	55	66.6666666666667
cg11034948	11	12	88.8888888888889
cg11034948	13	14	77.7777777777778
cg11034948	14	15	44.4444444444444
cg11034948	15	16	100
cg11034948	16	17	50
cg11034948	19	20	77.7777777777778
cg11034948	20	21	100
cg11034948	21	22	80
cg11034948	23	24	50
cg11034948	25	26	100
cg11058785	22	23	0
cg11058785	23	24	0
cg11058785	28	29	83.3333333333333
cg11058785	37	38	66.6666666666667
cg11058785	39	40	70
cg11058785	42	43	83.3333333333333
cg11058785	49	50	75
cg11058785	51	52	75
cg11058785	52	53	75
cg11058785	59	60	100
cg11171400	6	7	100
cg11171400	9	10	100
cg11171400	13	14	100
cg11171400	31	32	0
cg11171400	32	33	100
cg11179893	25	26	0
cg11179893	26	27	0
cg11179893	31	32	0
cg11179893	32	33	0
cg11179893	44	45	100
cg11251215	46	47	100
cg11251215	57	58	100
cg11251215	58	59	100
cg11251215	62	63	0
cg11251215	66	67	100
cg11266179	54	55	0
cg11266179	56	57	0
cg11266179	66	67	100
cg11319388	4	5	100
cg11319388	10	11	91.6666666666667
cg11319388	11	12	70.8333333333333
cg11319388	13	14	80.7692307692308
cg11319388	16	17	80
cg11319388	17	18	66.6666666666667
cg11319388	56	57	100
cg11319388	58	59	62.5
cg11319388	70	71	100
cg11346223	50	51	100
cg11346223	53	54	0
cg11346223	54	55	100
cg11346223	55	56	0
cg11346223	69	70	100
cg11346223	71	72	0
cg11410180	55	56	50
cg11410180	62	63	100
cg11411958	6	7	100
cg11411958	11	12	50
cg11465136	32	33	0
cg11465136	33	34	0
cg11465136	39	40	100
cg11465136	49	50	100
cg11465136	51	52	100
cg11465136	58	59	100
cg11465136	59	60	100
cg11465136	64	65	100
cg11493105	2	3	100
cg11493105	3	4	100
cg11493105	41	42	100
cg11493105	47	48	50
cg11493105	48	49	100
cg11493105	51	52	100
cg11493105	58	59	100
cg11541320	1	2	100
cg11541320	4	5	100
cg11541320	11	12	100
cg11541320	13	14	100
cg11548411	32	33	100
cg11548411	33	34	0
cg11548411	35	36	0
cg11548411	56	57	0
cg11551173	19	20	33.3333333333333
cg11551173	20	21	33.3333333333333
cg11551173	21	22	33.3333333333333
cg11551173	26	27	100
cg11551173	72	73	100
cg11584091	33	34	66.6666666666667
cg11584091	36	37	66.6666666666667
cg11584091	37	38	100
cg11584091	40	41	100
cg11672180	10	11	0
cg11672180	15	16	100
cg11672180	32	33	100
cg11672180	34	35	0
cg11672180	38	39	100
cg11672180	41	42	100
cg11672180	62	63	100
cg11672180	63	64	50
cg11672180	64	65	100
cg11672180	69	70	0
cg11672180	72	73	100
cg11729098	54	55	100
cg11729098	55	56	100
cg11729098	59	60	100
cg11729098	60	61	83.3333333333333
cg11729098	62	63	100
cg11729098	67	68	100
cg11729098	68	69	66.6666666666667
cg11741231	3	4	100
cg11741231	11	12	80
cg11741231	14	15	75
cg11741231	17	18	25
cg11741231	24	25	0
cg11741231	25	26	100
cg11741231	26	27	100
cg11772199	18	19	0
cg11772199	66	67	0
cg11772199	68	69	100
cg11807038	6	7	100
cg11807038	7	8	100
cg11807038	15	16	0
cg11807038	17	18	100
cg11807038	19	20	0
cg11807038	52	53	50
cg11807038	54	55	75
cg11807038	59	60	57.1428571428571
cg11807038	63	64	80
cg11807038	64	65	60
cg11812837	5	6	0
cg11812837	6	7	100
cg11812837	7	8	0
cg11812837	8	9	0
cg11812837	57	58	100
cg11812837	58	59	100
cg11812837	66	67	100
cg11818729	10	11	100
cg11818729	11	12	0
cg11818729	14	15	0
cg11818729	17	18	0
cg11818729	20	21	100
cg11818729	38	39	0
cg11818729	41	42	100
cg11818729	61	62	100
cg11818729	63	64	100
cg11818729	69	70	0
cg11875079	48	49	100
cg11875079	51	52	66.6666666666667
cg11875079	52	53	66.6666666666667
cg11875079	55	56	100
cg11875079	57	58	14.2857142857143
cg11875079	60	61	100
cg11875079	63	64	7.69230769230769
cg11875079	66	67	100
cg11875079	67	68	100
cg11875079	68	69	100
cg11879601	43	44	100
cg11879601	48	49	100
cg11879601	51	52	100
cg11879601	61	62	0
cg11879601	62	63	0
cg11879601	64	65	100
cg11905658	13	14	0
cg11905658	15	16	100
cg11905658	37	38	0
cg11905658	44	45	0
cg11905658	45	46	0
cg11914037	2	3	0
cg11914037	23	24	100
cg11914037	26	27	0
cg11914037	55	56	100
cg11914037	57	58	50
cg11914037	59	60	50
cg11914037	67	68	0
cg11914037	74	75	0
cg11945128	35	36	0
cg11945128	37	38	100
cg11967831	66	67	50
cg11967831	70	71	100
cg11967831	75	76	100
cg12016197	17	18	0
cg12016197	18	19	0
cg12016197	23	24	0
cg12016197	25	26	0
cg12016197	26	27	0
cg12046720	23	24	100
cg12046720	30	31	100
cg12046720	46	47	100
cg12046720	51	52	75
cg12046720	52	53	75
cg12046720	56	57	66.6666666666667
cg12046720	57	58	33.3333333333333
cg12046720	58	59	66.6666666666667
cg12046720	62	63	66.6666666666667
cg12046720	63	64	33.3333333333333
cg12046720	64	65	100
cg12046720	65	66	50
cg12108366	47	48	100
cg12108366	50	51	100
cg12108366	51	52	100
cg12108366	54	55	100
cg12108366	55	56	50
cg12108366	57	58	0
cg12241489	6	7	100
cg12241489	8	9	100
cg12241489	9	10	100
cg12241489	11	12	100
cg12241489	13	14	100
cg12241489	50	51	100
cg12241489	55	56	100
cg12241489	56	57	100
cg12309991	46	47	100
cg12309991	47	48	0
cg12309991	51	52	100
cg12309991	52	53	100
cg12309991	63	64	100
cg12311671	17	18	100
cg12311671	21	22	100
cg12311671	58	59	100
cg12469785	26	27	100
cg12469785	56	57	100
cg12469785	58	59	0
cg12545961	36	37	100
cg12545961	40	41	100
cg12553580	2	3	66.6666666666667
cg12553580	4	5	57.1428571428571
cg12553580	6	7	44.4444444444444
cg12553580	7	8	55.5555555555556
cg12553580	8	9	66.6666666666667
cg12553580	9	10	55.5555555555556
cg12553580	11	12	80
cg12553580	12	13	60
cg12553580	14	15	36.3636363636364
cg12553580	15	16	75
cg12553580	16	17	41.6666666666667
cg12553580	17	18	75
cg12553580	74	75	100
cg12553580	76	77	100
cg12565017	53	54	0
cg12565017	59	60	0
cg12572894	0	1	0
cg12572894	4	5	100
cg12572894	5	6	100
cg12572894	6	7	100
cg12572894	40	41	85.7142857142857
cg12572894	41	42	50
cg12572894	50	51	80.7692307692308
cg12572894	52	53	70.3703703703704
cg12572894	53	54	81.4814814814815
cg12572894	54	55	72
cg12572894	61	62	100
cg12572894	63	64	100
cg12584622	33	34	0
cg12593479	7	8	100
cg12593479	8	9	33.3333333333333
cg12593479	10	11	66.6666666666667
cg12593479	12	13	100
cg12593479	50	51	100
cg12593479	52	53	100
cg12593479	54	55	0
cg12593479	56	57	100
cg12593479	58	59	100
cg12593479	59	60	100
cg12593479	60	61	0
cg12593479	69	70	33.3333333333333
cg12593479	71	72	66.6666666666667
cg12593479	72	73	66.6666666666667
cg12593479	75	76	0
cg12593479	77	78	0
cg12620743	14	15	100
cg12620743	17	18	100
cg12620743	18	19	100
cg12620743	65	66	100
cg12620743	68	69	100
cg12620743	69	70	100
cg12646064	18	19	100
cg12741020	18	19	0
cg12741020	21	22	100
cg12741020	28	29	0
cg12741020	30	31	100
cg12741020	35	36	0
cg12741020	37	38	0
cg12741020	53	54	75
cg12741020	55	56	75
cg12741020	57	58	66.6666666666667
cg12741020	58	59	50
cg12741020	59	60	66.6666666666667
cg12741020	62	63	71.4285714285714
cg12741020	64	65	75
cg12741020	65	66	37.5
cg12741020	66	67	75
cg12741020	67	68	50
cg12741020	68	69	37.5
cg12741020	70	71	75
cg12757011	1	2	60
cg12757011	2	3	80
cg12757011	3	4	80
cg12757011	4	5	80
cg12757011	5	6	100
cg12757011	7	8	100
cg12757011	11	12	100
cg12757011	17	18	100
cg12757011	29	30	0
cg12757011	31	32	100
cg12757011	34	35	50
cg12757011	36	37	100
cg12757011	37	38	100
cg12780461	65	66	100
cg12780461	71	72	33.3333333333333
cg12780461	75	76	0
cg12799227	18	19	50
cg12799227	45	46	0
cg12799227	46	47	100
cg12799227	71	72	100
cg12838514	38	39	100
cg12838514	41	42	100
cg12838514	42	43	50
cg12838514	50	51	0
cg12856514	32	33	100
cg12856514	49	50	100
cg12856514	50	51	0
cg12927674	14	15	0
cg12927674	17	18	0
cg12927674	19	20	100
cg12927674	21	22	0
cg12927674	22	23	0
cg12927674	58	59	0
cg12927674	60	61	100
cg12927674	63	64	100
cg12927674	67	68	100
cg12935350	55	56	0
cg12935350	56	57	100
cg12935350	63	64	66.6666666666667
cg12935350	68	69	100
cg12935350	71	72	75
cg12935350	77	78	100
cg12986671	35	36	100
cg12986671	38	39	100
cg12986671	40	41	100
cg12986671	41	42	100
cg12986671	44	45	100
cg12986671	56	57	100
cg12986671	57	58	100
cg12986671	59	60	100
cg12986671	62	63	100
cg13060540	20	21	0
cg13060540	21	22	0
cg13060540	22	23	50
cg13060540	24	25	100
cg13060540	28	29	100
cg13090788	19	20	100
cg13090788	21	22	100
cg13090788	28	29	0
cg13090788	61	62	0
cg13090788	63	64	100
cg13090788	65	66	100
cg13090788	72	73	100
cg13090788	76	77	100
cg13102585	1	2	100
cg13102585	2	3	100
cg13102585	4	5	100
cg13102585	67	68	100
cg13102585	70	71	100
cg13102585	71	72	100
cg13102585	74	75	100
cg13107977	25	26	0
cg13107977	26	27	0
cg13132580	53	54	0
cg13132580	66	67	100
cg13143654	7	8	50
cg13143654	8	9	50
cg13143654	10	11	100
cg13143654	11	12	57.1428571428571
cg13143654	13	14	77.7777777777778
cg13143654	14	15	88.8888888888889
cg13143654	16	17	80
cg13143654	19	20	72.7272727272727
cg13143654	20	21	80
cg13143654	22	23	62.5
cg13143654	23	24	62.5
cg13143654	25	26	62.5
cg13143654	26	27	57.1428571428571
cg13143654	27	28	57.1428571428571
cg13143654	28	29	50
cg13143654	29	30	60
cg13143654	32	33	0
cg13143654	69	70	100
cg13143654	73	74	0
cg13151303	4	5	100
cg13151303	7	8	0
cg13151303	28	29	100
cg13151303	30	31	100
cg13151303	31	32	100
cg13151303	32	33	33.3333333333333
cg13151303	60	61	100
cg13151303	65	66	0
cg13151303	68	69	100
cg13151947	30	31	0
cg13151947	52	53	0
cg13151947	56	57	100
cg13151947	57	58	100
cg13181002	12	13	100
cg13181002	15	16	100
cg13181002	19	20	100
cg13278722	35	36	100
cg13278722	36	37	0
cg13278722	52	53	100
cg13278722	53	54	0
cg13278722	55	56	100
cg13300506	8	9	100
cg13300506	55	56	100
cg13320676	48	49	50
cg13320676	60	61	100
cg13320676	61	62	100
cg13331682	2	3	100
cg13331682	3	4	100
cg13331682	9	10	100
cg13331682	14	15	0
cg13349948	10	11	100
cg13349948	28	29	100
cg13349948	30	31	100
cg13349948	31	32	100
cg13349948	32	33	0
cg13349948	45	46	50
cg13349948	46	47	50
cg13349948	47	48	75
cg13349948	52	53	50
cg13349948	54	55	50
cg13402193	11	12	100
cg13402193	12	13	100
cg13402193	14	15	100
cg13402193	16	17	100
cg13402193	20	21	100
cg13402193	31	32	0
cg13486820	69	70	76.1904761904762
cg13486820	72	73	68.4210526315789
cg13486820	74	75	76.4705882352941
cg13486820	75	76	42.8571428571429
cg13486820	77	78	85.7142857142857
cg13486820	78	79	100
cg13551010	2	3	100
cg13551010	11	12	100
cg13551010	21	22	0
cg13551010	44	45	50
cg13551010	45	46	75
cg13551010	54	55	100
cg13604683	35	36	100
cg13604683	36	37	100
cg13604683	43	44	66.6666666666667
cg13604683	65	66	100
cg13660279	22	23	50
cg13660279	23	24	66.6666666666667
cg13660279	26	27	75
cg13660279	28	29	100
cg13660279	29	30	100
cg13660279	31	32	100
cg13660279	37	38	100
cg13677591	58	59	100
cg13677591	64	65	100
cg13677591	66	67	100
cg13702567	24	25	100
cg13702567	25	26	100
cg13702567	27	28	100
cg13702567	28	29	0
cg13702567	33	34	100
cg13702567	67	68	0
cg13702567	69	70	100
cg13702567	72	73	100
cg13766016	57	58	100
cg13768953	43	44	0
cg13768953	44	45	0
cg13768953	46	47	100
cg13768953	47	48	0
cg13768953	70	71	0
cg13768953	71	72	0
cg13768953	73	74	100
cg13768953	76	77	100
cg13789775	64	65	100
cg13834844	19	20	100
cg13834844	20	21	0
cg13834844	21	22	100
cg13834844	24	25	100
cg13834844	72	73	100
cg13834844	75	76	100
cg13837730	4	5	100
cg13837730	12	13	100
cg13837730	15	16	0
cg13837730	20	21	0
cg13837730	21	22	0
cg13837730	23	24	0
cg13906190	54	55	0
cg13906190	55	56	0
cg13906190	61	62	0
cg13922229	22	23	100
cg13922229	23	24	100
cg13922229	25	26	100
cg13922229	27	28	33.3333333333333
cg13922229	30	31	33.3333333333333
cg13922229	31	32	100
cg13922229	35	36	100
cg14001847	39	40	0
cg14001847	42	43	0
cg14001847	48	49	0
cg14001847	49	50	0
cg14001847	54	55	0
cg14001847	56	57	0
cg14019317	59	60	0
cg14019317	68	69	100
cg14019317	71	72	100
cg14020187	0	1	100
cg14020187	1	2	75
cg14020187	2	3	100
cg14020187	4	5	100
cg14020187	5	6	75
cg14020187	9	10	83.3333333333333
cg14020187	17	18	50
cg14020187	20	21	100
cg14020187	63	64	100
cg14020187	64	65	100
cg14020187	65	66	0
cg14020187	66	67	100
cg14020187	68	69	100
cg14020187	69	70	100
cg14100627	30	31	100
cg14100627	31	32	100
cg14100627	37	38	0
cg14100627	40	41	0
cg14100627	42	43	0
cg14100627	45	46	0
cg14160701	10	11	0
cg14160701	11	12	0
cg14160701	27	28	100
cg14160701	29	30	100
cg14160701	31	32	0
cg14160701	32	33	100
cg14160701	33	34	100
cg14160701	34	35	0
cg14160701	37	38	100
cg14190856	37	38	100
cg14190856	38	39	100
cg14190856	40	41	0
cg14255803	23	24	100
cg14299268	3	4	100
cg14299268	4	5	100
cg14299268	6	7	0
cg14299268	12	13	60
cg14299268	16	17	100
cg14299268	36	37	100
cg14306227	18	19	0
cg14306227	25	26	0
cg14311946	10	11	0
cg14311946	11	12	100
cg14311946	13	14	100
cg14311946	18	19	100
cg14311946	20	21	50
cg14311946	26	27	50
cg14311946	30	31	50
cg14311946	33	34	66.6666666666667
cg14311946	35	36	33.3333333333333
cg14311946	36	37	66.6666666666667
cg14311946	39	40	0
cg14360629	6	7	58.3333333333333
cg14360629	7	8	50
cg14360629	9	10	77.7777777777778
cg14360629	11	12	79.0697674418605
cg14360629	13	14	31.25
cg14360629	15	16	80
cg14360629	17	18	28.8461538461538
cg14360629	18	19	80
cg14360629	19	20	33.3333333333333
cg14360629	20	21	76.1904761904762
cg14360629	22	23	72.5
cg14387043	37	38	100
cg14387043	42	43	100
cg14387043	51	52	100
cg14550267	48	49	0
cg14660630	31	32	0
cg14728698	54	55	0
cg14728698	58	59	0
cg14728698	59	60	100
cg14728698	61	62	0
cg14728698	63	64	50
cg14728698	65	66	0
cg14728698	67	68	100
cg14783231	29	30	100
cg14880389	11	12	100
cg14880389	14	15	100
cg14880389	17	18	0
cg14880389	20	21	0
cg14880389	23	24	100
cg14880389	28	29	100
cg14880389	29	30	100
cg14890920	54	55	100
cg14890920	56	57	100
cg14890920	59	60	100
cg14890920	60	61	100
cg14890920	61	62	50
cg14977462	38	39	0
cg14977462	39	40	0
cg14977462	44	45	0
cg14977462	46	47	0
cg14991487	53	54	0
cg14991487	55	56	0
cg15073168	59	60	100
cg15073168	60	61	100
cg15075184	14	15	100
cg15075184	62	63	100
cg15075184	64	65	100
cg15075184	66	67	100
cg15214658	25	26	0
cg15214658	69	70	100
cg15214658	71	72	100
cg15214658	72	73	0
cg15262576	27	28	100
cg15262576	35	36	0
cg15262576	36	37	66.6666666666667
cg15262576	39	40	33.3333333333333
cg15262576	41	42	66.6666666666667
cg15262576	43	44	33.3333333333333
cg15262576	44	45	100
cg15262576	45	46	0
cg15385409	30	31	0
cg15385409	31	32	100
cg15385409	36	37	0
cg15503346	33	34	100
cg15503346	41	42	100
cg15503346	44	45	0
cg15503346	45	46	100
cg15566115	4	5	100
cg15566115	7	8	0
cg15566115	8	9	66.6666666666667
cg15566115	11	12	75
cg15566115	13	14	60
cg15566115	16	17	66.6666666666667
cg15566115	19	20	100
cg15566115	20	21	66.6666666666667
cg15566115	69	70	77.7777777777778
cg15566115	71	72	75
cg15566115	72	73	75
cg15566115	76	77	80
cg15566115	77	78	100
cg15566115	78	79	0
cg15597792	48	49	0
cg15597792	68	69	0
cg15597792	69	70	0
cg15597792	70	71	0
cg15597792	73	74	0
cg15597792	75	76	0
cg15597792	77	78	0
cg15608939	30	31	0
cg15608939	59	60	0
cg15639204	36	37	0
cg15639204	51	52	0
cg15693666	35	36	100
cg15693666	37	38	50
cg15693666	39	40	100
cg15693666	44	45	100
cg15693666	47	48	50
cg15693666	52	53	50
cg15693666	76	77	100
cg15693666	77	78	0
cg15711227	4	5	100
cg15711227	5	6	33.3333333333333
cg15711227	7	8	100
cg15711227	16	17	100
cg15713129	56	57	0
cg15723222	21	22	0
cg15723222	27	28	100
cg15723222	32	33	0
cg15723222	34	35	0
cg15723222	36	37	100
cg15741341	67	68	0
cg15741341	69	70	100
cg15741341	73	74	0
cg15741341	75	76	100
cg15741341	76	77	100
cg15746205	42	43	0
cg15823859	37	38	50
cg15823859	40	41	70
cg15823859	41	42	40
cg15823859	43	44	50
cg15823859	48	49	81.8181818181818
cg15823859	49	50	44.4444444444444
cg15823859	50	51	83.3333333333333
cg15823859	59	60	33.3333333333333
cg15823859	60	61	100
cg15823859	63	64	33.3333333333333
cg15823859	64	65	100
cg15823859	65	66	100
cg15846956	36	37	0
cg15846956	51	52	0
cg15846956	52	53	0
cg15846956	53	54	100
cg15890010	22	23	100
cg15890010	23	24	100
cg15890010	27	28	50
cg15890010	31	32	66.6666666666667
cg15890010	33	34	76.9230769230769
cg15890010	35	36	54.5454545454545
cg15890010	37	38	63.6363636363636
cg15890010	39	40	60
cg15890010	40	41	100
cg15890010	47	48	33.3333333333333
cg15890010	50	51	66.6666666666667
cg15890010	51	52	33.3333333333333
cg15903069	27	28	0
cg15903069	54	55	100
cg15932297	13	14	33.3333333333333
cg15932297	20	21	90
cg15932297	23	24	100
cg15932297	33	34	75
cg15932297	36	37	66.6666666666667
cg15932297	48	49	100
cg15932297	49	50	100
cg15932297	50	51	100
cg15952296	10	11	100
cg15952296	11	12	100
cg15952296	18	19	100
cg15952296	19	20	100
cg15952296	22	23	100
cg15952296	23	24	100
cg15952296	24	25	50
cg15988120	1	2	100
cg15988120	6	7	0
cg15988120	9	10	0
cg15988120	11	12	100
cg15988120	12	13	0
cg15988120	14	15	100
cg15988120	15	16	0
cg15988120	19	20	0
cg15988120	38	39	100
cg15988120	40	41	100
cg15988120	42	43	0
cg15988120	43	44	100
cg15988120	68	69	100
cg15988120	72	73	0
cg15988120	74	75	100
cg15998452	37	38	0
cg15998452	62	63	50
cg15998452	65	66	100
cg16102371	9	10	0
cg16102371	11	12	0
cg16102371	12	13	0
cg16102371	15	16	0
cg16103501	56	57	0
cg16103501	67	68	100
cg16277100	21	22	100
cg16277100	24	25	100
cg16277100	28	29	100
cg16277100	29	30	100
cg16277100	44	45	100
cg16277100	47	48	0
cg16277100	48	49	100
cg16277100	53	54	0
cg16313026	50	51	100
cg16313026	65	66	100
cg16427848	3	4	100
cg16427848	11	12	0
cg16427848	12	13	0
cg16427848	15	16	0
cg16427848	21	22	0
cg16427848	57	58	0
cg16427848	58	59	100
cg16427848	59	60	0
cg16427848	60	61	100
cg16427848	63	64	0
cg16442395	51	52	0
cg16442395	52	53	100
cg16442395	54	55	0
cg16442395	59	60	0
cg16456627	10	11	75
cg16456627	11	12	63.3333333333333
cg16456627	12	13	64.7058823529412
cg16456627	21	22	75
cg16456627	23	24	80
cg16456627	24	25	66.2162162162162
cg16456627	28	29	71.25
cg16456627	29	30	81.4814814814815
cg16456627	31	32	87.8378378378378
cg16456627	36	37	78.9473684210526
cg16456627	55	56	100
cg16456627	56	57	100
cg16456627	57	58	80
cg16456627	58	59	100
cg16456627	59	60	100
cg16456627	62	63	87.5
cg16456627	65	66	100
cg16456627	66	67	100
cg16456627	67	68	83.3333333333333
cg16501308	30	31	0
cg16534861	31	32	100
cg16534861	32	33	100
cg16534861	36	37	100
cg16534861	37	38	100
cg16534861	64	65	100
cg16534861	66	67	100
cg16534861	67	68	100
cg16550733	58	59	100
cg16550733	59	60	100
cg16550733	62	63	0
cg16550733	63	64	100
cg16550733	65	66	100
cg16603464	22	23	100
cg16603464	24	25	0
cg16603464	26	27	100
cg16603464	48	49	0
cg16606195	11	12	0
cg16606195	23	24	100
cg16606195	33	34	100
cg16606195	34	35	0
cg16606195	35	36	100
cg16606195	57	58	100
cg16633088	26	27	100
cg16633088	30	31	100
cg16633088	45	46	100
cg16675333	32	33	0
cg16675333	33	34	0
cg16675333	34	35	0
cg16675333	35	36	0
cg16675686	32	33	0
cg16675686	38	39	100
cg16675686	41	42	0
cg16675686	43	44	0
cg16675686	49	50	0
cg16675686	50	51	0
cg16675686	60	61	50
cg16675686	62	63	0
cg16675686	64	65	100
cg16684539	35	36	100
cg16684539	55	56	100
cg16684539	58	59	0
cg16684539	59	60	50
cg16684539	60	61	50
cg16744551	2	3	100
cg16744551	5	6	100
cg16744551	6	7	0
cg16744551	11	12	66.6666666666667
cg16744551	13	14	40
cg16744551	17	18	66.6666666666667
cg16744551	19	20	75
cg16744551	23	24	50
cg16744551	26	27	100
cg16744551	44	45	100
cg16744551	45	46	0
cg16744551	50	51	0
cg16744551	51	52	100
cg16839209	11	12	0
cg16873877	62	63	100
cg16873877	64	65	100
cg16873877	67	68	100
cg16873877	75	76	100
cg16873877	77	78	100
cg16925789	25	26	50
cg16925789	26	27	100
cg16925789	27	28	100
cg16925789	29	30	100
cg16965558	57	58	100
cg16965558	58	59	100
cg16965558	59	60	0
cg16965558	65	66	100
cg16965558	69	70	100
cg17037716	29	30	100
cg17037716	32	33	100
cg17037716	33	34	0
cg17037716	72	73	0
cg17177168	20	21	0
cg17177168	56	57	0
cg17177455	33	34	50
cg17177455	38	39	100
cg17177455	39	40	100
cg17177455	44	45	50
cg17177455	48	49	50
cg17177455	50	51	100
cg17212850	11	12	100
cg17212850	17	18	100
cg17212850	19	20	100
cg17212850	20	21	100
cg17212850	22	23	100
cg17212850	23	24	100
cg17212850	65	66	100
cg17212850	66	67	100
cg17212850	68	69	0
cg17215796	31	32	0
cg17329011	5	6	100
cg17329011	25	26	0
cg17329011	30	31	100
cg17426532	37	38	33.3333333333333
cg17426532	38	39	60
cg17426532	40	41	83.3333333333333
cg17426532	42	43	85.7142857142857
cg17426532	43	44	100
cg17426532	45	46	75
cg17426532	47	48	100
cg17426532	50	51	66.6666666666667
cg17426532	59	60	100
cg17426532	64	65	100
cg17426532	66	67	0
cg17517572	33	34	100
cg17517572	39	40	100
cg17517572	40	41	100
cg17517572	57	58	100
cg17517572	61	62	100
cg17523323	0	1	100
cg17523323	1	2	0
cg17523323	7	8	0
cg17523323	25	26	100
cg17523323	27	28	0
cg17548032	23	24	100
cg17548032	25	26	100
cg17548032	26	27	100
cg17548032	37	38	0
cg17548032	46	47	100
cg17548032	67	68	100
cg17548032	69	70	100
cg17548032	72	73	100
cg17644722	18	19	0
cg17644722	19	20	0
cg17644722	22	23	0
cg17644722	50	51	100
cg17644722	53	54	0
cg17644722	54	55	100
cg17644722	57	58	0
cg17711361	10	11	100
cg17711361	12	13	75
cg17711361	14	15	100
cg17711361	19	20	75
cg17711361	25	26	100
cg17764331	29	30	100
cg17764331	70	71	100
cg17764331	75	76	0
cg17764331	77	78	0
cg17779362	37	38	0
cg17779362	38	39	100
cg17779362	40	41	100
cg17779362	43	44	100
cg17820491	3	4	100
cg17820491	4	5	100
cg17820491	5	6	0
cg17820491	16	17	0
cg17820491	23	24	0
cg17840681	4	5	100
cg17840681	14	15	96
cg17840681	19	20	82.3529411764706
cg17840681	21	22	72.4137931034483
cg17840681	22	23	84.6153846153846
cg17840681	25	26	76.9230769230769
cg17840681	30	31	100
cg17942031	55	56	100
cg17942031	56	57	100
cg17942031	57	58	100
cg17942031	61	62	100
cg17942031	62	63	100
cg17942396	5	6	100
cg17942396	27	28	100
cg17942396	30	31	100
cg17942396	41	42	50
cg17942396	42	43	50
cg18014720	7	8	0
cg18014720	10	11	25
cg18014720	18	19	100
cg18014720	38	39	0
cg18014720	45	46	0
cg18014720	47	48	50
cg18014720	53	54	0
cg18014720	56	57	100
cg18014720	57	58	0
cg18149227	2	3	100
cg18149227	8	9	100
cg18149227	12	13	85
cg18149227	15	16	50
cg18149227	17	18	78.5714285714286
cg18149227	20	21	75
cg18153575	1	2	100
cg18153575	2	3	100
cg18153575	29	30	100
cg18221275	64	65	100
cg18221275	66	67	100
cg18221275	67	68	0
cg18221275	73	74	100
cg18221275	74	75	100
cg18221275	76	77	100
cg18271715	27	28	0
cg18271715	29	30	0
cg18271715	35	36	0
cg18278083	29	30	100
cg18278083	31	32	100
cg18278083	35	36	0
cg18278083	44	45	50
cg18278083	71	72	0
cg18278971	0	1	100
cg18278971	1	2	0
cg18278971	2	3	0
cg18278971	4	5	0
cg18278971	27	28	0
cg18278971	37	38	100
cg18278971	46	47	100
cg18278971	66	67	100
cg18306254	4	5	50
cg18306254	5	6	100
cg18306254	6	7	66.6666666666667
cg18306254	8	9	50
cg18306254	9	10	66.6666666666667
cg18306254	13	14	100
cg18306254	15	16	75
cg18306254	17	18	66.6666666666667
cg18306254	22	23	100
cg18306254	24	25	100
cg18306254	31	32	83.3333333333333
cg18488855	25	26	0
cg18488855	31	32	0
cg18532887	46	47	100
cg18532887	54	55	100
cg18532887	58	59	33.3333333333333
cg18532887	60	61	100
cg18560297	43	44	0
cg18560297	51	52	100
cg18560297	53	54	50
cg18629679	6	7	0
cg18629679	14	15	100
cg18629679	71	72	100
cg18629679	73	74	100
cg18659931	60	61	0
cg18659931	63	64	100
cg18659931	65	66	100
cg18659931	68	69	100
cg18659931	70	71	100
cg18678822	33	34	0
cg18678822	37	38	0
cg18678822	54	55	0
cg18678822	55	56	100
cg18678822	57	58	100
cg18678822	59	60	0
cg18809102	30	31	100
cg18809102	34	35	100
cg18809102	58	59	100
cg18809102	68	69	100
cg18809102	69	70	0
cg18815657	40	41	100
cg18815657	42	43	79.4117647058823
cg18815657	47	48	18.3673469387755
cg18815657	49	50	92
cg18815657	51	52	100
cg18815657	52	53	93.6170212765958
cg18815657	57	58	31.25
cg18821963	5	6	0
cg18821963	53	54	0
cg18849004	19	20	100
cg18849004	26	27	100
cg18919816	39	40	0
cg18919816	43	44	100
cg18919816	44	45	100
cg18919816	45	46	100
cg18919816	49	50	100
cg18922837	27	28	100
cg18922837	32	33	100
cg18922837	34	35	100
cg18940406	70	71	100
cg18940406	73	74	0
cg19011483	4	5	100
cg19011483	10	11	50
cg19011483	11	12	100
cg19011483	25	26	50
cg19011483	35	36	100
cg19011483	41	42	100
cg19011483	43	44	100
cg19011483	44	45	100
cg19044063	38	39	100
cg19044063	39	40	100
cg19044063	40	41	100
cg19044063	41	42	100
cg19044063	42	43	100
cg19044063	44	45	100
cg19044063	46	47	100
cg19044063	47	48	100
cg19050854	7	8	100
cg19050854	12	13	100
cg19050854	16	17	100
cg19050854	17	18	100
cg19050854	65	66	100
cg19050854	66	67	0
cg19050854	67	68	100
cg19050854	69	70	100
cg19050854	72	73	100
cg19117962	39	40	70.4918032786885
cg19117962	41	42	63.8297872340426
cg19117962	45	46	73.943661971831
cg19117962	47	48	63.75
cg19117962	49	50	64.1509433962264
cg19117962	51	52	75.7763975155279
cg19117962	53	54	78.343949044586
cg19117962	55	56	68.0851063829787
cg19117962	57	58	54.4776119402985
cg19117962	59	60	85.981308411215
cg19117962	61	62	73.3333333333333
cg19117962	63	64	75
cg19133511	41	42	100
cg19133511	42	43	100
cg19133511	43	44	50
cg19133511	47	48	0
cg19133511	48	49	0
cg19133511	53	54	100
cg19133511	54	55	100
cg19169532	42	43	100
cg19169532	47	48	100
cg19169532	49	50	100
cg19169532	51	52	100
cg19169532	54	55	100
cg19169532	55	56	50
cg19208044	6	7	100
cg19208044	31	32	100
cg19208044	34	35	0
cg19208044	36	37	100
cg19243613	7	8	33.3333333333333
cg19243613	11	12	100
cg19243613	28	29	100
cg19243613	30	31	100
cg19243613	31	32	100
cg19243613	67	68	100
cg19243613	69	70	66.6666666666667
cg19243613	74	75	50
cg19243613	76	77	33.3333333333333
cg19243613	77	78	50
cg19291109	17	18	100
cg19291109	23	24	66.6666666666667
cg19291109	25	26	75
cg19291109	29	30	50
cg19291109	33	34	100
cg19292353	38	39	0
cg19298873	50	51	100
cg19298873	51	52	0
cg19298873	54	55	100
cg19314788	20	21	0
cg19314788	21	22	100
cg19314788	23	24	0
cg19314788	26	27	0
cg19314788	55	56	0
cg19314788	56	57	100
cg19314788	57	58	100
cg19314788	63	64	83.3333333333333
cg19314788	65	66	66.6666666666667
cg19314788	72	73	66.6666666666667
cg19345073	29	30	0
cg19345073	31	32	0
cg19345073	35	36	0
cg19345073	38	39	0
cg19345073	63	64	0
cg19345073	64	65	100
cg19345073	65	66	0
cg19345073	67	68	0
cg19345073	69	70	0
cg19345073	71	72	0
cg19345073	72	73	0
cg19555331	11	12	100
cg19555331	15	16	50
cg19555331	29	30	0
cg19555331	30	31	0
cg19555331	65	66	100
cg19560915	28	29	50
cg19560915	30	31	50
cg19560915	54	55	0
cg19560915	56	57	100
cg19591642	59	60	100
cg19591642	60	61	0
cg19615998	6	7	100
cg19615998	8	9	100
cg19615998	10	11	100
cg19615998	11	12	100
cg19615998	13	14	100
cg19615998	14	15	100
cg19615998	18	19	0
cg19658834	5	6	0
cg19658834	8	9	100
cg19658834	11	12	100
cg19702779	16	17	60
cg19702779	20	21	100
cg19702779	66	67	0
cg19702779	68	69	100
cg19702779	71	72	100
cg19702779	72	73	100
cg19702779	74	75	0
cg19722977	71	72	0
cg19722977	72	73	100
cg19722977	74	75	0
cg19804266	46	47	100
cg19860820	46	47	100
cg19860820	47	48	0
cg19860820	49	50	80
cg19860820	51	52	83.3333333333333
cg19860820	53	54	90
cg19860820	55	56	90
cg19860820	56	57	90
cg19860820	62	63	100
cg19860820	64	65	100
cg19868479	35	36	100
cg19868479	37	38	100
cg19868479	38	39	100
cg19868479	41	42	33.3333333333333
cg19868479	44	45	66.6666666666667
cg19868479	45	46	33.3333333333333
cg19868479	46	47	66.6666666666667
cg19868479	48	49	100
cg19868479	64	65	100
cg19868479	65	66	0
cg19929340	34	35	0
cg19929340	36	37	0
cg19929340	45	46	0
cg19929340	51	52	0
cg19981759	9	10	100
cg19981759	13	14	100
cg19981759	15	16	0
cg19981759	16	17	0
cg19981759	18	19	100
cg19981759	19	20	100
cg19981759	74	75	100
cg19981759	79	80	100
cg20011459	19	20	0
cg20011459	24	25	0
cg20011459	33	34	0
cg20011459	34	35	100
cg20011459	36	37	100
cg20011459	37	38	0
cg20011459	72	73	100
cg20011459	73	74	100
cg20040459	11	12	100
cg20040459	39	40	100
cg20040459	44	45	0
cg20040459	49	50	100
cg20040459	52	53	100
cg20042949	44	45	0
cg20042949	65	66	0
cg20042949	66	67	0
cg20149183	34	35	0
cg20149183	36	37	100
cg20149183	37	38	0
cg20149183	38	39	100
cg20149183	64	65	0
cg20149183	66	67	0
cg20161627	5	6	100
cg20161627	7	8	100
cg20161627	8	9	100
cg20161627	11	12	0
cg20161627	12	13	100
cg20161627	49	50	100
cg20161627	50	51	100
cg20167583	11	12	100
cg20167583	15	16	77.7777777777778
cg20167583	17	18	54.5454545454545
cg20167583	18	19	63.6363636363636
cg20167583	20	21	50
cg20167583	22	23	61.5384615384615
cg20167583	26	27	71.4285714285714
cg20167583	29	30	100
cg20167583	31	32	100
cg20167583	33	34	80
cg20167583	34	35	80
cg20167583	56	57	75
cg20167583	60	61	66.6666666666667
cg20167583	62	63	66.6666666666667
cg20169907	9	10	100
cg20169907	60	61	0
cg20169907	64	65	50
cg20169907	66	67	50
cg20169907	69	70	100
cg20169907	71	72	50
cg20169907	72	73	0
cg20199880	37	38	100
cg20199880	38	39	100
cg20199880	41	42	100
cg20199880	42	43	100
cg20199880	47	48	100
cg20199880	48	49	100
cg20233387.1	17	18	100
cg20233387.1	22	23	100
cg20233387.1	25	26	0
cg20233387.1	48	49	100
cg20233387.1	49	50	33.3333333333333
cg20233387.1	51	52	33.3333333333333
cg20233387.1	53	54	66.6666666666667
cg20233387.1	58	59	50
cg20233387.1	61	62	50
cg20233387.1	70	71	100
cg20236179	5	6	100
cg20236179	6	7	0
cg20236179	9	10	100
cg20236179	11	12	100
cg20236179	14	15	100
cg20236179	16	17	100
cg20236179	17	18	100
cg20236179	18	19	0
cg20236179	20	21	100
cg20259148	44	45	100
cg20259148	55	56	100
cg20259148	56	57	100
cg20259148	60	61	100
cg20359134	8	9	100
cg20359134	10	11	100
cg20359134	15	16	100
cg20359134	20	21	0
cg20359134	21	22	100
cg20359134	22	23	0
cg20377527	57	58	100
cg20377527	60	61	100
cg20382445	24	25	0
cg20382445	25	26	100
cg20382445	26	27	0
cg20382445	50	51	0
cg20382445	53	54	100
cg20424596	36	37	100
cg20424596	38	39	100
cg20424596	39	40	0
cg20424596	51	52	100
cg20425337	17	18	100
cg20425337	18	19	100
cg20425337	26	27	50
cg20425337	49	50	50
cg20425337	50	51	50
cg20425337	52	53	100
cg20425337	56	57	100
cg20425337	58	59	100
cg20425337	59	60	50
cg20615601	22	23	100
cg20615601	46	47	50
cg20615601	47	48	100
cg20615601	55	56	66.6666666666667
cg20615601	56	57	75
cg20615601	57	58	75
cg20638025	43	44	100
cg20638025	44	45	100
cg20638025	48	49	100
cg20638025	49	50	100
cg20638025	50	51	100
cg20638025	51	52	83.3333333333333
cg20638025	55	56	0
cg20805191	4	5	50
cg20805191	5	6	100
cg20805191	14	15	100
cg20805191	15	16	33.3333333333333
cg20821442	13	14	100
cg20821442	14	15	100
cg20821442	15	16	100
cg20821442	17	18	0
cg20821442	19	20	100
cg20821442	23	24	100
cg20821442	33	34	50
cg20821442	35	36	50
cg20821442	39	40	50
cg20821442	40	41	100
cg20821442	51	52	0
cg20826688	5	6	100
cg20826688	9	10	100
cg20826688	11	12	66.6666666666667
cg20826688	66	67	100
cg20826688	69	70	100
cg20829742	12	13	0
cg20829742	19	20	0
cg20829742	24	25	0
cg20829742	60	61	100
cg20829742	67	68	100
cg20872072	9	10	71.4285714285714
cg20872072	12	13	50
cg20872072	13	14	87.5
cg20872072	15	16	82.3529411764706
cg20872072	18	19	68.4210526315789
cg20872072	19	20	73.6842105263158
cg20872072	21	22	52.6315789473684
cg20872072	22	23	73.6842105263158
cg20872072	27	28	75
cg20872072	28	29	87.5
cg20872072	30	31	100
cg20872072	37	38	100
cg20872072	39	40	100
cg20872072	42	43	66.6666666666667
cg20872072	43	44	66.6666666666667
cg20872072	45	46	100
cg20872072	67	68	0
cg20928267	63	64	0
cg20928267	64	65	0
cg20928267	67	68	100
cg20928267	71	72	0
cg20928267	73	74	0
cg20928267	75	76	0
cg20928267	76	77	0
cg21027178	55	56	0
cg21027178	56	57	0
cg21027178	58	59	0
cg21067017	37	38	100
cg21067017	38	39	0
cg21067017	41	42	100
cg21067017	67	68	100
cg21067017	68	69	100
cg21097283	9	10	100
cg21097283	16	17	100
cg21097283	17	18	0
cg21097283	24	25	0
cg21097283	36	37	70
cg21097283	46	47	75
cg21097283	58	59	66.6666666666667
cg21097283	62	63	50
cg21097283	75	76	100
cg21097283	77	78	100
cg21155517	9	10	100
cg21155517	10	11	100
cg21155517	12	13	100
cg21155517	41	42	100
cg21155517	44	45	100
cg21155517	45	46	100
cg21166964	24	25	66.6666666666667
cg21166964	30	31	66.6666666666667
cg21166964	39	40	100
cg21166964	40	41	100
cg21177673	22	23	50
cg21177673	23	24	66.6666666666667
cg21177673	24	25	66.6666666666667
cg21177673	28	29	0
cg21177673	34	35	50
cg21177673	36	37	50
cg21177673	39	40	100
cg21177673	45	46	100
cg21177673	46	47	90
cg21177673	50	51	100
cg21177673	54	55	62.5
cg21177673	57	58	100
cg21177673	59	60	100
cg21177673	60	61	100
cg21181292	41	42	0
cg21181292	45	46	0
cg21181292	46	47	0
cg21181292	47	48	0
cg21181292	49	50	0
cg21314020	2	3	100
cg21314020	14	15	50
cg21314020	18	19	100
cg21314020	19	20	100
cg21314020	32	33	0
cg21314020	33	34	100
cg21314020	44	45	0
cg21314020	45	46	100
cg21314020	47	48	100
cg21314020	66	67	100
cg21314020	70	71	100
cg21314020	76	77	100
cg21333598	20	21	100
cg21333598	38	39	100
cg21333598	40	41	50
cg21333598	42	43	50
cg21333598	43	44	0
cg21333598	48	49	0
cg21333598	49	50	0
cg21489919	33	34	0
cg21489919	34	35	100
cg21489919	35	36	0
cg21489919	36	37	0
cg21489919	38	39	0
cg21489919	39	40	0
cg21489919	42	43	100
cg21520769	13	14	0
cg21520769	14	15	100
cg21520769	16	17	50
cg21520769	18	19	100
cg21520769	20	21	100
cg21520769	53	54	100
cg21520769	59	60	100
cg21520769	60	61	100
cg21520769	62	63	100
cg21532698	38	39	0
cg21532698	40	41	0
cg21532698	41	42	0
cg21532698	46	47	50
cg21538469	14	15	100
cg21538469	16	17	0
cg21538469	25	26	100
cg21538469	45	46	0
cg21538469	46	47	0
cg21538469	47	48	100
cg21542900	5	6	100
cg21542900	13	14	100
cg21542900	14	15	100
cg21542900	61	62	100
cg21542900	62	63	0
cg21542900	64	65	0
cg21542900	66	67	0
cg21542900	75	76	0
cg21576760	13	14	100
cg21576760	15	16	0
cg21576760	48	49	100
cg21576760	49	50	0
cg21576760	53	54	100
cg21576760	56	57	100
cg21576760	58	59	100
cg21639837	37	38	100
cg21639837	43	44	100
cg21639837	46	47	100
cg21639837	48	49	100
cg21639837	58	59	0
cg21639837	59	60	100
cg21654796	35	36	100
cg21654796	49	50	100
cg21654796	50	51	100
cg21654796	51	52	100
cg21654796	55	56	0
cg21654796	59	60	100
cg21654796	60	61	100
cg21664322	24	25	100
cg21664322	29	30	100
cg21664322	35	36	100
cg21664322	36	37	100
cg21664322	46	47	100
cg21664322	65	66	33.3333333333333
cg21668347	59	60	100
cg21668347	62	63	100
cg21668347	63	64	0
cg21668347	66	67	0
cg21668347	69	70	100
cg21668347	70	71	50
cg21668347	72	73	100
cg21668347	75	76	100
cg21684886	26	27	0
cg21684886	28	29	0
cg21684886	44	45	0
cg21684886	45	46	100
cg21684886	48	49	100
cg21684886	49	50	100
cg21684886	58	59	100
cg21714079	34	35	0
cg21714079	37	38	100
cg21797039	8	9	100
cg21797039	10	11	66.6666666666667
cg21797039	11	12	66.6666666666667
cg21797039	52	53	100
cg21797039	53	54	100
cg21801378	63	64	0
cg21801378	74	75	0
cg21820842	24	25	100
cg21820842	25	26	0
cg21820842	71	72	0
cg21820842	74	75	0
cg21836885	44	45	77.7777777777778
cg21836885	45	46	0
cg21836885	50	51	76.5217391304348
cg21836885	52	53	77.8571428571429
cg21836885	54	55	66.1654135338346
cg21836885	58	59	70.2479338842975
cg21836885	59	60	68.6440677966102
cg21836885	60	61	62.6086956521739
cg21836885	64	65	71.2962962962963
cg21836885	65	66	75.2380952380952
cg21836885	67	68	69.1489361702128
cg21836885	68	69	70.1149425287356
cg21836885	75	76	71.4285714285714
cg21836885	76	77	100
cg21836885	77	78	100
cg21849844	49	50	0
cg21849844	57	58	100
cg21881832	15	16	100
cg21881832	20	21	100
cg21881832	26	27	80
cg21881832	27	28	100
cg21881832	28	29	100
cg21881832	38	39	100
cg21881832	55	56	100
cg21881832	56	57	100
cg21881832	58	59	66.6666666666667
cg21973311	41	42	0
cg21973311	43	44	50
cg21973311	45	46	100
cg21973311	46	47	0
cg22029297	16	17	60
cg22029297	18	19	88.8888888888889
cg22029297	21	22	82.3529411764706
cg22029297	22	23	78.9473684210526
cg22029297	27	28	85.7142857142857
cg22029297	29	30	61.5384615384615
cg22029297	30	31	84.6153846153846
cg22029297	31	32	58.3333333333333
cg22031066	17	18	100
cg22031066	20	21	50
cg22031066	23	24	100
cg22031066	24	25	50
cg22031066	62	63	100
cg22069272	32	33	100
cg22069272	34	35	100
cg22069272	36	37	37.5
cg22069272	38	39	100
cg22069272	39	40	90
cg22069272	40	41	90
cg22069272	42	43	87.5
cg22069272	45	46	83.3333333333333
cg22069272	46	47	50
cg22070406	18	19	100
cg22070406	20	21	75
cg22070406	24	25	80
cg22070406	25	26	50
cg22070406	32	33	100
cg22070406	67	68	100
cg22078760	16	17	0
cg22078760	17	18	0
cg22078760	22	23	0
cg22078760	25	26	100
cg22078760	32	33	0
cg22078760	35	36	100
cg22078760	37	38	100
cg22078760	52	53	100
cg22078760	56	57	0
cg22078760	69	70	0
cg22078760	70	71	100
cg22097199	50	51	100
cg22097199	53	54	100
cg22097199	55	56	100
cg22097199	61	62	100
cg22290035	4	5	0
cg22290035	12	13	0
cg22290035	13	14	0
cg22316499	19	20	83.3333333333333
cg22316499	21	22	53.8461538461538
cg22316499	23	24	81.25
cg22316499	25	26	42.1052631578947
cg22320967	9	10	100
cg22320967	26	27	0
cg22320967	27	28	100
cg22320967	32	33	85.7142857142857
cg22320967	41	42	90
cg22320967	43	44	90.9090909090909
cg22320967	45	46	80
cg22320967	48	49	88.8888888888889
cg22320967	58	59	50
cg22409694	32	33	100
cg22409694	33	34	100
cg22409694	64	65	0
cg22409694	67	68	0
cg22409694	69	70	100
cg22409694	71	72	100
cg22409694	72	73	100
cg22472903	31	32	0
cg22472903	32	33	0
cg22472903	33	34	0
cg22472903	34	35	100
cg22472903	53	54	100
cg22472903	54	55	100
cg22527167	54	55	0
cg22527167	61	62	0
cg22527167	62	63	100
cg22527167	63	64	0
cg22529808	10	11	0
cg22529808	14	15	0
cg22529808	15	16	0
cg22529808	16	17	100
cg22529808	22	23	0
cg22529808	24	25	100
cg22529808	25	26	100
cg22543683	28	29	0
cg22543683	32	33	0
cg22724078	5	6	100
cg22724078	7	8	100
cg22724078	8	9	0
cg22724078	31	32	100
cg22724078	37	38	0
cg22724078	43	44	100
cg22724078	45	46	100
cg22724078	55	56	0
cg22724078	59	60	50
cg22724078	61	62	50
cg22724078	64	65	100
cg22724078	68	69	100
cg22728816	21	22	0
cg22728816	22	23	100
cg22728816	26	27	0
cg22728816	52	53	0
cg22728816	53	54	0
cg22950745	27	28	0
cg22950745	28	29	0
cg22950745	48	49	0
cg22950745	51	52	100
cg22950745	54	55	0
cg22950745	55	56	0
cg22961850	14	15	0
cg22993731	11	12	100
cg22993731	16	17	66.6666666666667
cg22993731	17	18	100
cg22993731	23	24	100
cg22993731	24	25	100
cg22993731	57	58	0
cg22993731	59	60	100
cg23004138	1	2	100
cg23004138	5	6	100
cg23004138	6	7	100
cg23004138	9	10	100
cg23004138	61	62	100
cg23004138	62	63	100
cg23004138	64	65	100
cg23004138	65	66	100
cg23015165	40	41	0
cg23015165	44	45	100
cg23015165	62	63	100
cg23015165	63	64	100
cg23015165	64	65	0
cg23037611	55	56	100
cg23037611	57	58	0
cg23037611	58	59	100
cg23037611	60	61	50
cg23055029	40	41	100
cg23076498	2	3	100
cg23076498	4	5	0
cg23076498	6	7	100
cg23076498	7	8	100
cg23076498	9	10	100
cg23076498	11	12	66.6666666666667
cg23076498	13	14	100
cg23076498	17	18	100
cg23076498	18	19	0
cg23076498	26	27	100
cg23091488	6	7	100
cg23091488	8	9	0
cg23091488	16	17	0
cg23091488	17	18	0
cg23091488	32	33	0
cg23091488	33	34	100
cg23091488	34	35	0
cg23091488	38	39	0
cg23091488	39	40	100
cg23091488	60	61	100
cg23091488	61	62	0
cg23091488	63	64	100
cg23091488	64	65	100
cg23110082	3	4	0
cg23110082	33	34	0
cg23110082	34	35	0
cg23110082	35	36	0
cg23146472	1	2	0
cg23146472	3	4	100
cg23146472	5	6	0
cg23146472	7	8	100
cg23146472	8	9	100
cg23146472	10	11	100
cg23146472	11	12	100
cg23146472	23	24	100
cg23146472	28	29	100
cg23146472	29	30	100
cg23146472	55	56	0
cg23146472	59	60	50
cg23146472	61	62	72.7272727272727
cg23146472	62	63	66.6666666666667
cg23146472	63	64	69.2307692307692
cg23146472	64	65	71.4285714285714
cg23146472	66	67	56.25
cg23146472	67	68	58.8235294117647
cg23146472	68	69	64.7058823529412
cg23146472	69	70	70.5882352941177
cg23146472	70	71	64.7058823529412
cg23146472	72	73	63.6363636363636
cg23146472	74	75	62.5
cg23146717	39	40	100
cg23146717	43	44	100
cg23197154	31	32	0
cg23197154	57	58	0
cg23197154	58	59	0
cg23197154	63	64	50
cg23197154	66	67	100
cg23252799	48	49	100
cg23281380	8	9	100
cg23281380	10	11	100
cg23281380	22	23	100
cg23281380	41	42	100
cg23302461	7	8	0
cg23302461	8	9	0
cg23423113	15	16	100
cg23423113	16	17	100
cg23423113	19	20	100
cg23423113	22	23	50
cg23423113	26	27	100
cg23423113	52	53	0
cg23423113	55	56	100
cg23423113	56	57	100
cg23423113	57	58	50
cg23423113	58	59	50
cg23423113	61	62	100
cg23626248	38	39	0
cg23778391	0	1	100
cg23778391	1	2	50
cg23778391	7	8	100
cg23778391	15	16	100
cg23778391	16	17	100
cg23778391	33	34	100
cg23778391	35	36	100
cg23778391	40	41	76.4705882352941
cg23778391	41	42	77.7777777777778
cg23778391	42	43	78.9473684210526
cg23778391	51	52	68.4210526315789
cg23778391	52	53	87.5
cg23778391	53	54	71.4285714285714
cg23778391	67	68	0
cg23793099	13	14	0
cg23793099	63	64	0
cg23826041	24	25	0
cg23826041	25	26	0
cg23826041	27	28	0
cg23826041	28	29	100
cg23829949	5	6	100
cg23829949	7	8	100
cg23829949	11	12	66.6666666666667
cg23829949	14	15	100
cg23829949	17	18	100
cg23829949	19	20	66.6666666666667
cg23829949	20	21	66.6666666666667
cg23829949	22	23	66.6666666666667
cg23829949	27	28	100
cg23829949	47	48	0
cg23829949	55	56	75
cg23829949	56	57	25
cg23845691	9	10	0
cg23845691	46	47	100
cg23845691	48	49	100
cg23845691	49	50	0
cg23845691	50	51	0
cg23869573	35	36	100
cg23869573	38	39	100
cg23869573	40	41	0
cg23869573	41	42	100
cg23869573	42	43	100
cg23869573	69	70	100
cg23993631	12	13	100
cg23993631	15	16	100
cg24018680	13	14	100
cg24018680	31	32	100
cg24018680	32	33	100
cg24018680	33	34	100
cg24018680	40	41	0
cg24018680	41	42	100
cg24023187	49	50	100
cg24023187	53	54	100
cg24023187	55	56	100
cg24113826	20	21	100
cg24113826	21	22	100
cg24113826	52	53	100
cg24113826	56	57	0
cg24124633	9	10	100
cg24124633	10	11	100
cg24124633	12	13	0
cg24124633	47	48	0
cg24124633	49	50	0
cg24178740	29	30	50
cg24178740	31	32	100
cg24178740	34	35	85.7142857142857
cg24178740	37	38	100
cg24178740	69	70	100
cg24178740	71	72	100
cg24178740	72	73	100
cg24178740	73	74	100
cg24178740	74	75	0
cg24178740	75	76	100
cg24178740	77	78	100
cg24178740	78	79	100
cg24178740	79	80	100
cg24181917	20	21	0
cg24181917	21	22	0
cg24181917	51	52	0
cg24240262	35	36	50
cg24240262	66	67	100
cg24240262	70	71	50
cg24255409	59	60	0
cg24255409	60	61	0
cg24265558	36	37	100
cg24265558	44	45	100
cg24265558	45	46	0
cg24265558	48	49	0
cg24265558	49	50	0
cg24310367	33	34	0
cg24310367	34	35	0
cg24310367	53	54	0
cg24310367	54	55	0
cg24444575	11	12	0
cg24444575	19	20	0
cg24458752	40	41	100
cg24458752	65	66	100
cg24587040	8	9	0
cg24587040	13	14	0
cg24587040	15	16	0
cg24587040	30	31	0
cg24587040	36	37	0
cg24587040	37	38	0
cg24596418	38	39	0
cg24596418	47	48	0
cg24596418	56	57	0
cg24596418	57	58	0
cg24642372	11	12	100
cg24642372	12	13	100
cg24642372	41	42	0
cg24642372	47	48	0
cg24677671	34	35	100
cg24677671	35	36	100
cg24677671	36	37	100
cg24677671	59	60	100
cg24677671	61	62	100
cg24724167	23	24	0
cg24724167	29	30	100
cg24724167	31	32	0
cg24746619	2	3	100
cg24746619	4	5	0
cg24746619	48	49	0
cg24746619	65	66	100
cg24799293	42	43	0
cg24840164	6	7	100
cg24840164	7	8	100
cg24840164	11	12	0
cg24840164	13	14	100
cg24840164	15	16	0
cg24840164	16	17	100
cg24840164	78	79	100
cg24866418	15	16	100
cg24866418	18	19	0
cg24866418	69	70	0
cg24866418	72	73	0
cg24866418	74	75	0
cg24900201	1	2	0
cg24900201	2	3	100
cg24900201	4	5	100
cg24900201	5	6	100
cg24900201	6	7	100
cg24900201	19	20	100
cg24900201	24	25	0
cg24900201	30	31	0
cg25020809	33	34	100
cg25020809	40	41	33.3333333333333
cg25020809	56	57	100
cg25020809	61	62	0
cg25165498	75	76	0
cg25165498	76	77	0
cg25211765	7	8	100
cg25211765	10	11	50
cg25211765	11	12	50
cg25211765	12	13	100
cg25211765	20	21	0
cg25211765	23	24	100
cg25211765	29	30	100
cg25211765	32	33	100
cg25226813	23	24	80
cg25226813	25	26	80
cg25226813	27	28	80
cg25226813	30	31	75
cg25226813	31	32	100
cg25226813	33	34	50
cg25226813	40	41	100
cg25226813	42	43	100
cg25226813	46	47	33.3333333333333
cg25226813	62	63	100
cg25226813	63	64	100
cg25226813	67	68	50
cg25226813	68	69	100
cg25269710	48	49	100
cg25269710	56	57	100
cg25269710	58	59	100
cg25269710	59	60	100
cg25269710	62	63	100
cg25332315	6	7	100
cg25332315	9	10	100
cg25332315	42	43	100
cg25332315	44	45	100
cg25379954	18	19	100
cg25379954	20	21	0
cg25379954	21	22	0
cg25394590	15	16	0
cg25394590	41	42	100
cg25394590	43	44	33.3333333333333
cg25398727	26	27	100
cg25398727	29	30	50
cg25398727	32	33	100
cg25398727	33	34	50
cg25398727	36	37	100
cg25398727	41	42	100
cg25398727	71	72	50
cg25398727	72	73	100
cg25398727	74	75	50
cg25398727	77	78	100
cg25398727	79	80	100
cg25400234	12	13	0
cg25430089	10	11	100
cg25430089	12	13	75
cg25430089	13	14	0
cg25430089	15	16	75
cg25430089	19	20	80
cg25430089	21	22	80
cg25430089	22	23	50
cg25430089	24	25	66.6666666666667
cg25430089	26	27	66.6666666666667
cg25642165	1	2	100
cg25642165	3	4	25
cg25642165	4	5	75
cg25642165	5	6	100
cg25642165	7	8	100
cg25642165	9	10	30
cg25642165	10	11	100
cg25642165	11	12	88.8888888888889
cg25642165	14	15	22.2222222222222
cg25642165	15	16	88.8888888888889
cg25642165	16	17	100
cg25642165	17	18	100
cg25642165	20	21	0
cg25731502	13	14	100
cg25731502	15	16	0
cg25731502	38	39	0
cg25731502	39	40	100
cg25731502	43	44	100
cg25731502	48	49	0
cg25731502	60	61	0
cg25731502	62	63	50
cg25731502	63	64	100
cg25731502	65	66	0
cg25731502	66	67	100
cg25731502	70	71	0
cg25731502	72	73	0
cg25731502	73	74	100
cg25732341	23	24	100
cg25732341	25	26	0
cg25732341	33	34	0
cg25732341	39	40	0
cg25732341	61	62	0
cg25732341	62	63	50
cg25732341	65	66	50
cg25732341	66	67	50
cg25732341	69	70	50
cg25743059	20	21	100
cg25743059	21	22	100
cg25743059	24	25	100
cg25743059	25	26	100
cg25743059	31	32	100
cg25743059	48	49	100
cg25743059	49	50	100
cg25773519	14	15	100
cg25773519	15	16	0
cg25773519	17	18	0
cg25773519	20	21	100
cg25773519	68	69	0
cg25773519	70	71	100
cg25773519	71	72	100
cg25773519	72	73	100
cg25773519	73	74	100
cg25831669	28	29	100
cg25831669	31	32	57.1428571428571
cg25831669	35	36	88.2352941176471
cg25831669	41	42	86.3636363636364
cg25831669	42	43	88.8888888888889
cg25831669	45	46	76.9230769230769
cg25831669	47	48	85.7142857142857
cg25831669	69	70	0
cg25831669	70	71	100
cg25943464	12	13	100
cg25943464	17	18	100
cg25943464	18	19	100
cg25943464	21	22	0
cg25943464	22	23	0
cg25943464	24	25	100
cg25943464	27	28	66.6666666666667
cg25943464	28	29	50
cg25943464	32	33	100
cg25943464	51	52	50
cg25966893	11	12	100
cg25966893	58	59	0
cg25974040	17	18	100
cg25974040	70	71	100
cg25974040	72	73	100
cg25974818	7	8	100
cg25974818	14	15	0
cg25974818	16	17	0
cg25974818	18	19	100
cg25974818	22	23	100
cg26062249	31	32	100
cg26062249	54	55	0
cg26062249	56	57	0
cg26062249	57	58	0
cg26062249	60	61	0
cg26109480	20	21	100
cg26109480	21	22	0
cg26109480	30	31	50
cg26109480	31	32	50
cg26109480	40	41	66.6666666666667
cg26109480	41	42	50
cg26109480	63	64	100
cg26154615	57	58	100
cg26154615	58	59	100
cg26154615	65	66	100
cg26154615	66	67	50
cg26155008	52	53	100
cg26155008	55	56	0
cg26155008	63	64	0
cg26155008	64	65	100
cg26155008	65	66	50
cg26155008	66	67	50
cg26155008	70	71	0
cg26155008	72	73	100
cg26192895	3	4	100
cg26192895	4	5	100
cg26192895	6	7	50
cg26192895	7	8	50
cg26192895	9	10	100
cg26192895	12	13	50
cg26192895	14	15	100
cg26192895	68	69	50
cg26192895	69	70	50
cg26192895	71	72	100
cg26192895	74	75	50
cg26192895	77	78	100
cg26226211	33	34	100
cg26226211	35	36	100
cg26226211	36	37	100
cg26226211	39	40	100
cg26226211	40	41	100
cg26226211	55	56	0
cg26258498	24	25	0
cg26258498	45	46	0
cg26291907	18	19	0
cg26291907	19	20	100
cg26291907	23	24	0
cg26313355	7	8	0
cg26313355	50	51	0
cg26352306	48	49	100
cg26352306	49	50	0
cg26352306	57	58	25
cg26352306	58	59	50
cg26411343	0	1	100
cg26411343	28	29	100
cg26411343	29	30	0
cg26411343	30	31	0
cg26438612	9	10	0
cg26438612	21	22	100
cg26438612	23	24	0
cg26438612	25	26	100
cg26438612	26	27	100
cg26438612	28	29	50
cg26438612	30	31	100
cg26438612	31	32	100
cg26452091	18	19	100
cg26452091	20	21	100
cg26452091	24	25	100
cg26452091	35	36	100
cg26452091	52	53	100
cg26452091	59	60	0
cg26457229	29	30	0
cg26457229	30	31	100
cg26457229	37	38	0
cg26457229	44	45	100
cg26457229	51	52	100
cg26457229	56	57	0
cg26491213	30	31	100
cg26491213	32	33	100
cg26491213	33	34	60
cg26491213	34	35	80
cg26491213	35	36	100
cg26491213	41	42	0
cg26491213	42	43	100
cg26495946	49	50	0
cg26495946	50	51	33.3333333333333
cg26495946	52	53	100
cg26495946	53	54	33.3333333333333
cg26495946	56	57	33.3333333333333
cg26495946	57	58	100
cg26495946	59	60	25
cg26507427	35	36	100
cg26507427	36	37	100
cg26507427	40	41	50
cg26507427	41	42	100
cg26507427	42	43	50
cg26507427	45	46	100
cg26511217	13	14	0
cg26511217	15	16	0
cg26511217	48	49	0
cg26512254	64	65	100
cg26512254	67	68	100
cg26512254	69	70	100
cg26512254	72	73	50
cg26512254	74	75	0
cg26530991	7	8	100
cg26530991	61	62	0
cg26538799	18	19	66.6666666666667
cg26538799	19	20	66.6666666666667
cg26538799	25	26	100
cg26538799	26	27	100
cg26538799	60	61	100
cg26538799	61	62	100
cg26538799	66	67	50
cg26538799	69	70	100
cg26538799	71	72	100
cg26556400	9	10	100
cg26556400	70	71	0
cg26556400	72	73	100
cg26566168	57	58	0
cg26566168	58	59	100
cg26566168	60	61	100
cg26566168	61	62	100
cg26566168	63	64	50
cg26566168	65	66	0
cg26566168	68	69	100
cg26566168	69	70	100
cg26566168	70	71	0
cg26581639	19	20	100
cg26581639	22	23	50
cg26581639	23	24	100
cg26581639	24	25	100
cg26581639	27	28	100
cg26581639	40	41	50
cg26581639	42	43	100
cg26581639	49	50	60
cg26581639	50	51	66.6666666666667
cg26581639	51	52	33.3333333333333
cg26581639	57	58	100
cg26581639	71	72	100
cg26631126	31	32	0
cg26631126	35	36	0
cg26631126	36	37	100
cg26631126	38	39	0
cg26631126	39	40	0
cg26830742	33	34	50
cg26830742	39	40	100
cg26927472	44	45	100
cg26927472	47	48	100
cg26927472	49	50	88.8888888888889
cg26927472	55	56	85.7142857142857
cg27009703	67	68	0
cg27009703	68	69	0
cg27009703	70	71	0
cg27088374	6	7	100
cg27088374	7	8	0
cg27088374	15	16	75
cg27088374	17	18	100
cg27088374	20	21	66.6666666666667
cg27088374	22	23	100
cg27088374	23	24	50
cg27088374	61	62	100
cg27088374	67	68	100
cg27101921	45	46	100
cg27101921	56	57	0
cg27146637	24	25	100
cg27146637	26	27	0
cg27146637	27	28	100
cg27146637	30	31	0
cg27146637	69	70	100
cg27149782	37	38	0
cg27149782	38	39	0
cg27159708	6	7	100
cg27159708	11	12	75
cg27159708	16	17	40
cg27159708	19	20	66.6666666666667
cg27159708	25	26	50
cg27159708	50	51	0
cg27159708	63	64	100
cg27159708	66	67	100
cg27159708	69	70	100
cg27159708	70	71	100
cg27181123	4	5	0
cg27196467	0	1	50
cg27196467	2	3	100
cg27196467	3	4	100
cg27196467	4	5	33.3333333333333
cg27196467	8	9	40
cg27196467	9	10	80
cg27196467	12	13	100
cg27196467	17	18	100
cg27201382	40	41	100
cg27201382	45	46	0
cg27201382	48	49	0
cg27201382	53	54	100
cg27255867	6	7	100
cg27255867	8	9	100
cg27255867	9	10	100
cg27255867	12	13	100
cg27255867	15	16	0
cg27255867	33	34	100
cg27255867	34	35	100
cg27255867	37	38	0
cg27255867	38	39	100
cg27425459	10	11	100
cg27425459	17	18	100
cg27425459	18	19	0
cg27454487	4	5	0
cg27454487	5	6	0
cg27454487	59	60	0
cg27514424	4	5	100
cg27514424	6	7	100
cg27514424	19	20	100
cg27514424	21	22	100
cg27514424	56	57	100
cg27562808	43	44	0
cg27562808	44	45	100
cg27562808	46	47	100
cg27562808	53	54	0
cg27582648	15	16	100
cg27582648	17	18	100
cg27582648	23	24	0
cg27582648	45	46	0
cg27590908	39	40	100
cg27590908	42	43	50
cg27590908	53	54	50
cg27605823	25	26	0
cg27605823	30	31	0
cg27626343	18	19	50
cg27626343	24	25	100
cg27626343	29	30	100
