track type=bedGraph
cg00141625	31	32	100
cg00401433	24	25	0
cg00546693	30	31	100
cg00612925	25	26	0
cg00929113	63	64	100
cg01027323	76	77	0
cg01099625	64	65	75
cg01594757	11	12	0
cg01915021	30	31	0
cg02334049	7	8	0
cg03260249	44	45	50
cg03265102	61	62	0
cg03674256	51	52	0
cg03724450	17	18	100
cg03938432	11	12	0
cg03938432	13	14	0
cg03938432	58	59	100
cg04124389	41	42	0
cg04168436	29	30	50
cg04504700	27	28	0
cg04504700	32	33	0
cg05121253	30	31	0
cg05847336	24	25	0
cg06292880	12	13	70
cg06723671	30	31	100
cg07694338	19	20	0
cg08074329	57	58	0
cg08629602	24	25	0
cg08629602	28	29	0
cg08629602	30	31	0
cg09817427	67	68	100
cg10324939	66	67	0
cg12593479	47	48	100
cg13151303	16	17	0
cg13163729	19	20	100
cg13230634	36	37	0
cg13702567	30	31	100
cg13766016	50	51	100
cg13800968	69	70	0
cg14140337	13	14	0
cg14140337	22	23	0
cg14415958	59	60	0
cg15566115	28	29	100
cg15566115	29	30	100
cg15846956	65	66	0
cg16102371	30	31	0
cg16524928	66	67	0
cg16534861	42	43	0
cg16534861	44	45	0
cg16675686	30	31	100
cg16736307	5	6	0
cg17426532	69	70	100
cg17609931	15	16	0
cg17609931	72	73	100
cg17609931	74	75	0
cg18284930	24	25	0
cg18284930	26	27	0
cg19050854	52	53	100
cg19117962	72	73	100
cg19291109	66	67	0
cg20006236	77	78	0
cg20312798	28	29	100
cg20469625	62	63	0
cg20718201	8	9	0
cg20872072	25	26	83.3333333333333
cg21028063	30	31	0
cg21028063	34	35	0
cg21097283	30	31	100
cg21503553	24	25	0
cg21684886	68	69	100
cg21820842	9	10	0
cg21836885	79	80	0
cg22044564	48	49	0
cg22044564	55	56	0
cg22044564	57	58	0
cg22320967	50	51	80
cg22724078	16	17	100
cg22724078	49	50	0
cg23146717	61	62	100
cg23195996	30	31	0
cg23582869	49	50	0
cg24746619	15	16	0
cg25148589	21	22	0
cg25226813	6	7	100
cg25322213	20	21	0
cg25402449	11	12	100
cg26291907	16	17	0
cg27121137	22	23	100
cg27181123	10	11	0
cg27582648	61	62	100
