track type=bedGraph
cg01047058	55	56	0
cg01099625	64	65	100
cg01594757	11	12	100
cg01901522	29	30	0
cg02040024	19	20	0
cg02161890	61	62	0
cg02379880	56	57	0
cg02894112	45	46	0
cg02894112	48	49	0
cg02898094	29	30	0
cg03144020	45	46	50
cg03338794	27	28	0
cg03338794	29	30	0
cg03724450	17	18	100
cg03909395	78	79	0
cg03972287	68	69	100
cg04087693	50	51	100
cg04348533	56	57	0
cg04583031	9	10	0
cg04688368	68	69	0
cg04688368	71	72	0
cg04688368	74	75	0
cg04688368	77	78	0
cg06023028	27	28	100
cg06292880	12	13	76.9230769230769
cg06363517	76	77	0
cg06610975	30	31	0
cg07094804	43	44	0
cg07299823	11	12	0
cg07336259	9	10	0
cg07383477	64	65	0
cg07933997	39	40	0
cg09682305	3	4	0
cg09682305	38	39	100
cg09789765	21	22	0
cg10414374	77	78	100
cg10427841	78	79	0
cg10775708	45	46	0
cg10788097	70	71	0
cg11025714	29	30	100
cg11584091	61	62	0
cg11700079	11	12	100
cg11700079	50	51	0
cg11700079	52	53	0
cg11819496	70	71	0
cg12046720	18	19	0
cg12241489	30	31	0
cg12335724	48	49	100
cg12335724	53	54	0
cg12338604	29	30	100
cg12646064	58	59	0
cg12798259	60	61	100
cg12799227	67	68	0
cg13288931	58	59	0
cg13288931	60	61	0
cg13349948	74	75	0
cg13660279	62	63	100
cg13732394	56	57	0
cg13732394	59	60	0
cg13837730	30	31	100
cg13837730	63	64	0
cg14334315	71	72	0
cg14660630	77	78	0
cg14890920	6	7	0
cg14973588	75	76	0
cg15221079	48	49	100
cg15823859	28	29	100
cg15988120	22	23	100
cg16188689	9	10	0
cg16550733	52	53	100
cg16862911	67	68	0
cg17426532	69	70	100
cg17644722	9	10	0
cg17644722	74	75	0
cg17711361	8	9	50
cg18968947	18	19	0
cg19011483	57	58	0
cg19314788	18	19	0
cg20568292	71	72	100
cg20843173	55	56	0
cg20872072	3	4	0
cg20872072	25	26	50
cg20960545	17	18	100
cg21097283	30	31	100
cg21115959	8	9	100
cg21187101	47	48	100
cg21187101	59	60	100
cg21258436	63	64	0
cg21836885	79	80	100
cg21973311	13	14	0
cg22320967	50	51	100
cg23091488	57	58	100
cg23778391	62	63	0
cg24082948	21	22	0
cg24117712	17	18	0
cg24117712	30	31	0
cg24181917	46	47	0
cg24184266	20	21	100
cg24184266	28	29	100
cg24226527	17	18	0
cg24653257	29	30	0
cg24713149	45	46	100
cg24717141	63	64	0
cg25273233	28	29	0
cg25831669	26	27	100
cg25878799	30	31	0
cg25943464	70	71	0
cg26718996	69	70	0
cg26830742	30	31	100
cg27121137	33	34	0
cg27121137	36	37	0
cg27149782	11	12	100
cg27455566	10	11	0
cg27639460	59	60	0
