track type=bedGraph
cg00367518	58	59	0
cg00367518	61	62	0
cg00820579	11	12	0
cg01027323	18	19	100
cg01099625	19	20	100
cg01105418	36	37	0
cg01105418	60	61	100
cg01134518	50	51	100
cg01227361	43	44	100
cg01522923	22	23	100
cg01915021	43	44	100
cg01992907	59	60	100
cg02153512	16	17	100
cg02343568	10	11	100
cg02486904	23	24	100
cg02540142	49	50	100
cg02737031	25	26	0
cg02905739	59	60	0
cg02905739	64	65	0
cg03077729	74	75	100
cg03144020	72	73	0
cg03218689	5	6	100
cg03218689	23	24	100
cg03218689	58	59	100
cg03218689	62	63	0
cg03597491	45	46	100
cg03639871	20	21	0
cg03639871	49	50	0
cg03847707	39	40	100
cg03938432	25	26	100
cg03938432	59	60	100
cg04087693	28	29	0
cg04428702	15	16	0
cg04590323	37	38	0
cg04688368	62	63	0
cg04804914	46	47	0
cg04804914	50	51	0
cg04804914	64	65	100
cg04863645	17	18	100
cg04878542	31	32	0
cg04951214	31	32	100
cg05260361	33	34	100
cg05273495	51	52	0
cg05305327	18	19	0
cg05497416	50	51	100
cg05562063	33	34	0
cg05575054	20	21	0
cg05575054	23	24	0
cg05698015	46	47	100
cg05764166	59	60	100
cg05886164	42	43	0
cg06023028	28	29	100
cg06360155	13	14	100
cg06360155	65	66	100
cg06363517	24	25	100
cg06392318	3	4	0
cg06392318	31	32	50
cg06429021	20	21	100
cg06633079	42	43	0
cg06813117	58	59	100
cg07171305	58	59	83.3333333333333
cg07171305	79	80	0
cg07254032	31	32	100
cg07254032	45	46	66.6666666666667
cg07254032	71	72	100
cg07299823	34	35	0
cg07648871	47	48	0
cg07648871	63	64	0
cg07676047	26	27	0
cg07684203	33	34	100
cg08194812	48	49	100
cg08566450	43	44	100
cg09026530	70	71	0
cg09097835	28	29	0
cg09103452	58	59	0
cg09105275	19	20	0
cg09182475	53	54	100
cg09452015	25	26	0
cg09682305	37	38	100
cg09692427	57	58	0
cg09699229	62	63	100
cg09731012	75	76	0
cg09817427	56	57	0
cg09817427	60	61	100
cg09945801	33	34	100
cg10024790	14	15	100
cg10118204	64	65	100
cg10125423	61	62	0
cg10131194	53	54	40
cg10182925	52	53	100
cg10324939	28	29	0
cg10503757	6	7	100
cg10503757	39	40	0
cg10604668	9	10	50
cg10604668	58	59	0
cg10873006	66	67	100
cg11058785	27	28	100
cg11156486	62	63	100
cg11352219	10	11	100
cg11352219	45	46	100
cg11410180	3	4	100
cg11728741	14	15	50
cg11728741	20	21	0
cg11812837	13	14	0
cg11848212	76	77	0
cg11899916	6	7	0
cg12046720	36	37	0
cg12046720	50	51	100
cg12428624	15	16	0
cg12428624	19	20	0
cg12483516	61	62	0
cg12593479	45	46	100
cg12593479	48	49	100
cg12757011	40	41	100
cg12927674	13	14	100
cg12986671	9	10	0
cg12986671	16	17	0
cg13143654	33	34	100
cg13143654	51	52	100
cg13145648	67	68	100
cg13400013	38	39	0
cg13604683	55	56	100
cg13702567	49	50	100
cg13834844	35	36	100
cg13971339	8	9	0
cg13971339	11	12	0
cg13971339	14	15	0
cg14012997	71	72	100
cg14311946	41	42	100
cg14360629	26	27	76.6666666666667
cg14361875	27	28	0
cg14977462	59	60	0
cg15075184	9	10	100
cg15555425	62	63	0
cg15823859	29	30	50
cg15823859	33	34	100
cg16264705	14	15	0
cg16456408	39	40	0
cg16456408	75	76	0
cg16595936	58	59	100
cg16606195	41	42	66.6666666666667
cg16625559	32	33	0
cg16658659	18	19	0
cg16658659	29	30	0
cg16744551	28	29	100
cg16873877	72	73	100
cg17137627	55	56	100
cg17212850	48	49	0
cg17548032	58	59	100
cg17820491	68	69	100
cg18306254	18	19	100
cg18306254	36	37	100
cg18743610	22	23	100
cg18743610	47	48	100
cg18760617	46	47	0
cg18815657	58	59	85.7142857142857
cg19117962	35	36	94.1176470588235
cg19133511	44	45	100
cg19291109	4	5	0
cg19936176	29	30	0
cg19936176	32	33	100
cg19982295	72	73	0
cg20011459	44	45	100
cg20149183	33	34	100
cg20167583	35	36	91.6666666666667
cg20192941	71	72	100
cg20233387.1	26	27	100
cg20268522	25	26	100
cg20425337	62	63	100
cg20508712	15	16	0
cg20627844	68	69	100
cg20638025	42	43	50
cg20805191	18	19	100
cg20821442	64	65	100
cg20872072	5	6	0
cg20872072	24	25	71.4285714285714
cg20872072	47	48	66.6666666666667
cg20925142	11	12	100
cg20925142	50	51	0
cg21177673	21	22	0
cg21177673	31	32	100
cg21294440	44	45	100
cg21333598	45	46	100
cg21419180	20	21	100
cg21516079	20	21	0
cg21639837	65	66	100
cg21684886	14	15	100
cg22069272	48	49	25
cg22290035	59	60	100
cg22290035	70	71	0
cg22320967	23	24	0
cg23001333	25	26	100
cg23001333	39	40	50
cg23001333	75	76	100
cg23091488	58	59	100
cg23146472	56	57	100
cg23146717	46	47	0
cg23449696	61	62	0
cg23449696	73	74	100
cg23575948	59	60	0
cg23575948	66	67	100
cg23575948	69	70	0
cg23575948	72	73	0
cg23758053	58	59	100
cg23829949	30	31	0
cg24082948	11	12	100
cg24178740	18	19	100
cg24178740	40	41	100
cg24226527	54	55	100
cg24255409	62	63	100
cg24717141	70	71	100
cg24822649	35	36	100
cg25001128	54	55	100
cg25073174	29	30	0
cg25226813	72	73	100
cg25248596	76	77	100
cg25322213	25	26	0
cg25379954	29	30	0
cg25398727	25	26	100
cg25402449	68	69	0
cg25430089	9	10	100
cg25743059	34	35	100
cg25773519	66	67	100
cg25957641	29	30	0
cg26155008	7	8	100
cg26495946	63	64	100
cg26530991	14	15	50
cg26631126	51	52	0
cg26631126	55	56	0
cg26631126	74	75	100
cg27159708	40	41	0
cg27257879	29	30	0
