track type=bedGraph
cg00027863	29	30	100
cg00027863	32	33	100
cg00029553	59	60	100
cg00330845	14	15	0
cg00370791	20	21	0
cg00384342	66	67	0
cg00777340	43	44	0
cg00820579	29	30	0
cg00820579	30	31	100
cg01008025	27	28	0
cg01008025	29	30	0
cg01134518	34	35	0
cg01134518	67	68	0
cg01145031	5	6	0
cg01145031	29	30	0
cg01650941	21	22	100
cg01733991	53	54	0
cg01831882	30	31	0
cg01831882	53	54	0
cg01831882	56	57	0
cg01831882	58	59	0
cg01846532	24	25	0
cg01846532	25	26	0
cg01846532	58	59	100
cg01846532	70	71	0
cg02040823	30	31	0
cg02040823	68	69	0
cg02040823	69	70	50
cg02153665	30	31	0
cg02193885	78	79	0
cg02219744	27	28	100
cg02244090	27	28	0
cg02244090	47	48	0
cg02244090	70	71	0
cg02246955	53	54	0
cg02321644	24	25	0
cg02343568	8	9	50
cg02351382	52	53	0
cg02389125	19	20	0
cg02389125	24	25	0
cg02389125	30	31	0
cg02389125	56	57	0
cg02582875	25	26	0
cg02582875	50	51	0
cg02602455	46	47	0
cg02724885	65	66	0
cg02724885	78	79	0
cg02762509	16	17	0
cg02762509	22	23	0
cg02762509	50	51	0
cg02762509	56	57	0
cg02762509	69	70	0
cg02873524	26	27	0
cg02873524	47	48	0
cg02873524	64	65	0
cg02873524	67	68	0
cg02873524	69	70	0
cg02968414	61	62	100
cg03094159	14	15	0
cg03133310	49	50	0
cg03133310	59	60	0
cg03144020	27	28	0
cg03187378	39	40	0
cg03295417	58	59	0
cg03555227	51	52	0
cg03555227	58	59	0
cg03555227	61	62	0
cg03557129	34	35	0
cg03557129	51	52	0
cg03557129	53	54	0
cg03557129	63	64	0
cg03557129	65	66	0
cg03571891	21	22	100
cg03571891	75	76	0
cg03571891	78	79	0
cg03697136	77	78	50
cg03795776	12	13	0
cg03795776	16	17	0
cg03795776	73	74	0
cg03837769	39	40	50
cg03837769	57	58	100
cg03960951	7	8	0
cg04016956	15	16	0
cg04016956	29	30	0
cg04025518	43	44	0
cg04025518	67	68	0
cg04071434	32	33	0
cg04071434	39	40	50
cg04071434	62	63	0
cg04428702	23	24	0
cg04428702	26	27	100
cg04449703	50	51	0
cg04556126	3	4	0
cg04556126	28	29	100
cg04567783	29	30	0
cg04583031	9	10	50
cg04583031	20	21	0
cg04583031	27	28	0
cg04583031	34	35	0
cg04583031	62	63	0
cg04583031	67	68	0
cg04583031	69	70	0
cg04595593	74	75	0
cg04735310	28	29	0
cg04735310	50	51	0
cg04735310	69	70	0
cg04759874	12	13	100
cg04759874	20	21	0
cg04891368	60	61	0
cg04891368	77	78	0
cg04956792	69	70	0
cg05010579	21	22	0
cg05060618	29	30	0
cg05119060	12	13	0
cg05119060	13	14	0
cg05119060	14	15	0
cg05119060	15	16	0
cg05119060	44	45	0
cg05119060	71	72	0
cg05119060	72	73	0
cg05119060	73	74	0
cg05119060	74	75	0
cg05121253	30	31	100
cg05130731	16	17	0
cg05130731	27	28	0
cg05173279	73	74	100
cg05229784	4	5	100
cg05229784	11	12	0
cg05229784	25	26	0
cg05229784	30	31	0
cg05229784	43	44	0
cg05229784	48	49	100
cg05229784	64	65	0
cg05305327	55	56	0
cg05372644	29	30	0
cg05372644	30	31	0
cg05372644	49	50	100
cg05372644	50	51	50
cg05372644	55	56	0
cg05406154	13	14	0
cg05406154	19	20	0
cg05406154	23	24	0
cg05406154	27	28	0
cg05406154	30	31	0
cg05406154	37	38	0
cg05406154	45	46	0
cg05407325	30	31	0
cg05434345	45	46	0
cg05575054	11	12	0
cg05642042	29	30	0
cg05660816	53	54	0
cg05730460	60	61	100
cg05765439	64	65	100
cg05847336	48	49	100
cg05884078	27	28	0
cg05884078	30	31	0
cg05907933	39	40	0
cg06115225	44	45	0
cg06115225	53	54	0
cg06115225	56	57	0
cg06292880	8	9	0
cg06360155	53	54	0
cg06360155	64	65	0
cg06414149	12	13	0
cg06414149	29	30	0
cg06414149	37	38	0
cg06414149	63	64	0
cg06429021	19	20	0
cg06550953	30	31	0
cg06579027	68	69	50
cg06617495	30	31	0
cg06708132	29	30	50
cg06762071	13	14	0
cg06762071	50	51	0
cg06762071	77	78	0
cg06812724	15	16	0
cg06944510	24	25	0
cg07226063	74	75	100
cg07254032	29	30	0
cg07336259	10	11	0
cg07336259	22	23	100
cg07336259	28	29	50
cg07336259	50	51	0
cg07537139	9	10	0
cg07537139	10	11	0
cg07537139	28	29	0
cg07537139	29	30	0
cg07537139	55	56	0
cg07610132	67	68	0
cg07629125	15	16	100
cg07704742	41	42	0
cg07704742	50	51	0
cg07704742	57	58	0
cg07940754	29	30	0
cg08029175	33	34	0
cg08029175	38	39	0
cg08071998	52	53	50
cg08071998	67	68	0
cg08188894	33	34	0
cg08188894	43	44	0
cg08188894	58	59	0
cg08372705	8	9	100
cg08480303	71	72	0
cg08566450	29	30	0
cg08629602	8	9	0
cg08629602	18	19	0
cg08629602	24	25	0
cg08629602	28	29	0
cg08629602	30	31	0
cg08629602	53	54	0
cg08629602	59	60	0
cg08849105	17	18	0
cg08849105	32	33	50
cg08849105	68	69	0
cg08849105	71	72	0
cg08888677	45	46	0
cg08921975	20	21	0
cg08921975	22	23	0
cg08924167	23	24	0
cg08924167	29	30	0
cg08924167	32	33	0
cg09097835	67	68	0
cg09103452	46	47	0
cg09228164	64	65	0
cg09252678	56	57	0
cg09392026	69	70	100
cg09407361	29	30	0
cg09536551	3	4	0
cg09536551	29	30	100
cg09536551	32	33	0
cg09578221	17	18	0
cg09646359	52	53	100
cg09647169	30	31	66.6666666666667
cg09731012	16	17	0
cg09731012	19	20	0
cg09731012	30	31	33.3333333333333
cg09789765	21	22	0
cg10118204	72	73	0
cg10324939	19	20	0
cg10324939	21	22	0
cg10324939	65	66	0
cg10427592	12	13	0
cg10427592	20	21	50
cg10427592	29	30	0
cg10427592	60	61	0
cg10439738	72	73	0
cg10593080	2	3	0
cg10593080	57	58	0
cg10593080	61	62	100
cg10604668	71	72	0
cg10788097	16	17	0
cg10893516	28	29	0
cg10893516	40	41	0
cg11058785	10	11	0
cg11171400	33	34	100
cg11171400	77	78	100
cg11339341	19	20	0
cg11339341	43	44	0
cg11339341	50	51	0
cg11411958	60	61	0
cg11493105	70	71	100
cg11541320	56	57	0
cg11584091	2	3	100
cg11584091	18	19	100
cg11584091	61	62	0
cg11584091	62	63	0
cg11634198	11	12	0
cg11634198	16	17	0
cg11647274	32	33	0
cg11647274	56	57	0
cg11672180	17	18	0
cg11772199	0	1	0
cg11807038	71	72	100
cg12135540	22	23	0
cg12135540	28	29	0
cg12135540	30	31	0
cg12135540	40	41	0
cg12145907	37	38	100
cg12306961	17	18	0
cg12306961	35	36	0
cg12306961	41	42	0
cg12434982	36	37	0
cg12434982	56	57	0
cg12434982	62	63	0
cg12434982	75	76	0
cg12553580	21	22	0
cg12553580	22	23	0
cg12553580	36	37	0
cg12553580	37	38	0
cg12811128	7	8	100
cg12811128	23	24	100
cg12811128	43	44	100
cg12879445	3	4	0
cg12879445	24	25	0
cg12903213	19	20	0
cg12903213	20	21	100
cg12935350	16	17	100
cg12935350	29	30	100
cg12935350	34	35	100
cg12981876	47	48	0
cg12981876	66	67	0
cg12981876	76	77	0
cg13165311	29	30	0
cg13165311	53	54	0
cg13400013	11	12	0
cg13477804	62	63	100
cg13660279	61	62	0
cg13702567	30	31	0
cg13739934	60	61	0
cg13739934	72	73	100
cg13739934	78	79	0
cg13834844	37	38	0
cg13834844	39	40	0
cg13848598	7	8	0
cg13848598	56	57	0
cg13848598	60	61	0
cg13909487	32	33	0
cg13909487	50	51	0
cg13909487	54	55	0
cg13909487	67	68	0
cg14001847	11	12	0
cg14001847	24	25	0
cg14001847	29	30	0
cg14001847	33	34	0
cg14001847	73	74	0
cg14001847	76	77	0
cg14019317	22	23	0
cg14019317	23	24	0
cg14019317	77	78	0
cg14306227	51	52	0
cg14467787	23	24	0
cg14467787	27	28	0
cg14467787	31	32	0
cg14491141	43	44	0
cg14491141	62	63	0
cg14491141	65	66	0
cg14536909	24	25	100
cg14702498	21	22	0
cg14702498	29	30	0
cg14702498	31	32	0
cg14715530	43	44	0
cg14715530	61	62	0
cg14890920	30	31	0
cg14940505	55	56	0
cg15189202	39	40	0
cg15262576	22	23	0
cg15566115	44	45	100
cg15726426	56	57	0
cg15726426	68	69	0
cg15890010	57	58	0
cg15913680	17	18	0
cg15913680	39	40	0
cg15913680	64	65	0
cg15944967	49	50	0
cg15944967	51	52	0
cg15944967	55	56	0
cg15944967	68	69	0
cg15944967	70	71	0
cg15981352	27	28	0
cg16073238	15	16	0
cg16073238	50	51	0
cg16197002	68	69	0
cg16290482	30	31	0
cg16295770	56	57	100
cg16295770	58	59	100
cg16534861	42	43	50
cg16534861	44	45	0
cg16550733	52	53	50
cg16561874	15	16	0
cg16561874	20	21	0
cg16561874	30	31	0
cg16561874	39	40	0
cg16675333	69	70	0
cg16743922	4	5	0
cg16839209	3	4	100
cg16839209	4	5	0
cg16839209	8	9	0
cg16839209	9	10	0
cg16839209	29	30	0
cg16839209	30	31	0
cg16839209	35	36	0
cg16839209	36	37	0
cg16839209	44	45	0
cg16839209	45	46	0
cg16848740	74	75	100
cg16862911	67	68	0
cg17037716	42	43	100
cg17037716	45	46	100
cg17037716	63	64	0
cg17057912	26	27	0
cg17417202	16	17	0
cg17417202	29	30	0
cg17417202	34	35	0
cg17417202	53	54	0
cg17426532	13	14	100
cg17426532	54	55	0
cg17609931	14	15	100
cg18062440	30	31	0
cg18062440	63	64	0
cg18062440	73	74	0
cg18120675	25	26	0
cg18120675	36	37	0
cg18120675	39	40	0
cg18192799	35	36	0
cg18284930	24	25	0
cg18284930	26	27	0
cg18334734	29	30	0
cg18342041	8	9	0
cg18342041	38	39	0
cg18459384	54	55	0
cg18459384	63	64	0
cg18760617	52	53	0
cg18760617	54	55	0
cg18760617	67	68	0
cg18845660	46	47	0
cg18906085	78	79	100
cg19044063	10	11	100
cg19044063	14	15	0
cg19044063	17	18	0
cg19107537	30	31	100
cg19549894	13	14	0
cg19549894	15	16	0
cg19549894	23	24	0
cg19549894	26	27	0
cg19658834	2	3	0
cg19658834	29	30	0
cg20006236	77	78	0
cg20149183	57	58	0
cg20149183	61	62	0
cg20242875	48	49	0
cg20242875	64	65	0
cg20242875	67	68	0
cg20291049	18	19	0
cg20291049	21	22	0
cg20291049	30	31	0
cg20291049	54	55	0
cg20291049	72	73	0
cg20346209	26	27	0
cg20346209	53	54	0
cg20358438	49	50	0
cg20568292	11	12	0
cg20568292	71	72	0
cg20821442	63	64	0
cg20823439	28	29	0
cg20823439	55	56	0
cg20872072	25	26	33.3333333333333
cg20909027	30	31	100
cg20960545	17	18	100
cg20960545	30	31	0
cg20960545	46	47	0
cg21027282	23	24	0
cg21046297	46	47	0
cg21115959	69	70	0
cg21206637	44	45	0
cg21274598	52	53	0
cg21474882	32	33	0
cg21474882	55	56	0
cg21474882	59	60	0
cg21474882	66	67	0
cg21664322	74	75	100
cg21664322	75	76	100
cg21664322	78	79	0
cg21762820	29	30	0
cg21797039	23	24	0
cg21887986	26	27	0
cg22075146	27	28	0
cg22075146	49	50	0
cg22075146	70	71	0
cg22290035	53	54	0
cg22311716	29	30	0
cg22320967	50	51	100
cg22409694	25	26	0
cg22409694	26	27	0
cg22704389	71	72	100
cg22750057	12	13	100
cg22750057	21	22	25
cg22750057	31	32	33.3333333333333
cg22750057	54	55	0
cg22750057	66	67	0
cg23004138	22	23	0
cg23059642	12	13	100
cg23059642	69	70	0
cg23076498	0	1	0
cg23146717	76	77	0
cg23197560	15	16	100
cg23197560	35	36	0
cg23197560	44	45	0
cg23425044	19	20	0
cg23425044	23	24	0
cg23575948	37	38	100
cg23575948	64	65	100
cg23778391	62	63	0
cg23869573	46	47	0
cg23925685	13	14	0
cg23925685	15	16	0
cg23925685	18	19	0
cg23931730	25	26	0
cg23931730	30	31	0
cg23931730	61	62	0
cg24226527	35	36	0
cg24226527	56	57	0
cg24226527	58	59	100
cg24255409	23	24	0
cg24533228	25	26	0
cg24653257	2	3	0
cg24653257	6	7	0
cg24653257	10	11	0
cg24653257	26	27	0
cg24653257	28	29	0
cg24653257	44	45	0
cg24653257	60	61	0
cg24653257	62	63	0
cg24653257	65	66	0
cg24653257	67	68	0
cg24677671	24	25	0
cg24707416	17	18	0
cg24707416	19	20	0
cg24707416	25	26	100
cg24713149	29	30	0
cg24713149	44	45	0
cg24799293	60	61	0
cg24799293	62	63	0
cg24822649	8	9	0
cg24822649	50	51	0
cg24822649	53	54	0
cg24930802	19	20	0
cg24930802	32	33	0
cg24930802	65	66	100
cg25209681	66	67	0
cg25235409	17	18	100
cg25235409	51	52	50
cg25285936	66	67	0
cg25339883	9	10	0
cg25339883	18	19	0
cg25339883	30	31	0
cg25339883	38	39	0
cg25354602	20	21	0
cg25732341	74	75	0
cg25742767	23	24	0
cg25742767	26	27	0
cg25742767	28	29	0
cg25764105	29	30	0
cg25878799	30	31	0
cg25927637	78	79	0
cg26255127	15	16	0
cg26255127	68	69	0
cg26451479	2	3	100
cg26451479	5	6	0
cg26451479	8	9	0
cg26603143	59	60	0
cg26776127	45	46	0
cg26844246	20	21	33.3333333333333
cg26844246	26	27	0
cg26844246	28	29	33.3333333333333
cg26844246	52	53	0
cg26844246	53	54	0
cg26844246	55	56	0
cg26844246	56	57	0
cg26844246	69	70	0
cg26845017	3	4	0
cg26845017	5	6	0
cg26845017	16	17	100
cg26845017	19	20	0
cg26989101	47	48	100
cg27037659	52	53	0
cg27201382	41	42	0
cg27344974	29	30	0
cg27344974	73	74	0
cg27365371	13	14	100
cg27365371	40	41	100
cg27454487	65	66	0
cg27455566	11	12	100
cg27600712	41	42	0
cg27664916	29	30	100
cg27699373	22	23	0
cg27699373	23	24	0
cg27699373	25	26	0
cg27699373	26	27	0
cg27699373	64	65	0
cg27699373	65	66	0
