track type=bedGraph
cg00012879	35	36	0
cg00820579	30	31	50
cg01099625	64	65	83.3333333333333
cg01187271	50	51	0
cg01831882	78	79	100
cg02040823	31	32	0
cg02343568	9	10	0
cg02379880	55	56	0
cg02386994	39	40	0
cg02602455	75	76	100
cg02895393	20	21	0
cg03077729	75	76	100
cg03938432	58	59	100
cg04087693	50	51	0
cg04245317	18	19	100
cg04688368	68	69	0
cg04688368	71	72	0
cg04688368	74	75	0
cg04688368	77	78	0
cg05121253	30	31	100
cg05533382	30	31	100
cg05765439	64	65	0
cg06292880	12	13	66.6666666666667
cg06292880	74	75	0
cg07648871	49	50	0
cg07648871	51	52	0
cg07648871	53	54	0
cg07648871	55	56	0
cg07648871	59	60	0
cg07875786	77	78	0
cg08659076	22	23	0
cg09026530	45	46	100
cg09244212	63	64	0
cg09682305	38	39	100
cg10182925	43	44	0
cg10427592	5	6	0
cg10427592	12	13	0
cg10427592	47	48	0
cg10427592	50	51	0
cg10604668	2	3	0
cg10873006	67	68	100
cg11319388	30	31	0
cg11410180	24	25	100
cg11461434	75	76	100
cg11879601	67	68	50
cg12553580	36	37	0
cg12811128	8	9	0
cg12945120	36	37	0
cg13143654	5	6	50
cg13194536	22	23	0
cg13702567	30	31	100
cg13739934	33	34	0
cg13739934	45	46	0
cg14728698	24	25	0
cg14880389	26	27	100
cg15189202	39	40	0
cg15555425	70	71	0
cg15639204	20	21	0
cg15658912	34	35	100
cg15823859	28	29	100
cg15913680	16	17	50
cg16188689	35	36	0
cg16267458	66	67	0
cg16524928	8	9	0
cg16524928	10	11	0
cg16675686	30	31	0
cg16744551	48	49	100
cg17137627	54	55	100
cg17257156	29	30	0
cg17711361	8	9	100
cg18135595	65	66	100
cg18278971	30	31	100
cg18284930	24	25	100
cg19117962	72	73	75
cg19169532	61	62	100
cg19929340	32	33	0
cg20126035	41	42	0
cg20425337	28	29	100
cg20425337	63	64	0
cg20568292	71	72	0
cg20785169	23	24	100
cg20872072	25	26	60
cg20950377	19	20	0
cg21027178	72	73	0
cg21294440	67	68	50
cg21664322	74	75	100
cg21820842	9	10	100
cg22069272	5	6	100
cg22097199	38	39	0
cg22320967	50	51	83.3333333333333
cg22719669	53	54	0
cg23281380	71	72	0
cg23871832	48	49	0
cg23925685	3	4	0
cg23925685	17	18	0
cg24265558	41	42	100
cg24930802	64	65	100
cg25211765	61	62	100
cg25285936	65	66	0
cg25354602	20	21	100
cg25642165	23	24	100
cg25693396	3	4	0
cg25857570	22	23	100
cg25857570	33	34	100
cg26192895	65	66	100
cg26491213	74	75	0
cg27323505	29	30	0
cg27323505	36	37	0
cg27582648	4	5	100
