track type=bedGraph
cg00008998	65	66	0
cg00138195	54	55	0
cg00138195	68	69	0
cg00138195	71	72	100
cg00158333	13	14	0
cg00158333	19	20	100
cg00158333	26	27	0
cg00300211	10	11	0
cg00300211	13	14	100
cg00300211	30	31	0
cg00310215	31	32	0
cg00310215	36	37	0
cg00330845	11	12	0
cg00367518	26	27	0
cg00367518	33	34	0
cg00384342	27	28	0
cg00384342	57	58	0
cg00447136	8	9	0
cg00447136	31	32	0
cg00499875	57	58	0
cg00508255	8	9	0
cg00508255	49	50	0
cg00523855	4	5	0
cg00523855	23	24	0
cg00523855	33	34	0
cg00523855	43	44	0
cg00523855	46	47	100
cg00523855	61	62	100
cg00523855	63	64	0
cg00546693	31	32	0
cg00595237	36	37	0
cg00595237	63	64	0
cg00595237	67	68	0
cg00611149	30	31	0
cg00612925	28	29	0
cg00612925	33	34	0
cg00612925	40	41	0
cg00820579	1	2	0
cg00820579	22	23	0
cg00842325	16	17	0
cg00842325	19	20	0
cg00872748	34	35	0
cg00877739	11	12	0
cg00877739	15	16	0
cg00877739	48	49	0
cg00930873	21	22	0
cg00930873	30	31	0
cg00930873	68	69	50
cg00930873	74	75	0
cg00952468	4	5	100
cg00987824	26	27	0
cg00987824	47	48	0
cg00992842	26	27	0
cg01008025	46	47	0
cg01027323	18	19	50
cg01047058	36	37	50
cg01047058	60	61	0
cg01049141	14	15	50
cg01049141	71	72	100
cg01049455	37	38	100
cg01049455	54	55	0
cg01090774	15	16	0
cg01090774	37	38	0
cg01090774	63	64	0
cg01099625	19	20	0
cg01099625	35	36	50
cg01105418	58	59	0
cg01105418	62	63	0
cg01134518	21	22	100
cg01134518	28	29	100
cg01134518	33	34	100
cg01187271	28	29	0
cg01245471	29	30	0
cg01245471	36	37	0
cg01245471	41	42	0
cg01245471	58	59	0
cg01245471	66	67	0
cg01351663	39	40	0
cg01522923	5	6	0
cg01522923	22	23	0
cg01522923	28	29	0
cg01522923	41	42	0
cg01594757	6	7	0
cg01594757	12	13	0
cg01594757	39	40	0
cg01594757	41	42	0
cg01594757	71	72	0
cg01603001	66	67	0
cg01664666	8	9	0
cg01664666	36	37	0
cg01676370	18	19	100
cg01676370	21	22	0
cg01733991	26	27	0
cg01733991	66	67	0
cg01819137	20	21	0
cg01819137	26	27	0
cg01819137	32	33	50
cg01819137	39	40	0
cg01819137	41	42	0
cg01819137	45	46	0
cg01819137	47	48	0
cg01881437	38	39	0
cg01881437	45	46	0
cg01881437	57	58	0
cg01881437	61	62	0
cg01883716	23	24	0
cg01901522	76	77	0
cg01915021	7	8	0
cg01915021	43	44	0
cg02040823	11	12	100
cg02040823	49	50	0
cg02040823	56	57	0
cg02083803	54	55	100
cg02083803	63	64	0
cg02161890	71	72	0
cg02176407	6	7	0
cg02176407	10	11	0
cg02176407	16	17	0
cg02176407	32	33	0
cg02176407	35	36	0
cg02176407	51	52	0
cg02176407	55	56	0
cg02176407	66	67	0
cg02193885	25	26	0
cg02193885	35	36	0
cg02231183	61	62	0
cg02247164	14	15	0
cg02286774	57	58	50
cg02317025	48	49	100
cg02321644	68	69	100
cg02334049	38	39	100
cg02334049	40	41	0
cg02334049	41	42	100
cg02334049	43	44	0
cg02334049	58	59	100
cg02340142	59	60	50
cg02340142	67	68	75
cg02351382	22	23	0
cg02351382	27	28	0
cg02379880	18	19	100
cg02379880	66	67	50
cg02379880	68	69	0
cg02386994	41	42	0
cg02389125	5	6	0
cg02389125	10	11	0
cg02389125	14	15	0
cg02389125	22	23	0
cg02389125	31	32	0
cg02389125	50	51	0
cg02389125	67	68	0
cg02400551	72	73	0
cg02455094	7	8	0
cg02455094	41	42	0
cg02455094	44	45	0
cg02455094	56	57	0
cg02455094	60	61	0
cg02486904	1	2	100
cg02486904	8	9	0
cg02486904	10	11	50
cg02486904	56	57	0
cg02540142	18	19	0
cg02540142	47	48	0
cg02602455	39	40	0
cg02602455	44	45	0
cg02676375	23	24	100
cg02676375	26	27	100
cg02681442	29	30	0
cg02681442	45	46	0
cg02688223	78	79	50
cg02697105	32	33	0
cg02714609	20	21	0
cg02714609	38	39	0
cg02724885	50	51	0
cg02724885	66	67	100
cg02762509	23	24	0
cg02762509	42	43	0
cg02805342	30	31	0
cg02805342	55	56	0
cg02865946	33	34	0
cg02865946	64	65	0
cg02865946	78	79	0
cg02873524	14	15	0
cg02873524	31	32	0
cg02873524	44	45	0
cg02873524	50	51	0
cg02894112	4	5	0
cg02894112	13	14	0
cg02894112	27	28	50
cg02894112	32	33	0
cg02894112	34	35	66.6666666666667
cg02894112	46	47	0
cg02894112	49	50	0
cg02894112	51	52	0
cg02894112	53	54	0
cg02894112	55	56	0
cg02894112	56	57	0
cg02894112	58	59	0
cg02894112	66	67	0
cg02895393	21	22	0
cg02895393	65	66	33.3333333333333
cg02926165	21	22	100
cg02928435	50	51	0
cg02951552	20	21	100
cg02951552	51	52	0
cg02951552	53	54	0
cg02968414	14	15	100
cg02968414	17	18	100
cg02968414	20	21	0
cg03064443	30	31	0
cg03121178	23	24	66.6666666666667
cg03121178	37	38	100
cg03121178	46	47	0
cg03121178	68	69	0
cg03133310	33	34	0
cg03133310	36	37	0
cg03133310	41	42	0
cg03133310	47	48	0
cg03133310	57	58	0
cg03133310	63	64	0
cg03133310	69	70	0
cg03144020	41	42	0
cg03144020	72	73	0
cg03153971	55	56	0
cg03163633	8	9	0
cg03174933	51	52	0
cg03174933	66	67	0
cg03187378	38	39	0
cg03187378	44	45	0
cg03196097	22	23	0
cg03218689	23	24	50
cg03265102	72	73	0
cg03295083	18	19	0
cg03295083	24	25	0
cg03295083	34	35	33.3333333333333
cg03295083	45	46	25
cg03295083	48	49	40
cg03338794	34	35	0
cg03350186	13	14	0
cg03350186	17	18	0
cg03350186	56	57	100
cg03458585	12	13	0
cg03458585	18	19	0
cg03458585	37	38	0
cg03469153	9	10	0
cg03469153	30	31	0
cg03469153	51	52	0
cg03469153	60	61	0
cg03469153	64	65	0
cg03469153	68	69	0
cg03536971	9	10	0
cg03536971	71	72	0
cg03539526	21	22	0
cg03539526	47	48	0
cg03555227	8	9	0
cg03555227	21	22	0
cg03571891	35	36	0
cg03571891	76	77	25
cg03582041	2	3	0
cg03582041	55	56	50
cg03582041	59	60	100
cg03597059	4	5	0
cg03597059	44	45	0
cg03597491	26	27	0
cg03639871	18	19	0
cg03639871	20	21	0
cg03639871	49	50	0
cg03639871	73	74	0
cg03646571	35	36	0
cg03646571	37	38	0
cg03663215	6	7	50
cg03663215	9	10	0
cg03663215	12	13	0
cg03663215	14	15	0
cg03663215	16	17	0
cg03663215	18	19	0
cg03663215	33	34	0
cg03663215	35	36	0
cg03663215	43	44	50
cg03663215	45	46	0
cg03663215	46	47	0
cg03663215	48	49	0
cg03663215	69	70	0
cg03663215	72	73	0
cg03674256	8	9	100
cg03674256	11	12	0
cg03674256	57	58	50
cg03679521	29	30	0
cg03679521	41	42	0
cg03679521	49	50	0
cg03679521	53	54	0
cg03679521	76	77	0
cg03686643	58	59	0
cg03686643	64	65	0
cg03697136	61	62	0
cg03787614	40	41	0
cg03862352	45	46	0
cg03862352	65	66	0
cg03880910	62	63	0
cg03909395	7	8	0
cg03909395	44	45	0
cg03909395	59	60	0
cg03938432	20	21	100
cg03938432	48	49	0
cg03957108	60	61	0
cg03972287	66	67	100
cg04010581	60	61	0
cg04010581	63	64	0
cg04016956	42	43	0
cg04016956	70	71	0
cg04071434	29	30	0
cg04071434	31	32	0
cg04071434	38	39	50
cg04071434	56	57	0
cg04087693	24	25	100
cg04087693	28	29	0
cg04087693	51	52	33.3333333333333
cg04093430	75	76	0
cg04093430	77	78	0
cg04107706	36	37	0
cg04124389	76	77	100
cg04150055	43	44	0
cg04168436	22	23	0
cg04168436	34	35	0
cg04209727	21	22	0
cg04209727	30	31	0
cg04209727	36	37	0
cg04209727	39	40	0
cg04209727	47	48	0
cg04209727	71	72	100
cg04245317	31	32	0
cg04245317	41	42	0
cg04281230	5	6	0
cg04281230	16	17	0
cg04281230	45	46	100
cg04336027	48	49	0
cg04428702	15	16	0
cg04428702	56	57	0
cg04449703	24	25	0
cg04449703	38	39	0
cg04449703	45	46	0
cg04449703	48	49	0
cg04449703	63	64	0
cg04449703	79	80	0
cg04504700	3	4	0
cg04504700	30	31	0
cg04504700	50	51	25
cg04504700	55	56	0
cg04504700	61	62	0
cg04529370	12	13	0
cg04529370	27	28	0
cg04529370	56	57	0
cg04556126	29	30	0
cg04567783	0	1	0
cg04567783	12	13	0
cg04567783	30	31	0
cg04567783	33	34	0
cg04567783	35	36	0
cg04567783	54	55	25
cg04567783	63	64	0
cg04567783	70	71	0
cg04567783	72	73	0
cg04585419	27	28	0
cg04611891	33	34	0
cg04627377	38	39	0
cg04627377	41	42	0
cg04627377	61	62	0
cg04627377	66	67	0
cg04627377	70	71	0
cg04688368	57	58	0
cg04691337	35	36	0
cg04735310	48	49	100
cg04759874	21	22	100
cg04759874	30	31	100
cg04769815	23	24	0
cg04769815	48	49	0
cg04769815	50	51	0
cg04769815	61	62	0
cg04802182	8	9	100
cg04802182	37	38	0
cg04802182	41	42	0
cg04804914	20	21	0
cg04804914	25	26	0
cg04804914	31	32	0
cg04804914	33	34	0
cg04804914	34	35	0
cg04804914	44	45	0
cg04804914	46	47	0
cg04804914	48	49	0
cg04804914	50	51	0
cg04804914	52	53	0
cg04804914	64	65	0
cg04878542	5	6	0
cg04878542	8	9	0
cg04878542	31	32	16.6666666666667
cg04956792	75	76	0
cg04965129	41	42	0
cg04965129	56	57	100
cg05010579	44	45	0
cg05035791	12	13	0
cg05035791	40	41	0
cg05035791	47	48	0
cg05060618	40	41	0
cg05108018	10	11	0
cg05108018	12	13	100
cg05108018	71	72	100
cg05124292	19	20	0
cg05124292	23	24	0
cg05130731	1	2	100
cg05173279	11	12	0
cg05173279	13	14	0
cg05173279	16	17	0
cg05173279	18	19	0
cg05173279	25	26	0
cg05173279	27	28	0
cg05173279	28	29	0
cg05173279	30	31	0
cg05173279	37	38	20
cg05173279	39	40	0
cg05173279	43	44	0
cg05173279	53	54	0
cg05173279	55	56	0
cg05194810	48	49	0
cg05213609	44	45	0
cg05213609	49	50	0
cg05222837	43	44	0
cg05229784	12	13	0
cg05234920	48	49	0
cg05260361	35	36	0
cg05261870	14	15	0
cg05261870	18	19	0
cg05261870	43	44	100
cg05273495	51	52	0
cg05275337	56	57	0
cg05275337	70	71	0
cg05297552	24	25	0
cg05359706	29	30	50
cg05372644	54	55	100
cg05372644	57	58	0
cg05372644	74	75	100
cg05387438	31	32	100
cg05399218	37	38	0
cg05400549	36	37	0
cg05406154	25	26	0
cg05406154	28	29	0
cg05406154	35	36	100
cg05407325	67	68	0
cg05433039	8	9	0
cg05433039	10	11	0
cg05433039	29	30	0
cg05433039	34	35	0
cg05433039	51	52	0
cg05434345	22	23	0
cg05434345	24	25	0
cg05434345	36	37	0
cg05434345	53	54	0
cg05434345	56	57	0
cg05434345	60	61	0
cg05473648	29	30	0
cg05506365	5	6	0
cg05506365	15	16	0
cg05506365	17	18	0
cg05506365	28	29	0
cg05506365	40	41	0
cg05506365	43	44	0
cg05506365	49	50	0
cg05506365	66	67	0
cg05546219	36	37	0
cg05551621	29	30	100
cg05551621	32	33	0
cg05551621	41	42	100
cg05562063	7	8	0
cg05562063	18	19	0
cg05562063	33	34	100
cg05562063	48	49	100
cg05562063	51	52	0
cg05562063	69	70	0
cg05575054	17	18	100
cg05575054	20	21	100
cg05575054	65	66	100
cg05602738	40	41	100
cg05642042	7	8	100
cg05642042	15	16	100
cg05642042	25	26	0
cg05642042	31	32	0
cg05650111	14	15	0
cg05650111	16	17	0
cg05650111	24	25	0
cg05650111	26	27	0
cg05650111	38	39	0
cg05650111	40	41	0
cg05693178	7	8	0
cg05693178	44	45	100
cg05725590	28	29	0
cg05725590	70	71	0
cg05798256	16	17	0
cg05798256	20	21	50
cg05798256	26	27	25
cg05798256	30	31	25
cg05798256	41	42	0
cg05798256	44	45	25
cg05798256	74	75	0
cg05821475	52	53	0
cg05821475	54	55	0
cg05847336	23	24	0
cg05847336	28	29	0
cg05848491	7	8	0
cg05848491	31	32	0
cg05848491	39	40	0
cg05879189	42	43	100
cg05884078	33	34	0
cg05913350	15	16	0
cg05913350	17	18	0
cg05913350	22	23	0
cg05913350	41	42	0
cg05913350	43	44	0
cg05913350	45	46	0
cg05913350	47	48	0
cg05913350	55	56	0
cg05913350	57	58	0
cg05913350	58	59	0
cg05913350	61	62	0
cg05913350	63	64	0
cg05928030	22	23	0
cg05933419	45	46	0
cg05977669	32	33	0
cg06037672	18	19	0
cg06037672	39	40	0
cg06044403	39	40	0
cg06044403	51	52	0
cg06044403	54	55	100
cg06055418	35	36	0
cg06097717	55	56	50
cg06115225	36	37	0
cg06115225	64	65	0
cg06132693	47	48	0
cg06132693	59	60	0
cg06132693	63	64	0
cg06132693	65	66	0
cg06132693	72	73	0
cg06145973	14	15	0
cg06145973	26	27	0
cg06145973	28	29	0
cg06145973	44	45	0
cg06145973	58	59	0
cg06166108	42	43	0
cg06166108	75	76	100
cg06184939	10	11	50
cg06206751	56	57	66.6666666666667
cg06242145	45	46	0
cg06242145	66	67	0
cg06242145	69	70	100
cg06310881	65	66	50
cg06360155	65	66	0
cg06363517	24	25	0
cg06363517	26	27	0
cg06363517	35	36	0
cg06363517	38	39	0
cg06363517	39	40	0
cg06363517	41	42	0
cg06392318	31	32	100
cg06400713	37	38	0
cg06400713	66	67	0
cg06414149	28	29	0
cg06414149	31	32	0
cg06482098	38	39	100
cg06538073	26	27	0
cg06538073	69	70	0
cg06540073	19	20	0
cg06540073	65	66	0
cg06550953	22	23	100
cg06557369	50	51	0
cg06557369	65	66	0
cg06557369	71	72	100
cg06564900	27	28	100
cg06564900	55	56	0
cg06564900	61	62	0
cg06569016	3	4	0
cg06569016	6	7	0
cg06569016	7	8	14.2857142857143
cg06569016	9	10	33.3333333333333
cg06569016	10	11	0
cg06569016	12	13	20
cg06569016	22	23	0
cg06569016	25	26	0
cg06569016	37	38	0
cg06569016	39	40	0
cg06569016	42	43	0
cg06569016	44	45	0
cg06569016	47	48	28.5714285714286
cg06569016	53	54	28.5714285714286
cg06569016	65	66	50
cg06587088	36	37	100
cg06587088	70	71	100
cg06617495	31	32	0
cg06637963	9	10	100
cg06708132	64	65	0
cg06736685	66	67	0
cg06762071	7	8	33.3333333333333
cg06762071	14	15	0
cg06762071	16	17	0
cg06762071	30	31	0
cg06762071	37	38	0
cg06762071	39	40	0
cg06762071	48	49	0
cg06762071	67	68	0
cg06778417	72	73	0
cg06785707	50	51	100
cg06785707	53	54	100
cg06785707	64	65	100
cg06785707	66	67	100
cg06812724	11	12	0
cg06812724	13	14	0
cg06812724	20	21	0
cg06812724	22	23	0
cg06812724	31	32	0
cg06812724	33	34	0
cg06812724	39	40	0
cg06812724	41	42	0
cg06812724	60	61	0
cg06812724	62	63	0
cg06813117	14	15	0
cg06821075	10	11	0
cg06821075	48	49	0
cg06839075	16	17	0
cg06878766	49	50	0
cg06907391	46	47	0
cg06944510	67	68	0
cg07001053	9	10	0
cg07005811	15	16	0
cg07005811	24	25	0
cg07005811	26	27	0
cg07005811	44	45	0
cg07005811	46	47	0
cg07005811	59	60	0
cg07005811	61	62	0
cg07005811	71	72	0
cg07005811	73	74	0
cg07005858	47	48	0
cg07022610	37	38	100
cg07022610	40	41	100
cg07031988	47	48	100
cg07031988	70	71	0
cg07031988	72	73	0
cg07071132	51	52	0
cg07094804	16	17	33.3333333333333
cg07094804	26	27	0
cg07094804	44	45	0
cg07115282	56	57	0
cg07116727	51	52	0
cg07151295	5	6	0
cg07151295	25	26	100
cg07151295	28	29	0
cg07151295	36	37	0
cg07151295	71	72	0
cg07171305	12	13	0
cg07171305	43	44	0
cg07171305	58	59	0
cg07174525	44	45	100
cg07195259	15	16	0
cg07195259	66	67	0
cg07206761	17	18	0
cg07206761	60	61	0
cg07206761	71	72	0
cg07226063	17	18	100
cg07232817	36	37	0
cg07232817	53	54	0
cg07232817	68	69	50
cg07254032	22	23	0
cg07254032	31	32	0
cg07254032	43	44	0
cg07254032	45	46	0
cg07254032	59	60	0
cg07254032	61	62	0
cg07254032	62	63	0
cg07254032	71	72	100
cg07300517	19	20	0
cg07300517	35	36	0
cg07300517	47	48	0
cg07300517	56	57	0
cg07300517	63	64	0
cg07300517	75	76	100
cg07309253	66	67	0
cg07332354	75	76	0
cg07336259	8	9	0
cg07336259	12	13	0
cg07336259	23	24	100
cg07336259	29	30	50
cg07373698	77	78	0
cg07404009	32	33	20
cg07404009	45	46	50
cg07537139	14	15	0
cg07537139	36	37	0
cg07562874	33	34	0
cg07562874	36	37	0
cg07562874	45	46	100
cg07588415	25	26	0
cg07588415	27	28	0
cg07588415	46	47	0
cg07588415	47	48	0
cg07588415	70	71	33.3333333333333
cg07610132	72	73	0
cg07610132	77	78	100
cg07629125	10	11	0
cg07636089	45	46	100
cg07644544	28	29	50
cg07694338	72	73	0
cg07705206	47	48	0
cg07795407	43	44	0
cg07795407	48	49	100
cg07893689	11	12	0
cg07940754	5	6	0
cg07940754	7	8	0
cg07940754	11	12	0
cg07940754	14	15	0
cg07940754	15	16	0
cg07940754	17	18	0
cg07940754	42	43	0
cg07940754	48	49	0
cg07940754	50	51	0
cg07940754	59	60	0
cg08005992	46	47	0
cg08013479	57	58	0
cg08029175	24	25	0
cg08029175	26	27	0
cg08029175	27	28	0
cg08029175	29	30	0
cg08029175	31	32	0
cg08029175	56	57	0
cg08029175	58	59	0
cg08029175	68	69	0
cg08029175	70	71	0
cg08104970	64	65	0
cg08104970	66	67	100
cg08113048	40	41	0
cg08113048	61	62	0
cg08156863	36	37	0
cg08170671	42	43	0
cg08170671	45	46	0
cg08170671	50	51	50
cg08215774	10	11	0
cg08215774	45	46	0
cg08271353	12	13	0
cg08271353	15	16	0
cg08285141	69	70	0
cg08315393	38	39	50
cg08372705	40	41	0
cg08454381	55	56	50
cg08454381	57	58	0
cg08454381	59	60	50
cg08454381	62	63	0
cg08454381	66	67	0
cg08454381	68	69	0
cg08454381	70	71	0
cg08454381	72	73	0
cg08519469	9	10	0
cg08519469	47	48	0
cg08563010	11	12	100
cg08563010	17	18	0
cg08563010	20	21	0
cg08588194	21	22	0
cg08608749	39	40	100
cg08608749	56	57	0
cg08608749	63	64	0
cg08641508	13	14	100
cg08641508	35	36	100
cg08683365	18	19	100
cg08683365	78	79	0
cg08766215	51	52	0
cg08811838	10	11	100
cg08825623	46	47	0
cg08849105	8	9	0
cg08849105	14	15	0
cg08849105	24	25	0
cg08849105	27	28	0
cg08849105	42	43	0
cg08849105	45	46	0
cg08854986	28	29	0
cg08854986	53	54	0
cg08921975	3	4	0
cg08921975	24	25	0
cg08921975	26	27	0
cg08921975	28	29	0
cg08921975	33	34	0
cg08921975	35	36	0
cg08921975	36	37	0
cg08921975	38	39	0
cg08921975	73	74	0
cg08933507	40	41	0
cg08933507	45	46	0
cg08933507	49	50	0
cg08933507	51	52	0
cg08938156	33	34	0
cg08938156	56	57	0
cg08938156	60	61	100
cg08938156	64	65	0
cg08981690	45	46	0
cg08981690	50	51	0
cg09026530	20	21	0
cg09075088	39	40	100
cg09093115	38	39	0
cg09093115	41	42	100
cg09093115	58	59	100
cg09093115	61	62	0
cg09097835	21	22	0
cg09097835	28	29	0
cg09097835	59	60	0
cg09097835	61	62	50
cg09103452	58	59	100
cg09103452	66	67	0
cg09105275	21	22	0
cg09141122	18	19	0
cg09141122	22	23	0
cg09141122	38	39	0
cg09141122	51	52	0
cg09141122	59	60	0
cg09141122	67	68	0
cg09141122	77	78	0
cg09148605	42	43	0
cg09148605	46	47	0
cg09148605	52	53	0
cg09228164	11	12	0
cg09228164	38	39	0
cg09228164	61	62	0
cg09244212	46	47	100
cg09244212	72	73	100
cg09249640	9	10	100
cg09249640	27	28	50
cg09249640	30	31	50
cg09276953	42	43	0
cg09283583	21	22	0
cg09283583	70	71	0
cg09283583	72	73	100
cg09289224	15	16	0
cg09289224	26	27	0
cg09289224	40	41	0
cg09289224	47	48	0
cg09289224	72	73	0
cg09289224	77	78	0
cg09300249	27	28	0
cg09317554	30	31	0
cg09317554	32	33	0
cg09317554	35	36	0
cg09317554	38	39	0
cg09317554	41	42	50
cg09317554	43	44	0
cg09317554	44	45	0
cg09317554	46	47	0
cg09317554	48	49	0
cg09317554	50	51	0
cg09317554	61	62	0
cg09317554	64	65	0
cg09317554	67	68	0
cg09367901	73	74	0
cg09376856	35	36	66.6666666666667
cg09376856	41	42	0
cg09376856	48	49	0
cg09376856	64	65	50
cg09376856	67	68	0
cg09392026	33	34	0
cg09392026	49	50	0
cg09407361	33	34	0
cg09407361	35	36	0
cg09407361	44	45	0
cg09407361	46	47	0
cg09408404	11	12	0
cg09408404	13	14	0
cg09461098	32	33	0
cg09461098	65	66	0
cg09510409	17	18	0
cg09510409	52	53	0
cg09536551	5	6	100
cg09559229	17	18	0
cg09559229	19	20	0
cg09559229	69	70	100
cg09578221	8	9	0
cg09578221	10	11	0
cg09578221	18	19	0
cg09578221	21	22	0
cg09578221	23	24	0
cg09578221	28	29	0
cg09578221	31	32	0
cg09578221	33	34	0
cg09578221	35	36	0
cg09578221	42	43	0
cg09578221	51	52	0
cg09578221	53	54	0
cg09579869	53	54	0
cg09606853	41	42	0
cg09606853	44	45	0
cg09624466	36	37	0
cg09624466	58	59	0
cg09646359	38	39	0
cg09646359	43	44	100
cg09654498	55	56	0
cg09661809	12	13	0
cg09661809	17	18	0
cg09682305	37	38	0
cg09692769	12	13	100
cg09699229	21	22	50
cg09706122	6	7	0
cg09706122	19	20	0
cg09706122	42	43	0
cg09706122	60	61	0
cg09731012	22	23	0
cg09731012	24	25	0
cg09731012	31	32	0
cg09731012	33	34	0
cg09731012	35	36	0
cg09731012	51	52	0
cg09731012	53	54	0
cg09731012	57	58	0
cg09731012	62	63	0
cg09782540	9	10	0
cg09782540	53	54	0
cg09789765	9	10	0
cg09789765	33	34	0
cg09789765	51	52	0
cg09789765	53	54	0
cg09816507	53	54	0
cg09816507	55	56	100
cg09816507	58	59	100
cg09816507	68	69	100
cg09817427	68	69	0
cg09817553	31	32	100
cg09841954	15	16	0
cg09841954	50	51	0
cg09841958	73	74	0
cg09899564	17	18	0
cg09945801	33	34	0
cg09945801	57	58	0
cg09977861	8	9	0
cg09977861	10	11	0
cg09977861	41	42	0
cg09977861	43	44	0
cg09977861	53	54	0
cg09977861	55	56	0
cg09977861	67	68	0
cg09977861	69	70	0
cg09977861	71	72	0
cg10024790	72	73	50
cg10040493	22	23	0
cg10073942	39	40	0
cg10073942	52	53	0
cg10118204	64	65	0
cg10125423	61	62	100
cg10125423	77	78	100
cg10157506	35	36	0
cg10182925	52	53	0
cg10324939	0	1	0
cg10324939	11	12	0
cg10324939	13	14	0
cg10324939	15	16	0
cg10324939	17	18	0
cg10324939	23	24	0
cg10324939	26	27	0
cg10324939	28	29	0
cg10324939	44	45	0
cg10324939	46	47	0
cg10324939	72	73	0
cg10389748	44	45	100
cg10392713	18	19	0
cg10392713	20	21	0
cg10392713	33	34	0
cg10392713	35	36	0
cg10392713	39	40	0
cg10392713	41	42	0
cg10392713	69	70	0
cg10392713	71	72	0
cg10427592	31	32	0
cg10427592	49	50	0
cg10427592	62	63	0
cg10439174	17	18	0
cg10439174	31	32	0
cg10439738	14	15	0
cg10441680	5	6	0
cg10441680	70	71	0
cg10441680	73	74	0
cg10491556	28	29	100
cg10491556	31	32	0
cg10491556	54	55	0
cg10491556	68	69	100
cg10503757	39	40	0
cg10543582	16	17	100
cg10543582	18	19	0
cg10543582	19	20	100
cg10543582	73	74	100
cg10570203	36	37	100
cg10583873	72	73	100
cg10593080	22	23	0
cg10593080	24	25	0
cg10593080	25	26	0
cg10593080	27	28	0
cg10593080	34	35	0
cg10593080	36	37	0
cg10593080	46	47	0
cg10593080	48	49	0
cg10624665	30	31	100
cg10624665	55	56	0
cg10643442	23	24	100
cg10643442	35	36	0
cg10644072	20	21	0
cg10709038	13	14	0
cg10709038	25	26	0
cg10709038	73	74	0
cg10775708	10	11	66.6666666666667
cg10788097	31	32	0
cg10893516	25	26	0
cg10893516	36	37	0
cg10901415	52	53	0
cg11011976	59	60	100
cg11058785	9	10	100
cg11058785	13	14	0
cg11058785	27	28	0
cg11066411	12	13	0
cg11066411	24	25	0
cg11066411	32	33	0
cg11066411	34	35	0
cg11128216	13	14	0
cg11128216	32	33	0
cg11128216	50	51	0
cg11142389	42	43	100
cg11167025	50	51	0
cg11167025	53	54	0
cg11179893	29	30	0
cg11201611	7	8	0
cg11201611	24	25	0
cg11201611	36	37	50
cg11201611	55	56	50
cg11214667	10	11	0
cg11214667	53	54	0
cg11279021	10	11	0
cg11411958	19	20	0
cg11437639	21	22	100
cg11437639	53	54	100
cg11461434	40	41	0
cg11461434	42	43	0
cg11461434	47	48	0
cg11461434	74	75	0
cg11584091	4	5	0
cg11584091	44	45	100
cg11584091	50	51	100
cg11656502	6	7	0
cg11656502	75	76	0
cg11666770	46	47	0
cg11672180	23	24	0
cg11690941	11	12	0
cg11700079	47	48	0
cg11700079	55	56	0
cg11728741	14	15	25
cg11728741	20	21	50
cg11728741	56	57	0
cg11728741	59	60	100
cg11729098	5	6	0
cg11729098	32	33	0
cg11758048	18	19	0
cg11758048	25	26	0
cg11758048	28	29	0
cg11758048	31	32	0
cg11758048	46	47	0
cg11758048	48	49	0
cg11772199	10	11	100
cg11792642	31	32	0
cg11818729	26	27	0
cg11818729	29	30	0
cg11818729	35	36	0
cg11818729	37	38	0
cg11818729	51	52	0
cg11818729	57	58	0
cg11908885	7	8	0
cg11908885	31	32	100
cg11960934	11	12	0
cg11960934	13	14	100
cg11960934	47	48	0
cg11997728	26	27	0
cg12016197	59	60	100
cg12046720	50	51	33.3333333333333
cg12053353	36	37	0
cg12053353	67	68	0
cg12056279	9	10	100
cg12056279	34	35	100
cg12056279	50	51	50
cg12135540	33	34	0
cg12135540	41	42	0
cg12135540	54	55	0
cg12135540	69	70	0
cg12145907	13	14	0
cg12145907	16	17	0
cg12145907	23	24	0
cg12145907	26	27	0
cg12145907	28	29	33.3333333333333
cg12145907	44	45	100
cg12145907	46	47	0
cg12309991	57	58	0
cg12428624	19	20	0
cg12428624	23	24	0
cg12428624	27	28	0
cg12428624	37	38	0
cg12428624	52	53	0
cg12428624	62	63	0
cg12428624	65	66	0
cg12434982	55	56	0
cg12434982	61	62	0
cg12451099	34	35	0
cg12469785	38	39	50
cg12469785	54	55	0
cg12537145	47	48	0
cg12553580	23	24	0
cg12572894	25	26	0
cg12584622	45	46	0
cg12584622	66	67	0
cg12584622	69	70	0
cg12593479	45	46	100
cg12593479	48	49	0
cg12620743	31	32	0
cg12620743	43	44	0
cg12620743	51	52	50
cg12620743	79	80	0
cg12642246	25	26	0
cg12642246	30	31	0
cg12642246	52	53	0
cg12642246	54	55	0
cg12649001	7	8	0
cg12649001	21	22	0
cg12649001	23	24	0
cg12649001	39	40	0
cg12649001	41	42	0
cg12649001	49	50	0
cg12649001	51	52	0
cg12649001	55	56	0
cg12737399	11	12	0
cg12737399	14	15	0
cg12737399	17	18	0
cg12741020	74	75	0
cg12757011	40	41	0
cg12757011	48	49	100
cg12774174	74	75	0
cg12798259	52	53	0
cg12798259	61	62	0
cg12799227	21	22	100
cg12799227	61	62	0
cg12799227	75	76	0
cg12811128	19	20	0
cg12811128	29	30	100
cg12811630	15	16	100
cg12811630	71	72	0
cg12811802	5	6	0
cg12814030	7	8	0
cg12814030	42	43	0
cg12841266	4	5	0
cg12841266	19	20	0
cg12841266	33	34	0
cg12841266	50	51	0
cg12841266	65	66	0
cg12841266	73	74	0
cg12841266	76	77	0
cg12879445	45	46	0
cg12879445	50	51	0
cg12910788	69	70	0
cg12917050	23	24	0
cg12945120	15	16	0
cg12945120	17	18	0
cg12945120	25	26	0
cg12945120	27	28	0
cg12945120	35	36	0
cg12945120	38	39	0
cg12945120	58	59	0
cg12959926	5	6	0
cg12959926	26	27	0
cg12959926	28	29	0
cg12959926	35	36	0
cg12959926	37	38	0
cg12959926	51	52	0
cg12959926	71	72	0
cg12986671	16	17	0
cg12986671	29	30	0
cg12991729	31	32	0
cg13011653	16	17	100
cg13029792	23	24	100
cg13029792	27	28	50
cg13029792	30	31	66.6666666666667
cg13029792	39	40	0
cg13029792	41	42	0
cg13029792	73	74	100
cg13090788	23	24	0
cg13102585	53	54	0
cg13102585	75	76	0
cg13107977	28	29	50
cg13107977	36	37	0
cg13107977	52	53	100
cg13143654	45	46	33.3333333333333
cg13143654	47	48	0
cg13143654	51	52	0
cg13143654	53	54	0
cg13145648	15	16	0
cg13151303	21	22	0
cg13153497	11	12	25
cg13153497	14	15	0
cg13153497	30	31	0
cg13153497	45	46	0
cg13153497	51	52	0
cg13153497	53	54	0
cg13153497	56	57	0
cg13153497	59	60	0
cg13153497	63	64	0
cg13153497	77	78	0
cg13185781	21	22	100
cg13185781	44	45	100
cg13193455	31	32	0
cg13193455	34	35	0
cg13193455	64	65	0
cg13193455	67	68	0
cg13193455	70	71	0
cg13194536	50	51	100
cg13278722	3	4	100
cg13278722	12	13	0
cg13278722	39	40	100
cg13278722	69	70	0
cg13313667	57	58	100
cg13313667	59	60	0
cg13313667	62	63	0
cg13313667	71	72	0
cg13374681	9	10	50
cg13374681	41	42	50
cg13374681	44	45	100
cg13374681	47	48	100
cg13402193	36	37	100
cg13477804	7	8	0
cg13477804	15	16	0
cg13477804	31	32	0
cg13477804	48	49	0
cg13477804	60	61	0
cg13486820	3	4	100
cg13486820	9	10	100
cg13486820	39	40	50
cg13486820	49	50	0
cg13487071	33	34	50
cg13487071	67	68	100
cg13551010	5	6	0
cg13551010	16	17	0
cg13579064	14	15	100
cg13579064	16	17	0
cg13579064	24	25	0
cg13579064	35	36	0
cg13579064	62	63	0
cg13579064	64	65	0
cg13579064	76	77	0
cg13604683	55	56	0
cg13660279	12	13	0
cg13694139	3	4	0
cg13732394	55	56	0
cg13732394	58	59	0
cg13732394	68	69	0
cg13739934	10	11	0
cg13739934	13	14	100
cg13739934	75	76	0
cg13739934	79	80	0
cg13766016	3	4	0
cg13766016	11	12	0
cg13766016	49	50	0
cg13821797	52	53	0
cg13834844	10	11	0
cg13834844	35	36	0
cg13837730	52	53	50
cg13837730	74	75	100
cg13845517	15	16	0
cg13845517	57	58	100
cg13845517	66	67	66.6666666666667
cg13848598	5	6	0
cg13848598	8	9	0
cg13848598	10	11	0
cg13848598	34	35	0
cg13848598	57	58	0
cg13854663	31	32	0
cg13854663	33	34	0
cg13901789	54	55	0
cg13901789	58	59	0
cg13971339	11	12	50
cg13971339	14	15	50
cg13971339	67	68	0
cg14001847	6	7	100
cg14001847	51	52	0
cg14005972	19	20	0
cg14005972	23	24	0
cg14019317	8	9	0
cg14019317	10	11	0
cg14019317	12	13	0
cg14019317	14	15	0
cg14019317	16	17	0
cg14019317	18	19	0
cg14019317	26	27	0
cg14019317	28	29	0
cg14019317	34	35	0
cg14019317	36	37	0
cg14019317	44	45	0
cg14019317	47	48	0
cg14020187	21	22	100
cg14033937	35	36	0
cg14033937	37	38	0
cg14033937	38	39	0
cg14033937	40	41	0
cg14033937	64	65	0
cg14033937	69	70	0
cg14043264	15	16	0
cg14043264	42	43	0
cg14043264	57	58	0
cg14044818	51	52	0
cg14100627	48	49	0
cg14100627	50	51	0
cg14100627	65	66	0
cg14100627	67	68	0
cg14136831	10	11	0
cg14136831	60	61	0
cg14136831	66	67	100
cg14140337	26	27	0
cg14140337	69	70	50
cg14140337	72	73	100
cg14140337	74	75	0
cg14160701	26	27	0
cg14190856	28	29	0
cg14190856	51	52	0
cg14190856	57	58	0
cg14190856	68	69	0
cg14190856	70	71	0
cg14297772	8	9	100
cg14306227	13	14	0
cg14306227	15	16	0
cg14306227	21	22	0
cg14306227	23	24	0
cg14306227	42	43	0
cg14306227	44	45	0
cg14306227	63	64	0
cg14306227	65	66	0
cg14306227	69	70	0
cg14306227	71	72	0
cg14311946	41	42	0
cg14311946	43	44	33.3333333333333
cg14311946	49	50	0
cg14311946	51	52	0
cg14311946	63	64	0
cg14322760	11	12	0
cg14360629	26	27	0
cg14361875	27	28	0
cg14363797	21	22	100
cg14403768	66	67	100
cg14415958	67	68	0
cg14416589	30	31	100
cg14427009	14	15	0
cg14427009	36	37	0
cg14444723	8	9	0
cg14491141	42	43	0
cg14491141	50	51	0
cg14491141	52	53	0
cg14491141	55	56	0
cg14525247	1	2	0
cg14525247	9	10	0
cg14525247	15	16	0
cg14525247	23	24	0
cg14525247	43	44	0
cg14525247	46	47	0
cg14666740	35	36	0
cg14666740	40	41	100
cg14702498	54	55	0
cg14715530	13	14	0
cg14715530	16	17	0
cg14715530	18	19	0
cg14715530	30	31	0
cg14715530	32	33	0
cg14715530	36	37	0
cg14715530	46	47	0
cg14728698	12	13	33.3333333333333
cg14728698	23	24	66.6666666666667
cg14778330	42	43	0
cg14778330	44	45	100
cg14778330	58	59	0
cg14783231	4	5	100
cg14788180	43	44	100
cg14788180	65	66	0
cg14788180	72	73	0
cg14800351	35	36	100
cg14815482	53	54	0
cg14815482	64	65	0
cg14824014	60	61	100
cg14903956	13	14	0
cg14903956	37	38	0
cg14977462	42	43	100
cg14977462	57	58	0
cg14991487	75	76	100
cg15004491	31	32	0
cg15012446	74	75	0
cg15028045	65	66	0
cg15043841	63	64	0
cg15043841	67	68	0
cg15075184	38	39	100
cg15099692	51	52	0
cg15099692	58	59	0
cg15109083	43	44	0
cg15109083	47	48	0
cg15154755	49	50	100
cg15154755	56	57	100
cg15154755	70	71	100
cg15169791	28	29	0
cg15169791	30	31	0
cg15169791	57	58	0
cg15169791	61	62	0
cg15217416	62	63	0
cg15219744	38	39	0
cg15219830	55	56	0
cg15219830	57	58	0
cg15219830	62	63	0
cg15219830	64	65	100
cg15219830	68	69	0
cg15221079	38	39	0
cg15262576	23	24	0
cg15437942	38	39	0
cg15503346	7	8	0
cg15503346	19	20	0
cg15503346	27	28	0
cg15503346	55	56	0
cg15503346	63	64	0
cg15503346	65	66	0
cg15512297	72	73	0
cg15516833	42	43	0
cg15516833	61	62	0
cg15516833	74	75	0
cg15545854	27	28	50
cg15545854	50	51	0
cg15555425	62	63	100
cg15566115	33	34	0
cg15566115	40	41	100
cg15608939	33	34	0
cg15608939	58	59	0
cg15639204	39	40	0
cg15639204	48	49	0
cg15639204	55	56	0
cg15658912	8	9	0
cg15658912	15	16	0
cg15658912	31	32	0
cg15658912	44	45	0
cg15658912	46	47	0
cg15658912	60	61	0
cg15658912	65	66	0
cg15658912	73	74	0
cg15713129	25	26	0
cg15713129	40	41	0
cg15713129	49	50	0
cg15713129	61	62	0
cg15713129	75	76	0
cg15723222	38	39	0
cg15723222	40	41	0
cg15723222	69	70	0
cg15723222	73	74	100
cg15726426	35	36	0
cg15741341	12	13	0
cg15746205	27	28	100
cg15823859	29	30	50
cg15834661	22	23	25
cg15846956	13	14	0
cg15890010	12	13	0
cg15890010	52	53	50
cg15903069	15	16	50
cg15913680	20	21	0
cg15913680	36	37	0
cg15913680	40	41	0
cg15913680	46	47	0
cg15913680	47	48	0
cg15913680	49	50	0
cg15932297	7	8	100
cg15952296	40	41	0
cg15998452	7	8	0
cg16006022	55	56	0
cg16006022	71	72	0
cg16046465	21	22	100
cg16046465	40	41	0
cg16046465	43	44	0
cg16046465	45	46	0
cg16046465	48	49	0
cg16046465	55	56	0
cg16046465	56	57	0
cg16046465	58	59	0
cg16046465	59	60	0
cg16046465	61	62	0
cg16046465	67	68	0
cg16046465	69	70	0
cg16071226	17	18	0
cg16073238	34	35	33.3333333333333
cg16073238	36	37	0
cg16073238	38	39	0
cg16073238	40	41	0
cg16073238	42	43	0
cg16073238	44	45	0
cg16073238	46	47	0
cg16073238	48	49	0
cg16073238	58	59	0
cg16102371	18	19	0
cg16102371	22	23	0
cg16102371	54	55	0
cg16103501	8	9	100
cg16103501	70	71	0
cg16111936	62	63	0
cg16113298	72	73	0
cg16118889	64	65	100
cg16118889	71	72	100
cg16188689	14	15	50
cg16188689	21	22	0
cg16290482	46	47	0
cg16290482	67	68	0
cg16313026	28	29	100
cg16313026	30	31	0
cg16313026	53	54	100
cg16384721	6	7	0
cg16384721	9	10	0
cg16384721	14	15	0
cg16384721	26	27	0
cg16384721	39	40	0
cg16384721	46	47	0
cg16384721	51	52	0
cg16384721	58	59	0
cg16384721	65	66	0
cg16427848	20	21	0
cg16427848	26	27	0
cg16434122	22	23	100
cg16434122	24	25	0
cg16434122	28	29	0
cg16456408	18	19	0
cg16456408	20	21	0
cg16456408	29	30	0
cg16456408	31	32	0
cg16456408	35	36	0
cg16456408	37	38	0
cg16456408	39	40	0
cg16456408	41	42	0
cg16456408	48	49	0
cg16456408	50	51	0
cg16456408	64	65	0
cg16456408	66	67	0
cg16456408	75	76	0
cg16456627	69	70	100
cg16456627	74	75	50
cg16501308	14	15	0
cg16501308	17	18	0
cg16501308	22	23	100
cg16550733	3	4	0
cg16550733	19	20	0
cg16550733	55	56	0
cg16582309	13	14	0
cg16582309	18	19	0
cg16582309	31	32	0
cg16606195	51	52	0
cg16625559	63	64	0
cg16658659	20	21	0
cg16672799	24	25	0
cg16675686	47	48	100
cg16675686	76	77	0
cg16678811	21	22	0
cg16678811	47	48	100
cg16692317	25	26	0
cg16692317	41	42	0
cg16692317	44	45	0
cg16744551	28	29	0
cg16744551	30	31	0
cg16744551	39	40	0
cg16744551	41	42	0
cg16744551	58	59	0
cg16761811	41	42	100
cg16848740	45	46	50
cg16872560	43	44	0
cg16908172	56	57	0
cg16908172	66	67	0
cg16925789	11	12	0
cg16925789	13	14	0
cg16948650	9	10	0
cg16948650	65	66	0
cg16986738	21	22	100
cg16986738	42	43	100
cg17057912	37	38	100
cg17061244	8	9	0
cg17061244	27	28	0
cg17061244	35	36	0
cg17061244	53	54	0
cg17061244	54	55	0
cg17061244	63	64	100
cg17137627	10	11	100
cg17137627	55	56	0
cg17137627	71	72	100
cg17177168	50	51	0
cg17206772	3	4	0
cg17206772	10	11	100
cg17206772	33	34	0
cg17212850	30	31	0
cg17257156	20	21	0
cg17257156	22	23	0
cg17257156	26	27	0
cg17257156	28	29	0
cg17257156	33	34	0
cg17257156	35	36	0
cg17257156	47	48	0
cg17257156	51	52	0
cg17257156	53	54	0
cg17257156	63	64	0
cg17257156	66	67	0
cg17307267	18	19	0
cg17307267	34	35	0
cg17307267	44	45	0
cg17307267	49	50	0
cg17307267	62	63	0
cg17307267	64	65	0
cg17307267	66	67	0
cg17307267	68	69	0
cg17329011	19	20	0
cg17398634	12	13	0
cg17426532	52	53	0
cg17437489	47	48	0
cg17438987	13	14	0
cg17438987	46	47	100
cg17541971	21	22	0
cg17541971	34	35	0
cg17609931	38	39	0
cg17609931	56	57	0
cg17662507	26	27	0
cg17696987	11	12	0
cg17696987	13	14	0
cg17696987	41	42	0
cg17696987	43	44	100
cg17711361	4	5	100
cg17711361	60	61	0
cg17726355	62	63	0
cg17726355	67	68	100
cg17764331	9	10	0
cg17764331	14	15	0
cg17769560	37	38	0
cg17769560	45	46	0
cg17779362	14	15	100
cg17779362	17	18	100
cg17820491	19	20	100
cg17840681	70	71	0
cg17942031	23	24	0
cg17942031	25	26	0
cg17942031	29	30	0
cg17942031	31	32	0
cg17942031	72	73	0
cg17961335	6	7	100
cg17997082	55	56	50
cg17997082	61	62	0
cg17997082	64	65	0
cg18010822	76	77	100
cg18120675	32	33	0
cg18120675	37	38	0
cg18120675	43	44	100
cg18120675	45	46	0
cg18120675	62	63	0
cg18135595	34	35	50
cg18149227	25	26	100
cg18153575	66	67	100
cg18271715	16	17	100
cg18284930	23	24	0
cg18284930	36	37	0
cg18284930	38	39	0
cg18284930	50	51	0
cg18284930	52	53	0
cg18284930	53	54	0
cg18284930	55	56	0
cg18306254	20	21	0
cg18306254	65	66	0
cg18331800	10	11	0
cg18334734	64	65	0
cg18397523	21	22	0
cg18397523	24	25	0
cg18397523	29	30	0
cg18397523	44	45	0
cg18397523	47	48	0
cg18397523	58	59	0
cg18459384	61	62	0
cg18480384	32	33	0
cg18480384	36	37	0
cg18480384	42	43	0
cg18480384	44	45	0
cg18480384	46	47	0
cg18480384	48	49	0
cg18480384	50	51	0
cg18480384	52	53	0
cg18480384	54	55	0
cg18480384	56	57	0
cg18501647	48	49	0
cg18532887	63	64	50
cg18560297	61	62	0
cg18629679	21	22	0
cg18629679	47	48	0
cg18629679	49	50	0
cg18629679	63	64	0
cg18659931	6	7	0
cg18659931	47	48	0
cg18678822	36	37	0
cg18678822	49	50	0
cg18743610	22	23	0
cg18743610	25	26	0
cg18743610	45	46	0
cg18743610	60	61	0
cg18760617	22	23	0
cg18760617	24	25	0
cg18760617	28	29	0
cg18760617	30	31	0
cg18760617	31	32	0
cg18760617	33	34	0
cg18760617	44	45	0
cg18760617	46	47	0
cg18802184	27	28	100
cg18809102	25	26	100
cg18809102	29	30	100
cg18809102	37	38	0
cg18809102	44	45	0
cg18815657	14	15	0
cg18815657	19	20	0
cg18815657	58	59	0
cg18821963	29	30	0
cg18821963	34	35	0
cg18821963	38	39	0
cg18849004	17	18	0
cg18906085	30	31	0
cg18906085	35	36	100
cg18907778	36	37	0
cg18907778	39	40	0
cg18919816	7	8	100
cg18919816	28	29	50
cg18919816	56	57	0
cg18922837	58	59	100
cg18922837	65	66	100
cg18922837	67	68	50
cg18937940	12	13	0
cg18937940	34	35	100
cg18968947	62	63	0
cg18972426	26	27	0
cg18972426	66	67	0
cg18972426	71	72	0
cg19011483	27	28	50
cg19028261	58	59	0
cg19050854	19	20	100
cg19107290	18	19	100
cg19107537	68	69	100
cg19117962	35	36	0
cg19133511	44	45	50
cg19169532	7	8	100
cg19169532	34	35	0
cg19175123	23	24	0
cg19175123	25	26	0
cg19208044	71	72	100
cg19234378	13	14	0
cg19234378	34	35	0
cg19234378	36	37	0
cg19234378	42	43	0
cg19234378	44	45	0
cg19234378	56	57	0
cg19234378	58	59	0
cg19292353	24	25	0
cg19355530	34	35	0
cg19355530	39	40	0
cg19355776	77	78	0
cg19549894	8	9	0
cg19549894	11	12	100
cg19549894	25	26	0
cg19615998	65	66	0
cg19631884	8	9	0
cg19631884	11	12	0
cg19631884	18	19	0
cg19631884	20	21	0
cg19631884	33	34	0
cg19631884	35	36	0
cg19631884	39	40	0
cg19631884	42	43	0
cg19665667	13	14	0
cg19665667	46	47	0
cg19833686	68	69	100
cg19839747	32	33	0
cg19873240	33	34	0
cg19873240	46	47	0
cg19873240	49	50	0
cg19873240	55	56	0
cg19873240	66	67	0
cg19915213	14	15	100
cg19915213	17	18	50
cg19915213	21	22	75
cg19915213	41	42	80
cg19915213	44	45	20
cg19915213	48	49	80
cg19915213	51	52	50
cg19915213	74	75	0
cg19929340	54	55	0
cg19929340	58	59	0
cg19936176	2	3	0
cg19936176	7	8	100
cg19936176	38	39	0
cg19939065	8	9	0
cg19939065	71	72	0
cg19981759	50	51	0
cg19981759	67	68	0
cg19982295	39	40	0
cg19982295	72	73	0
cg20006236	27	28	100
cg20011459	44	45	0
cg20042949	26	27	0
cg20126035	55	56	100
cg20126035	58	59	0
cg20126035	61	62	0
cg20149183	17	18	100
cg20149183	55	56	0
cg20149183	62	63	0
cg20168721	38	39	100
cg20186843	14	15	0
cg20186843	25	26	0
cg20186843	40	41	50
cg20186843	44	45	50
cg20186843	77	78	100
cg20233387.1	28	29	100
cg20233387.1	76	77	0
cg20242875	9	10	50
cg20242875	14	15	0
cg20242875	21	22	33.3333333333333
cg20242875	25	26	0
cg20242875	38	39	100
cg20242875	40	41	0
cg20257486	48	49	100
cg20268522	25	26	0
cg20346209	34	35	0
cg20346209	43	44	0
cg20346209	68	69	0
cg20358314	13	14	50
cg20358438	16	17	0
cg20358438	59	60	0
cg20358438	68	69	0
cg20374928	11	12	0
cg20374928	67	68	100
cg20382445	39	40	50
cg20382445	41	42	50
cg20382445	59	60	0
cg20412711	11	12	0
cg20412711	12	13	0
cg20412711	14	15	0
cg20412711	24	25	100
cg20412711	42	43	100
cg20424596	70	71	0
cg20425337	5	6	0
cg20462566	31	32	0
cg20469625	19	20	100
cg20469625	57	58	0
cg20469625	59	60	100
cg20469625	67	68	0
cg20568292	14	15	0
cg20568292	16	17	0
cg20627844	25	26	0
cg20627844	37	38	0
cg20627844	70	71	0
cg20638025	30	31	33.3333333333333
cg20638025	64	65	0
cg20687703	13	14	0
cg20687703	22	23	0
cg20687703	33	34	0
cg20718201	62	63	0
cg20805191	18	19	0
cg20805191	54	55	0
cg20821442	20	21	100
cg20821442	22	23	0
cg20821442	55	56	33.3333333333333
cg20821442	57	58	0
cg20821442	64	65	0
cg20821442	66	67	0
cg20823439	67	68	0
cg20829742	43	44	0
cg20843173	66	67	0
cg20872072	5	6	50
cg20872072	24	25	80
cg20872072	47	48	100
cg20916989	51	52	0
cg20916989	56	57	0
cg20916989	65	66	0
cg20925142	21	22	0
cg20925142	30	31	0
cg20925142	32	33	0
cg20925142	36	37	0
cg20925142	38	39	0
cg20925142	50	51	33.3333333333333
cg20925142	71	72	0
cg20950377	15	16	0
cg20960545	18	19	0
cg20960545	23	24	0
cg20960545	25	26	0
cg20960545	48	49	0
cg20960545	50	51	0
cg20960545	53	54	0
cg20960545	55	56	0
cg20960545	65	66	0
cg20960545	67	68	0
cg21027282	17	18	100
cg21027282	20	21	100
cg21027282	24	25	100
cg21046297	18	19	50
cg21077839	20	21	0
cg21077839	33	34	0
cg21077839	44	45	50
cg21077839	64	65	0
cg21097283	71	72	100
cg21107288	22	23	0
cg21107288	50	51	0
cg21107288	62	63	100
cg21115959	49	50	100
cg21155517	64	65	100
cg21166964	6	7	0
cg21166964	11	12	0
cg21177673	64	65	0
cg21177673	67	68	0
cg21181292	42	43	0
cg21187101	50	51	100
cg21187101	53	54	0
cg21199453	52	53	100
cg21206637	4	5	0
cg21206637	20	21	0
cg21258436	62	63	0
cg21274598	29	30	0
cg21294440	23	24	0
cg21294440	42	43	0
cg21329093	36	37	0
cg21335694	27	28	0
cg21335694	52	53	0
cg21344984	9	10	50
cg21344984	17	18	0
cg21423577	46	47	100
cg21452781	8	9	0
cg21452781	10	11	0
cg21452781	14	15	0
cg21452781	16	17	0
cg21452781	48	49	0
cg21452781	50	51	0
cg21474882	30	31	0
cg21474882	34	35	0
cg21474882	38	39	0
cg21474882	53	54	0
cg21474882	61	62	0
cg21489919	3	4	0
cg21489919	54	55	0
cg21489919	57	58	0
cg21489919	72	73	100
cg21526720	27	28	100
cg21532698	66	67	0
cg21532698	69	70	0
cg21538469	35	36	100
cg21538469	66	67	0
cg21578463	70	71	0
cg21607628	33	34	0
cg21608575	60	61	0
cg21639837	53	54	50
cg21639837	65	66	0
cg21654796	71	72	100
cg21664322	42	43	0
cg21665058	27	28	0
cg21665058	33	34	0
cg21665058	38	39	0
cg21686577	6	7	0
cg21686577	21	22	0
cg21686577	31	32	0
cg21686577	36	37	0
cg21686577	38	39	0
cg21686577	54	55	0
cg21686577	79	80	0
cg21692288	74	75	0
cg21767196	13	14	0
cg21767196	26	27	0
cg21767196	55	56	100
cg21767196	61	62	100
cg21767196	65	66	100
cg21797039	67	68	0
cg21820842	30	31	50
cg21821214	71	72	0
cg21836885	22	23	100
cg21849844	17	18	0
cg21849844	42	43	50
cg21849844	59	60	0
cg21871721	37	38	0
cg21871721	42	43	0
cg21871721	63	64	25
cg21876626	11	12	0
cg21876626	25	26	0
cg21876626	70	71	0
cg21973311	7	8	0
cg21973311	77	78	0
cg22029297	63	64	0
cg22029297	66	67	0
cg22029297	68	69	100
cg22031066	5	6	0
cg22031066	28	29	0
cg22031066	30	31	0
cg22031066	56	57	0
cg22031066	76	77	100
cg22040516	41	42	100
cg22040516	68	69	100
cg22044564	30	31	0
cg22044564	36	37	100
cg22044564	45	46	0
cg22069272	9	10	100
cg22070406	7	8	50
cg22070406	38	39	100
cg22075146	5	6	0
cg22078760	40	41	0
cg22078760	73	74	50
cg22191805	17	18	0
cg22191805	35	36	0
cg22191805	37	38	0
cg22191805	40	41	0
cg22191805	42	43	0
cg22191805	47	48	0
cg22191805	53	54	0
cg22191805	55	56	0
cg22191805	59	60	0
cg22191805	61	62	0
cg22223787	15	16	100
cg22223787	47	48	0
cg22239730	18	19	0
cg22249391	67	68	0
cg22290035	2	3	0
cg22290035	15	16	0
cg22290035	31	32	100
cg22290035	70	71	0
cg22311716	4	5	0
cg22311716	46	47	0
cg22320967	63	64	0
cg22399626	38	39	0
cg22399626	43	44	0
cg22399626	58	59	0
cg22527167	68	69	50
cg22529808	65	66	100
cg22543683	8	9	0
cg22543683	44	45	100
cg22543683	57	58	33.3333333333333
cg22543683	60	61	0
cg22543683	63	64	0
cg22562422	7	8	0
cg22562422	9	10	0
cg22562422	13	14	0
cg22562422	25	26	0
cg22562422	27	28	0
cg22714777	28	29	100
cg22714777	52	53	0
cg22719669	41	42	0
cg22724078	52	53	100
cg22728816	31	32	0
cg22750057	11	12	0
cg22750057	18	19	0
cg22750057	48	49	0
cg22750057	53	54	0
cg22750057	59	60	0
cg22750057	61	62	0
cg22750057	68	69	0
cg22750057	76	77	0
cg22907348	30	31	0
cg22907348	34	35	100
cg22971559	67	68	0
cg22979709	53	54	0
cg23055029	13	14	0
cg23055029	20	21	0
cg23055029	32	33	0
cg23055029	39	40	0
cg23059642	14	15	50
cg23059642	15	16	0
cg23068674	7	8	0
cg23068674	19	20	0
cg23068674	52	53	0
cg23068674	59	60	0
cg23068674	70	71	0
cg23076498	19	20	100
cg23081020	20	21	0
cg23087015	15	16	0
cg23087015	60	61	0
cg23087015	68	69	100
cg23091488	55	56	0
cg23091488	75	76	0
cg23114866	56	57	0
cg23143204	18	19	0
cg23143204	20	21	0
cg23143204	30	31	50
cg23143204	59	60	0
cg23143204	61	62	0
cg23143204	66	67	0
cg23143204	68	69	0
cg23146472	43	44	0
cg23146472	46	47	0
cg23146472	56	57	0
cg23197154	26	27	0
cg23197154	48	49	50
cg23197560	14	15	0
cg23222370	61	62	0
cg23281380	46	47	0
cg23302461	34	35	100
cg23302461	44	45	0
cg23318877	23	24	0
cg23318877	65	66	0
cg23384377	26	27	0
cg23384377	63	64	0
cg23425044	42	43	0
cg23425044	56	57	0
cg23425044	63	64	0
cg23496355	39	40	0
cg23496355	49	50	0
cg23496355	63	64	0
cg23499850	28	29	100
cg23499850	42	43	0
cg23582869	74	75	0
cg23582869	79	80	0
cg23626248	21	22	100
cg23626248	70	71	0
cg23630163	20	21	0
cg23630163	23	24	0
cg23630163	26	27	0
cg23630163	42	43	0
cg23630163	44	45	0
cg23630163	49	50	0
cg23643259	69	70	100
cg23644927	37	38	0
cg23644927	39	40	0
cg23644927	41	42	0
cg23644927	63	64	0
cg23644927	65	66	0
cg23677945	3	4	0
cg23677945	12	13	0
cg23677945	14	15	0
cg23677945	21	22	0
cg23677945	54	55	0
cg23677945	74	75	0
cg23678852	8	9	0
cg23678852	52	53	0
cg23678852	61	62	0
cg23678852	63	64	50
cg23683971	25	26	100
cg23683971	60	61	100
cg23734662	41	42	0
cg23734662	47	48	0
cg23734662	53	54	0
cg23734662	65	66	0
cg23746998	7	8	0
cg23778391	30	31	0
cg23778391	61	62	0
cg23778391	70	71	100
cg23793099	66	67	100
cg23797553	64	65	0
cg23826041	23	24	0
cg23829949	44	45	0
cg23829949	58	59	0
cg23829949	69	70	0
cg23845691	72	73	0
cg23895839	20	21	0
cg23895839	35	36	0
cg23895839	43	44	0
cg23895839	46	47	0
cg23895839	53	54	0
cg23895839	66	67	50
cg23925685	7	8	0
cg23925685	16	17	0
cg23925685	24	25	0
cg23925685	53	54	0
cg23931730	15	16	0
cg23931730	22	23	0
cg23931730	24	25	0
cg23931730	49	50	0
cg23931730	51	52	0
cg23931730	52	53	0
cg23931730	54	55	0
cg23931730	60	61	0
cg23931730	77	78	0
cg23934404	56	57	0
cg23934404	74	75	0
cg23985931	10	11	100
cg23993631	25	26	0
cg24018680	70	71	0
cg24023187	46	47	0
cg24023187	48	49	100
cg24113826	33	34	0
cg24117712	31	32	0
cg24178740	40	41	0
cg24181917	29	30	100
cg24186396	51	52	0
cg24186396	59	60	0
cg24208587	28	29	0
cg24208587	42	43	0
cg24208587	54	55	0
cg24208587	56	57	0
cg24226527	62	63	0
cg24255409	13	14	0
cg24255409	19	20	0
cg24255409	22	23	0
cg24255409	25	26	0
cg24255409	28	29	0
cg24255409	29	30	0
cg24255409	31	32	0
cg24255409	34	35	0
cg24255409	44	45	0
cg24255409	46	47	0
cg24255409	49	50	0
cg24255409	62	63	0
cg24265558	53	54	0
cg24265558	73	74	0
cg24265610	22	23	0
cg24265610	27	28	100
cg24265610	43	44	100
cg24265610	46	47	100
cg24265610	57	58	0
cg24275772	5	6	0
cg24275772	45	46	0
cg24293580	54	55	0
cg24293580	75	76	100
cg24310367	23	24	0
cg24310367	29	30	0
cg24310367	42	43	0
cg24444575	43	44	100
cg24444575	46	47	100
cg24444575	64	65	0
cg24444575	70	71	0
cg24446586	53	54	0
cg24458752	25	26	0
cg24466972	21	22	0
cg24533228	18	19	0
cg24533228	54	55	0
cg24551749	23	24	0
cg24551749	26	27	0
cg24555998	23	24	0
cg24555998	25	26	0
cg24555998	32	33	50
cg24555998	34	35	0
cg24555998	50	51	0
cg24555998	57	58	0
cg24555998	59	60	0
cg24555998	64	65	0
cg24555998	66	67	0
cg24570563	11	12	0
cg24570563	23	24	0
cg24570563	27	28	0
cg24570563	30	31	0
cg24570563	44	45	0
cg24570563	46	47	100
cg24573918	58	59	0
cg24596418	29	30	0
cg24596418	42	43	0
cg24596418	48	49	0
cg24596418	65	66	0
cg24602691	33	34	0
cg24717141	50	51	100
cg24724167	8	9	0
cg24782168	3	4	0
cg24782168	12	13	0
cg24782168	14	15	0
cg24782168	43	44	100
cg24782168	56	57	33.3333333333333
cg24786875	49	50	0
cg24786875	66	67	0
cg24799293	41	42	100
cg24799293	45	46	0
cg24799293	49	50	100
cg24822649	57	58	100
cg24840164	32	33	100
cg24840164	34	35	0
cg24840164	46	47	0
cg24855838	9	10	100
cg24855838	12	13	0
cg24879798	61	62	0
cg24879798	69	70	0
cg24886640	32	33	0
cg24886640	35	36	0
cg24970974	38	39	0
cg24970974	56	57	0
cg24970974	60	61	0
cg24970974	70	71	0
cg25001128	54	55	0
cg25048905	30	31	0
cg25048905	75	76	100
cg25073174	19	20	100
cg25073174	28	29	0
cg25073174	31	32	0
cg25073174	58	59	0
cg25087729	50	51	0
cg25087729	54	55	0
cg25097115	19	20	0
cg25097115	40	41	100
cg25150443	57	58	100
cg25150443	63	64	0
cg25165498	58	59	0
cg25209681	8	9	100
cg25211765	46	47	0
cg25235409	16	17	0
cg25235409	29	30	0
cg25235409	35	36	0
cg25235409	37	38	0
cg25235409	53	54	0
cg25235409	62	63	100
cg25244980	16	17	0
cg25244980	43	44	0
cg25244980	67	68	0
cg25244980	74	75	0
cg25249632	24	25	100
cg25249632	66	67	0
cg25249632	76	77	0
cg25269710	64	65	0
cg25273233	33	34	0
cg25273233	57	58	0
cg25278465	9	10	100
cg25278465	12	13	50
cg25278465	67	68	0
cg25322213	25	26	0
cg25322213	53	54	0
cg25327134	4	5	50
cg25327134	12	13	0
cg25327134	38	39	50
cg25327134	65	66	100
cg25339883	39	40	0
cg25339883	42	43	0
cg25339883	44	45	0
cg25339883	50	51	0
cg25339883	52	53	50
cg25339883	58	59	0
cg25339883	60	61	0
cg25363348	45	46	66.6666666666667
cg25379954	4	5	0
cg25398727	25	26	100
cg25400234	18	19	0
cg25400234	37	38	0
cg25400234	42	43	0
cg25400234	52	53	0
cg25402449	13	14	0
cg25402449	38	39	0
cg25402449	42	43	0
cg25402449	68	69	0
cg25430089	9	10	50
cg25430089	31	32	0
cg25430089	36	37	0
cg25430089	67	68	33.3333333333333
cg25467381	14	15	100
cg25467381	48	49	0
cg25473942	39	40	14.2857142857143
cg25473942	68	69	0
cg25473942	70	71	0
cg25473942	74	75	0
cg25502186	57	58	100
cg25502186	71	72	0
cg25581768	65	66	0
cg25642165	53	54	0
cg25764105	42	43	0
cg25764105	69	70	0
cg25768681	4	5	0
cg25773519	8	9	0
cg25773519	28	29	0
cg25773519	42	43	0
cg25773519	54	55	0
cg25773519	63	64	0
cg25773519	66	67	0
cg25854701	13	14	0
cg25878799	39	40	0
cg25878799	46	47	0
cg25889011	12	13	0
cg25889011	16	17	100
cg25957641	16	17	0
cg25957641	29	30	0
cg25957641	35	36	0
cg25957641	37	38	0
cg25974040	50	51	0
cg25974818	11	12	0
cg25974818	37	38	50
cg25974818	64	65	0
cg26024182	43	44	0
cg26024182	46	47	0
cg26024182	48	49	100
cg26109480	68	69	0
cg26155008	42	43	0
cg26174523	70	71	0
cg26192895	63	64	0
cg26226211	73	74	50
cg26286303	17	18	100
cg26286303	41	42	0
cg26286303	64	65	0
cg26286303	67	68	100
cg26286303	76	77	0
cg26306124	13	14	0
cg26312920	44	45	0
cg26312920	48	49	0
cg26312920	53	54	0
cg26312920	67	68	0
cg26312920	69	70	0
cg26313355	25	26	0
cg26313355	30	31	0
cg26313355	39	40	0
cg26313355	41	42	0
cg26313355	43	44	0
cg26313355	55	56	0
cg26313355	57	58	0
cg26352306	20	21	100
cg26373046	66	67	0
cg26373046	68	69	0
cg26438612	56	57	0
cg26451479	41	42	0
cg26451479	44	45	0
cg26451479	64	65	0
cg26491213	44	45	0
cg26495946	31	32	0
cg26511217	65	66	0
cg26511217	75	76	0
cg26530991	14	15	100
cg26538799	33	34	0
cg26567841	30	31	0
cg26631126	42	43	100
cg26631126	57	58	0
cg26631126	74	75	100
cg26644063	33	34	0
cg26690989	9	10	0
cg26690989	29	30	0
cg26690989	44	45	0
cg26690989	46	47	0
cg26690989	57	58	0
cg26718996	41	42	0
cg26718996	43	44	0
cg26718996	56	57	0
cg26718996	59	60	0
cg26718996	60	61	50
cg26718996	62	63	0
cg26718996	73	74	0
cg26830742	77	78	100
cg26834803	11	12	0
cg26834803	40	41	0
cg26844246	10	11	0
cg26844246	12	13	0
cg26844246	16	17	0
cg26844246	22	23	0
cg26844246	25	26	0
cg26844246	47	48	0
cg26844246	49	50	0
cg26844246	64	65	50
cg26846067	4	5	0
cg26846067	22	23	0
cg26846067	27	28	0
cg26931581	51	52	0
cg26962970	11	12	0
cg26962970	16	17	0
cg26984034	62	63	0
cg27005345	18	19	0
cg27005345	22	23	0
cg27005345	26	27	0
cg27005345	32	33	0
cg27005345	35	36	0
cg27005345	38	39	0
cg27005345	59	60	0
cg27009703	59	60	100
cg27009703	66	67	0
cg27028049	25	26	0
cg27028049	55	56	100
cg27049734	65	66	0
cg27061549	6	7	0
cg27061549	14	15	0
cg27061549	34	35	0
cg27101921	13	14	0
cg27101921	60	61	100
cg27121137	32	33	0
cg27121137	76	77	0
cg27146637	10	11	0
cg27146637	18	19	0
cg27146637	23	24	0
cg27146637	73	74	0
cg27149782	45	46	0
cg27149782	70	71	0
cg27151102	67	68	50
cg27159708	42	43	0
cg27159708	52	53	0
cg27196467	18	19	100
cg27201382	23	24	0
cg27213895	13	14	0
cg27256262	14	15	0
cg27256262	68	69	0
cg27257879	21	22	0
cg27294582	26	27	100
cg27323505	38	39	0
cg27365371	12	13	0
cg27365371	42	43	0
cg27365371	51	52	0
cg27389123	17	18	0
cg27389123	24	25	0
cg27425459	5	6	100
cg27425459	15	16	0
cg27447914	60	61	0
cg27455566	16	17	0
cg27496468	33	34	0
cg27534091	53	54	100
cg27553955	4	5	100
cg27553955	9	10	100
cg27553955	11	12	100
cg27553955	26	27	50
cg27553955	69	70	50
cg27562808	56	57	0
cg27562808	59	60	0
cg27562808	64	65	0
cg27562808	72	73	0
cg27639460	11	12	50
