track type=bedGraph
cg00158333	13	14	100
cg00987824	7	8	0
cg00987824	31	32	100
cg00987824	35	36	100
cg01090774	61	62	0
cg01368226	74	75	100
cg01935699	56	57	100
cg02083803	63	64	100
cg02340142	59	60	0
cg02379880	66	67	100
cg02486904	10	11	0
cg02676375	29	30	100
cg02690638	60	61	0
cg02905739	59	60	100
cg02905739	64	65	100
cg02972618	32	33	0
cg03064169	49	50	100
cg03144020	72	73	100
cg03218689	5	6	100
cg03218689	58	59	100
cg03218689	62	63	0
cg03597491	26	27	100
cg03597491	45	46	100
cg03639871	29	30	0
cg03674256	31	32	0
cg03697136	36	37	100
cg03697136	40	41	0
cg03697136	56	57	100
cg03697136	61	62	100
cg03787614	40	41	100
cg03880910	62	63	0
cg03938432	18	19	0
cg03938432	59	60	100
cg04168436	22	23	50
cg04336027	31	32	100
cg04504700	63	64	0
cg04504700	69	70	100
cg04688368	62	63	0
cg04804914	50	51	0
cg04804914	64	65	100
cg04863645	17	18	100
cg04878542	11	12	100
cg04878542	31	32	100
cg04905851	26	27	100
cg05234920	18	19	100
cg05359706	31	32	100
cg05497416	50	51	100
cg05575054	65	66	100
cg05886164	44	45	100
cg06206751	56	57	100
cg06242145	64	65	100
cg06272543	65	66	0
cg06363517	24	25	100
cg06392318	20	21	0
cg06479604	48	49	100
cg06564900	27	28	100
cg06785707	40	41	100
cg06785707	48	49	0
cg06785707	51	52	0
cg06812724	11	12	0
cg07171305	58	59	83.3333333333333
cg07550331	8	9	100
cg07705206	47	48	100
cg07705206	69	70	100
cg08315393	38	39	66.6666666666667
cg08766215	49	50	0
cg08921975	33	34	100
cg08921975	36	37	0
cg08921975	38	39	100
cg08996087	68	69	100
cg09141122	51	52	100
cg09141122	59	60	100
cg09141122	67	68	100
cg09182475	10	11	100
cg09347937	15	16	100
cg09682305	37	38	100
cg09682305	44	45	100
cg09773031	37	38	100
cg09817427	56	57	0
cg09817427	60	61	100
cg09841954	15	16	100
cg10131194	53	54	50
cg10604668	9	10	100
cg10893516	38	39	100
cg10893516	44	45	0
cg10893516	47	48	0
cg11025714	28	29	100
cg11025714	43	44	100
cg11025714	48	49	100
cg11058785	27	28	100
cg11214667	53	54	0
cg11214667	64	65	0
cg11812837	13	14	0
cg11905007	7	8	100
cg11905658	10	11	100
cg11923198	37	38	0
cg12046720	50	51	100
cg12553580	35	36	0
cg12593479	45	46	100
cg12597232	72	73	50
cg12600648	17	18	100
cg12600648	21	22	100
cg12798259	61	62	100
cg12927674	13	14	100
cg12986671	47	48	100
cg13060540	31	32	100
cg13143654	53	54	100
cg13366102	5	6	100
cg13579064	16	17	0
cg14311946	41	42	0
cg14360629	3	4	100
cg14360629	26	27	91.304347826087
cg14667871	22	23	0
cg14667871	25	26	0
cg14667871	28	29	0
cg14715530	8	9	0
cg14715530	32	33	0
cg14728698	12	13	100
cg14880389	75	76	100
cg14940505	31	32	100
cg14940505	56	57	0
cg15219830	62	63	0
cg15219830	66	67	0
cg15262576	23	24	0
cg15566115	33	34	100
cg15823859	29	30	50
cg15823859	33	34	66.6666666666667
cg15932297	7	8	0
cg16197002	7	8	0
cg16197002	40	41	100
cg16456408	18	19	100
cg16456627	45	46	0
cg16456627	69	70	100
cg16501308	22	23	0
cg16625559	63	64	0
cg16675333	26	27	0
cg16675686	47	48	100
cg16678811	47	48	100
cg16744551	28	29	66.6666666666667
cg16761811	76	77	0
cg17137627	55	56	50
cg17137627	73	74	100
cg17212850	6	7	100
cg17212850	48	49	100
cg17212850	52	53	0
cg17329011	19	20	100
cg17426532	52	53	50
cg17426532	68	69	100
cg17662507	68	69	50
cg17726355	12	13	0
cg18266944	31	32	100
cg18306254	18	19	100
cg18306254	36	37	100
cg18532887	18	19	100
cg18532887	63	64	100
cg18815657	58	59	83.3333333333333
cg19050854	1	2	100
cg19117962	35	36	90.4761904761905
cg19133511	44	45	0
cg19243613	22	23	100
cg19702779	40	41	100
cg19868479	56	57	0
cg19868479	60	61	0
cg20006236	27	28	100
cg20011459	44	45	100
cg20126035	63	64	0
cg20149183	17	18	0
cg20149183	33	34	100
cg20149183	62	63	100
cg20167583	9	10	0
cg20167583	35	36	0
cg20236179	50	51	100
cg20359134	13	14	0
cg20359134	61	62	0
cg20359134	69	70	0
cg20477718	16	17	100
cg20477718	20	21	0
cg20488057	24	25	100
cg20609321	34	35	0
cg20638025	64	65	100
cg20638025	75	76	100
cg20804050	65	66	0
cg20805191	18	19	100
cg20823439	29	30	100
cg20823439	37	38	100
cg20872072	24	25	70
cg21107288	22	23	100
cg21115959	14	15	100
cg21181292	10	11	100
cg21333598	58	59	0
cg21489919	55	56	0
cg21664322	57	58	100
cg21820842	30	31	100
cg22031066	28	29	100
cg22044564	6	7	100
cg22069272	48	49	100
cg22075146	72	73	0
cg22316499	45	46	100
cg22399626	58	59	100
cg22603530	15	16	0
cg22945864	62	63	100
cg23146472	15	16	100
cg23189934	56	57	50
cg23195996	23	24	0
cg23195996	28	29	0
cg23195996	31	32	0
cg23197560	66	67	100
cg23626248	47	48	0
cg23826041	13	14	0
cg23826041	23	24	100
cg24018680	70	71	100
cg24082948	11	12	0
cg24117712	31	32	100
cg24178740	18	19	100
cg24178740	40	41	100
cg24178740	68	69	0
cg24186396	59	60	0
cg24255409	13	14	0
cg24255409	19	20	0
cg24255409	22	23	0
cg24255409	25	26	0
cg24255409	26	27	0
cg24255409	28	29	0
cg24255409	29	30	0
cg24255409	31	32	0
cg24573918	13	14	0
cg24717141	70	71	100
cg24717141	76	77	0
cg24855838	66	67	100
cg25001128	34	35	100
cg25165498	55	56	100
cg25165498	58	59	100
cg25430089	9	10	100
cg25558655	46	47	50
cg25957641	16	17	100
cg25974040	60	61	100
cg26155008	7	8	0
cg26155008	28	29	0
cg26452091	25	26	100
cg26452091	38	39	100
cg26495946	63	64	100
cg26538799	6	7	100
cg26603143	35	36	100
cg26679061	8	9	100
cg26931581	33	34	100
cg27061549	6	7	100
cg27101921	57	58	100
cg27257879	23	24	0
cg27257879	29	30	50
cg27482461	25	26	0
cg27639460	68	69	0
