track type=bedGraph
cg00029553	15	16	100
cg00029553	20	21	100
cg00029553	22	23	100
cg00279752	6	7	100
cg00279752	7	8	100
cg00279752	41	42	100
cg00279752	44	45	100
cg00279752	45	46	80
cg00279752	51	52	100
cg00745868	53	54	0
cg00820579	32	33	33.3333333333333
cg00820579	33	34	100
cg00820579	35	36	66.6666666666667
cg00820579	36	37	33.3333333333333
cg00820579	37	38	100
cg00820579	39	40	33.3333333333333
cg00820579	45	46	100
cg00820579	46	47	0
cg00820579	47	48	100
cg00820579	48	49	100
cg00820579	51	52	100
cg00820579	52	53	100
cg00820579	53	54	100
cg00820579	64	65	50
cg00877739	41	42	0
cg00877739	45	46	0
cg00877739	64	65	0
cg00877739	66	67	100
cg00877739	67	68	0
cg00877739	68	69	100
cg00877739	69	70	100
cg00877739	72	73	0
cg00877739	76	77	0
cg01008025	12	13	33.3333333333333
cg01008025	15	16	50
cg01008025	47	48	100
cg01008025	48	49	100
cg01008025	53	54	100
cg01008025	54	55	100
cg01008025	55	56	100
cg01008025	58	59	100
cg01008025	59	60	100
cg01099625	0	1	100
cg01099625	1	2	100
cg01099625	3	4	0
cg01099625	9	10	100
cg01099625	44	45	81.8181818181818
cg01099625	45	46	85.7142857142857
cg01099625	48	49	95.4545454545455
cg01099625	57	58	84
cg01099625	58	59	60.8695652173913
cg01099625	61	62	76.9230769230769
cg01187271	44	45	0
cg01187271	59	60	50
cg01187271	61	62	40
cg01187271	63	64	66.6666666666667
cg01187271	66	67	50
cg01187271	67	68	83.3333333333333
cg01368226	30	31	100
cg01368226	31	32	50
cg01368226	33	34	100
cg01368226	35	36	66.6666666666667
cg01368226	36	37	100
cg01368226	37	38	100
cg01368226	40	41	100
cg01368226	68	69	100
cg01368226	72	73	100
cg01620430	9	10	100
cg01620430	11	12	100
cg01620430	12	13	100
cg01620430	16	17	100
cg01620430	18	19	100
cg01620430	20	21	100
cg01856529	1	2	50
cg01856529	2	3	75
cg01856529	3	4	100
cg01856529	4	5	100
cg01856529	6	7	62.5
cg01856529	7	8	66.6666666666667
cg01856529	8	9	100
cg01856529	9	10	83.3333333333333
cg01856529	11	12	46.1538461538462
cg01856529	12	13	84.6153846153846
cg01856529	13	14	61.5384615384615
cg01856529	14	15	100
cg01856529	15	16	80
cg01856529	17	18	71.4285714285714
cg01856529	19	20	100
cg01856529	21	22	75
cg01856529	22	23	75
cg01883716	41	42	100
cg01883716	51	52	100
cg01883716	52	53	100
cg01915021	45	46	50
cg01915021	47	48	50
cg01915021	57	58	100
cg01915021	58	59	100
cg01915021	72	73	100
cg01915021	75	76	100
cg01933636	18	19	100
cg01933636	19	20	0
cg01933636	20	21	100
cg01933636	22	23	100
cg01933636	45	46	100
cg01933636	50	51	100
cg01933636	51	52	100
cg01992907	15	16	100
cg01992907	17	18	100
cg01992907	19	20	100
cg01992907	23	24	100
cg01992907	63	64	83.3333333333333
cg01992907	66	67	40
cg01992907	67	68	75
cg01992907	75	76	100
cg01992907	76	77	100
cg02000659	11	12	80
cg02000659	15	16	100
cg02000659	22	23	100
cg02000659	25	26	100
cg02000659	26	27	0
cg02017717	41	42	72.7272727272727
cg02017717	42	43	83.3333333333333
cg02017717	43	44	90.9090909090909
cg02017717	45	46	44.4444444444444
cg02017717	52	53	60
cg02017717	53	54	100
cg02083803	22	23	100
cg02083803	23	24	0
cg02083803	25	26	100
cg02286774	2	3	100
cg02286774	8	9	20
cg02286774	12	13	80
cg02286774	13	14	50
cg02286774	17	18	100
cg02379880	32	33	0
cg02379880	35	36	100
cg02379880	36	37	0
cg02379880	37	38	0
cg02379880	39	40	100
cg02470096	11	12	0
cg02470096	13	14	50
cg02470096	16	17	50
cg02688223	49	50	100
cg02688223	52	53	100
cg02688223	54	55	33.3333333333333
cg02688223	58	59	33.3333333333333
cg02688223	66	67	66.6666666666667
cg02688223	67	68	100
cg02688223	74	75	100
cg02737031	43	44	80
cg02737031	47	48	63.6363636363636
cg02737031	53	54	100
cg02737031	59	60	75
cg02737031	60	61	50
cg02762509	25	26	100
cg02762509	26	27	100
cg02762509	33	34	100
cg02932095	55	56	100
cg02932095	59	60	100
cg02972618	0	1	100
cg02972618	1	2	100
cg02972618	3	4	100
cg02972618	4	5	100
cg02972618	65	66	100
cg02972618	67	68	100
cg02972618	69	70	100
cg02972618	71	72	100
cg02972618	75	76	100
cg03077729	57	58	100
cg03077729	63	64	100
cg03077729	65	66	66.6666666666667
cg03077729	69	70	33.3333333333333
cg03077729	70	71	100
cg03077729	71	72	66.6666666666667
cg03174933	20	21	100
cg03174933	24	25	100
cg03174933	26	27	100
cg03174933	27	28	100
cg03174933	30	31	100
cg03174933	41	42	0
cg03174933	42	43	100
cg03174933	46	47	100
cg03218689	21	22	100
cg03458585	5	6	100
cg03458585	10	11	100
cg03458585	11	12	100
cg03458585	52	53	0
cg03536971	53	54	0
cg03536971	56	57	50
cg03536971	60	61	100
cg03536971	62	63	100
cg03597059	58	59	100
cg03597059	61	62	100
cg03597059	62	63	0
cg03597491	42	43	100
cg03597491	44	45	0
cg03597491	49	50	0
cg03597491	50	51	100
cg03843323	9	10	100
cg03843323	10	11	100
cg03843323	13	14	100
cg03843323	18	19	100
cg03843323	19	20	0
cg03843323	22	23	0
cg03843323	23	24	100
cg03843323	49	50	100
cg03843323	60	61	100
cg03843323	65	66	100
cg03843323	66	67	100
cg03843323	67	68	100
cg03938432	61	62	20
cg03938432	63	64	100
cg03938432	64	65	71.4285714285714
cg03938432	67	68	87.5
cg03938432	68	69	50
cg03938432	72	73	37.5
cg03938432	73	74	87.5
cg03938432	76	77	25
cg03938432	77	78	100
cg03938432	78	79	100
cg03938432	79	80	50
cg03957108	47	48	100
cg03957108	50	51	100
cg03957108	51	52	100
cg03957108	53	54	50
cg03957108	54	55	100
cg03957108	55	56	100
cg03960951	10	11	100
cg03960951	15	16	100
cg03960951	21	22	0
cg03972287	45	46	100
cg03972287	49	50	100
cg03972287	51	52	100
cg03972287	55	56	100
cg03972287	72	73	100
cg03972287	73	74	100
cg03972287	77	78	100
cg03972287	79	80	100
cg04093430	26	27	100
cg04093430	29	30	85.7142857142857
cg04093430	36	37	100
cg04093430	37	38	50
cg04093430	38	39	66.6666666666667
cg04093430	39	40	100
cg04093430	68	69	100
cg04093430	69	70	100
cg04093430	71	72	100
cg04093430	73	74	100
cg04124389	14	15	50
cg04124389	16	17	50
cg04124389	18	19	100
cg04124389	19	20	50
cg04124389	21	22	0
cg04124389	32	33	100
cg04124389	33	34	50
cg04124389	34	35	50
cg04124389	37	38	100
cg04802182	11	12	100
cg04802182	15	16	66.6666666666667
cg04802182	18	19	50
cg04802182	19	20	50
cg04802182	21	22	100
cg04802182	22	23	66.6666666666667
cg04802182	23	24	66.6666666666667
cg04802182	25	26	50
cg04878542	14	15	50
cg04878542	15	16	75
cg04878542	16	17	75
cg04878542	17	18	0
cg04878542	19	20	33.3333333333333
cg04878542	20	21	66.6666666666667
cg04878542	22	23	33.3333333333333
cg04878542	23	24	66.6666666666667
cg04878542	25	26	66.6666666666667
cg04878542	26	27	100
cg04878542	28	29	66.6666666666667
cg04878542	29	30	33.3333333333333
cg04878542	35	36	0
cg05108018	68	69	100
cg05134912	35	36	100
cg05134912	37	38	100
cg05134912	40	41	100
cg05134912	44	45	100
cg05185512	5	6	0
cg05185512	15	16	0
cg05185512	39	40	0
cg05185512	41	42	0
cg05185512	43	44	0
cg05194810	8	9	0
cg05194810	11	12	0
cg05194810	13	14	100
cg05194810	70	71	0
cg05260361	46	47	50
cg05261870	31	32	100
cg05261870	52	53	0
cg05261870	54	55	100
cg05261870	56	57	100
cg05359706	39	40	0
cg05359706	43	44	0
cg05359706	49	50	100
cg05387438	10	11	100
cg05387438	11	12	100
cg05387438	12	13	0
cg05387438	16	17	100
cg05497416	24	25	100
cg05497416	40	41	0
cg05497416	41	42	100
cg05497416	44	45	0
cg05497416	48	49	0
cg05497416	49	50	100
cg05575054	26	27	100
cg05575054	29	30	100
cg05575054	32	33	100
cg05575054	33	34	0
cg05575054	34	35	100
cg05575054	35	36	100
cg05575054	38	39	100
cg05575054	41	42	100
cg05575054	42	43	100
cg05641937	12	13	100
cg05641937	14	15	100
cg05641937	15	16	0
cg05641937	61	62	0
cg05641937	62	63	0
cg05660816	58	59	100
cg05660816	60	61	100
cg05660816	68	69	100
cg05660816	73	74	100
cg05688812	19	20	100
cg05688812	22	23	100
cg05688812	23	24	100
cg05688812	25	26	100
cg05688812	47	48	0
cg05688812	51	52	0
cg05688812	56	57	0
cg05730460	9	10	100
cg05730460	11	12	100
cg05730460	13	14	100
cg05730460	14	15	100
cg05730460	17	18	100
cg05730460	19	20	100
cg05797975	57	58	100
cg05886164	45	46	50
cg05886164	47	48	75
cg05886164	52	53	100
cg05886164	54	55	100
cg05886164	57	58	100
cg05886164	58	59	100
cg06055418	6	7	100
cg06055418	17	18	0
cg06055418	18	19	100
cg06055418	19	20	0
cg06055418	20	21	100
cg06292880	10	11	66.6666666666667
cg06292880	14	15	73.3333333333333
cg06292880	18	19	60.9375
cg06292880	26	27	63.6363636363636
cg06292880	27	28	62.6666666666667
cg06292880	31	32	66.0714285714286
cg06292880	34	35	40
cg06292880	46	47	100
cg06292880	55	56	57.1428571428571
cg06292880	58	59	50
cg06292880	59	60	100
cg06360155	7	8	100
cg06360155	20	21	100
cg06360155	24	25	100
cg06360155	26	27	0
cg06360155	27	28	100
cg06360155	29	30	0
cg06360155	32	33	100
cg06363517	9	10	75
cg06363517	11	12	100
cg06363517	15	16	60
cg06363517	16	17	80
cg06363517	18	19	100
cg06363517	19	20	100
cg06363517	21	22	75
cg06363517	23	24	100
cg06392318	30	31	100
cg06392318	34	35	100
cg06392318	37	38	0
cg06392318	38	39	100
cg06392318	40	41	0
cg06392318	44	45	0
cg06392318	45	46	100
cg06392318	46	47	100
cg06392318	48	49	100
cg06479604	6	7	0
cg06479604	7	8	100
cg06479604	9	10	0
cg06479604	10	11	0
cg06479604	13	14	0
cg06479604	14	15	0
cg06479604	58	59	100
cg06479604	60	61	100
cg06538073	39	40	100
cg06540073	32	33	50
cg06708132	2	3	100
cg06708132	3	4	100
cg06708132	6	7	100
cg06708132	8	9	100
cg06708132	10	11	0
cg06708132	61	62	100
cg06708132	63	64	100
cg06718658	5	6	100
cg06718658	9	10	100
cg06718658	10	11	100
cg06718658	12	13	100
cg06718658	13	14	100
cg06718658	63	64	0
cg06718658	65	66	100
cg06718658	68	69	100
cg06718658	69	70	100
cg06718658	70	71	100
cg06718658	71	72	0
cg06736685	34	35	0
cg06736685	60	61	0
cg06813117	65	66	100
cg06813117	70	71	100
cg07116727	62	63	100
cg07171305	20	21	100
cg07171305	23	24	83.3333333333333
cg07171305	24	25	83.3333333333333
cg07171305	25	26	50
cg07171305	27	28	80
cg07171305	28	29	100
cg07171305	29	30	60
cg07171305	32	33	0
cg07171305	59	60	50
cg07171305	60	61	0
cg07171305	61	62	100
cg07171305	62	63	75
cg07171305	64	65	60
cg07171305	67	68	100
cg07171305	68	69	42.8571428571429
cg07171305	71	72	75
cg07206761	22	23	100
cg07206761	26	27	100
cg07206761	27	28	100
cg07206761	37	38	100
cg07206761	39	40	0
cg07206761	41	42	100
cg07206761	44	45	100
cg07254032	33	34	100
cg07254032	34	35	25
cg07254032	36	37	50
cg07254032	39	40	33.3333333333333
cg07254032	40	41	100
cg07254032	42	43	0
cg07254032	46	47	50
cg07254032	50	51	50
cg07254032	51	52	100
cg07254032	52	53	0
cg07373698	31	32	100
cg07373698	33	34	0
cg07373698	34	35	100
cg07373698	35	36	100
cg07373698	36	37	50
cg07373698	38	39	50
cg07373698	41	42	50
cg07373698	42	43	100
cg07373698	51	52	50
cg07373698	52	53	100
cg07373698	54	55	0
cg07373698	55	56	50
cg07436962	4	5	100
cg07436962	6	7	0
cg07436962	7	8	100
cg07436962	9	10	0
cg07436962	11	12	100
cg07436962	26	27	100
cg07644544	57	58	100
cg07645671	26	27	50
cg07645671	46	47	100
cg07645671	52	53	100
cg07645671	55	56	100
cg07645671	56	57	100
cg07645671	58	59	75
cg07645671	61	62	40
cg07645671	65	66	100
cg07676047	6	7	0
cg07676047	8	9	0
cg07676047	13	14	100
cg07676047	14	15	100
cg07676047	16	17	100
cg07676047	19	20	100
cg07676047	21	22	100
cg07795407	5	6	100
cg07795407	9	10	100
cg07795407	13	14	100
cg07795407	15	16	0
cg07795407	18	19	100
cg07795407	19	20	100
cg07919443	42	43	100
cg07919443	45	46	0
cg07919443	48	49	0
cg08170671	70	71	0
cg08170671	71	72	50
cg08170671	72	73	100
cg08194812	3	4	0
cg08194812	14	15	100
cg08281622	29	30	50
cg08281622	30	31	50
cg08281622	31	32	0
cg08281622	37	38	0
cg08281622	38	39	0
cg08281622	39	40	0
cg08372705	15	16	66.6666666666667
cg08372705	16	17	66.6666666666667
cg08372705	21	22	80
cg08372705	22	23	66.6666666666667
cg08566450	59	60	0
cg08661762	64	65	100
cg08661762	70	71	0
cg08855194	8	9	100
cg08855194	10	11	100
cg08855194	12	13	100
cg08855194	14	15	100
cg08855194	30	31	100
cg08855194	32	33	42.8571428571429
cg08855194	35	36	88.8888888888889
cg08855194	43	44	62.5
cg08855194	47	48	0
cg08855194	50	51	0
cg08855194	54	55	0
cg08888677	16	17	100
cg08888677	68	69	0
cg08921975	39	40	75
cg08921975	41	42	75
cg08921975	44	45	25
cg08921975	45	46	100
cg08921975	47	48	75
cg08921975	48	49	25
cg08921975	50	51	75
cg08921975	51	52	100
cg08921975	53	54	0
cg08921975	55	56	100
cg08921975	57	58	50
cg08921975	62	63	100
cg08921975	67	68	100
cg08933507	9	10	100
cg08933507	10	11	100
cg08933507	14	15	100
cg08933507	16	17	100
cg08933507	18	19	50
cg08979438	15	16	100
cg08979438	24	25	100
cg08979438	28	29	0
cg08981690	18	19	100
cg08981690	19	20	100
cg08981690	21	22	0
cg08981690	22	23	100
cg08981690	27	28	100
cg08981690	32	33	100
cg08981690	33	34	100
cg08981690	34	35	0
cg09026530	47	48	0
cg09026530	49	50	100
cg09026530	55	56	100
cg09072617	68	69	100
cg09182475	13	14	100
cg09182475	19	20	100
cg09182475	23	24	100
cg09182475	37	38	100
cg09400505	21	22	100
cg09400505	26	27	66.6666666666667
cg09400505	34	35	100
cg09400505	43	44	100
cg09400505	45	46	100
cg09400505	47	48	100
cg09400505	49	50	100
cg09400505	52	53	100
cg09461098	23	24	100
cg09461098	24	25	100
cg09461098	25	26	0
cg09461098	27	28	100
cg09461098	30	31	100
cg09461098	31	32	100
cg09579869	0	1	100
cg09579869	10	11	100
cg09646359	28	29	0
cg09646359	32	33	100
cg09646359	70	71	0
cg09646359	76	77	100
cg09682305	11	12	71.4285714285714
cg09682305	12	13	36.3636363636364
cg09682305	14	15	96.1538461538462
cg09682305	17	18	97.5
cg09682305	20	21	100
cg09682305	23	24	97.8723404255319
cg09682305	26	27	95.7446808510638
cg09682305	27	28	43.75
cg09682305	29	30	95.6521739130435
cg09682305	31	32	90.9090909090909
cg09682305	32	33	96
cg09682305	35	36	100
cg09682305	48	49	100
cg09682305	50	51	100
cg09682305	53	54	100
cg09699229	11	12	0
cg09699229	16	17	100
cg09699229	36	37	100
cg09699229	38	39	100
cg09699229	43	44	100
cg09699229	53	54	0
cg09699229	55	56	100
cg09699229	57	58	50
cg09817427	61	62	0
cg09817427	63	64	100
cg09817427	65	66	100
cg09817427	70	71	100
cg09817427	71	72	100
cg09817427	72	73	100
cg09817427	75	76	100
cg09841954	18	19	0
cg09841954	20	21	100
cg09841954	22	23	50
cg09841954	23	24	100
cg09841954	25	26	0
cg09841954	61	62	0
cg09841954	63	64	100
cg09841954	65	66	50
cg09841954	66	67	100
cg09962606	45	46	100
cg09962606	46	47	100
cg09962606	48	49	100
cg09962606	50	51	100
cg09962606	54	55	100
cg09978183	47	48	0
cg09978183	49	50	0
cg09978183	60	61	0
cg09978183	62	63	0
cg10024790	18	19	83.3333333333333
cg10024790	21	22	100
cg10024790	22	23	76.9230769230769
cg10024790	25	26	100
cg10024790	26	27	100
cg10024790	29	30	100
cg10024790	40	41	100
cg10024790	44	45	100
cg10024790	45	46	50
cg10024790	48	49	100
cg10024790	52	53	75
cg10024790	53	54	100
cg10024790	56	57	100
cg10064809	5	6	100
cg10064809	7	8	0
cg10064809	10	11	50
cg10064809	11	12	75
cg10064809	13	14	66.6666666666667
cg10064809	14	15	100
cg10064809	15	16	33.3333333333333
cg10064809	20	21	100
cg10064809	25	26	100
cg10131194	55	56	100
cg10131194	57	58	0
cg10131194	59	60	100
cg10131194	60	61	100
cg10131194	61	62	100
cg10131194	65	66	50
cg10131194	67	68	100
cg10131194	69	70	0
cg10131194	70	71	100
cg10182925	63	64	0
cg10211907	16	17	0
cg10342649	66	67	0
cg10342649	68	69	0
cg10427592	52	53	100
cg10427592	54	55	100
cg10427592	56	57	100
cg10427592	57	58	100
cg10427592	74	75	100
cg10427592	76	77	0
cg10604668	14	15	50
cg10604668	29	30	58.5714285714286
cg10604668	30	31	59.4202898550725
cg10604668	34	35	62.6666666666667
cg10604668	36	37	63.2911392405063
cg10604668	37	38	77.2151898734177
cg10604668	38	39	54.320987654321
cg10604668	39	40	70.3703703703704
cg10604668	40	41	58.0246913580247
cg10604668	41	42	65.8227848101266
cg10604668	44	45	56.4102564102564
cg10604668	46	47	63.5135135135135
cg10604668	47	48	60.5633802816901
cg10604668	49	50	80.7692307692308
cg10604668	54	55	100
cg10604668	56	57	100
cg10643442	11	12	0
cg10643442	14	15	0
cg10643442	54	55	100
cg10643442	56	57	100
cg10643442	57	58	0
cg10643442	59	60	100
cg10643442	60	61	100
cg10643442	61	62	0
cg10901415	47	48	0
cg10901415	48	49	0
cg11011976	25	26	0
cg11011976	29	30	100
cg11011976	32	33	100
cg11011976	33	34	100
cg11011976	35	36	100
cg11034948	11	12	0
cg11034948	13	14	100
cg11034948	14	15	100
cg11034948	15	16	100
cg11034948	16	17	0
cg11034948	19	20	100
cg11034948	20	21	0
cg11034948	21	22	0
cg11034948	23	24	100
cg11034948	25	26	100
cg11058785	28	29	100
cg11058785	37	38	75
cg11058785	39	40	75
cg11058785	42	43	66.6666666666667
cg11066411	65	66	100
cg11066411	66	67	50
cg11066411	68	69	0
cg11066411	71	72	100
cg11066411	72	73	100
cg11066411	73	74	100
cg11167025	44	45	0
cg11167025	46	47	0
cg11167025	66	67	100
cg11319388	2	3	0
cg11319388	4	5	100
cg11319388	10	11	100
cg11319388	11	12	63.6363636363636
cg11319388	13	14	92.3076923076923
cg11319388	16	17	84.6153846153846
cg11319388	17	18	92.3076923076923
cg11319388	56	57	100
cg11319388	58	59	100
cg11339341	59	60	100
cg11339341	65	66	100
cg11461434	12	13	100
cg11461434	13	14	100
cg11461434	29	30	0
cg11461434	30	31	100
cg11461434	35	36	0
cg11461434	37	38	100
cg11493105	40	41	100
cg11493105	41	42	50
cg11493105	47	48	75
cg11493105	48	49	100
cg11493105	51	52	100
cg11493105	58	59	100
cg11729098	54	55	100
cg11729098	55	56	100
cg11729098	59	60	100
cg11729098	60	61	75
cg11729098	62	63	100
cg11729098	67	68	100
cg11729098	68	69	100
cg11729098	70	71	100
cg11729098	73	74	100
cg11741231	11	12	0
cg11741231	14	15	50
cg11741231	17	18	66.6666666666667
cg11741231	24	25	100
cg11741231	25	26	100
cg11741231	26	27	100
cg11807038	14	15	100
cg11807038	15	16	100
cg11807038	17	18	100
cg11807038	19	20	100
cg11807038	34	35	0
cg11807038	40	41	0
cg11807038	52	53	50
cg11807038	54	55	55.5555555555556
cg11807038	59	60	77.7777777777778
cg11807038	63	64	100
cg11807038	64	65	100
cg11875079	35	36	100
cg11875079	52	53	0
cg11875079	55	56	100
cg11875079	57	58	18.1818181818182
cg11875079	60	61	100
cg11875079	63	64	9.09090909090909
cg11875079	66	67	100
cg11875079	67	68	100
cg11875079	68	69	100
cg12031700	60	61	100
cg12046720	46	47	100
cg12046720	51	52	100
cg12046720	52	53	100
cg12046720	56	57	100
cg12046720	57	58	100
cg12046720	58	59	100
cg12209151	58	59	0
cg12209151	66	67	0
cg12209151	67	68	0
cg12209151	69	70	100
cg12209151	70	71	0
cg12241489	50	51	50
cg12241489	55	56	100
cg12241489	56	57	100
cg12311671	17	18	0
cg12311671	21	22	100
cg12311671	28	29	100
cg12311671	31	32	0
cg12338604	62	63	100
cg12425327	36	37	100
cg12425327	57	58	0
cg12425327	58	59	0
cg12425327	60	61	100
cg12537145	35	36	100
cg12537145	37	38	100
cg12537145	39	40	100
cg12537145	70	71	0
cg12537145	73	74	0
cg12537145	74	75	0
cg12537145	75	76	0
cg12553580	2	3	100
cg12553580	4	5	100
cg12553580	6	7	100
cg12553580	7	8	0
cg12553580	8	9	100
cg12553580	9	10	25
cg12553580	11	12	0
cg12553580	12	13	100
cg12553580	14	15	50
cg12553580	15	16	100
cg12553580	16	17	50
cg12553580	17	18	50
cg12553580	74	75	100
cg12572894	4	5	100
cg12572894	5	6	100
cg12572894	6	7	100
cg12572894	41	42	40
cg12572894	50	51	72.7272727272727
cg12572894	52	53	27.2727272727273
cg12572894	53	54	75
cg12572894	54	55	72.7272727272727
cg12572894	61	62	50
cg12593479	7	8	100
cg12593479	8	9	100
cg12593479	10	11	100
cg12593479	12	13	100
cg12593479	36	37	0
cg12593479	38	39	100
cg12593479	50	51	100
cg12593479	52	53	100
cg12593479	54	55	0
cg12593479	56	57	50
cg12593479	58	59	100
cg12593479	59	60	50
cg12593479	60	61	50
cg12593479	69	70	50
cg12593479	71	72	50
cg12593479	72	73	0
cg12593479	75	76	50
cg12593479	77	78	100
cg12741020	53	54	33.3333333333333
cg12741020	55	56	50
cg12741020	57	58	50
cg12741020	58	59	50
cg12741020	59	60	50
cg12741020	62	63	60
cg12741020	64	65	40
cg12741020	65	66	60
cg12741020	66	67	60
cg12741020	67	68	16.6666666666667
cg12741020	68	69	50
cg12741020	70	71	0
cg12811630	44	45	100
cg12811630	45	46	100
cg12811630	51	52	100
cg12811630	54	55	100
cg12811630	62	63	100
cg12927674	9	10	100
cg12927674	10	11	0
cg12927674	14	15	50
cg12927674	17	18	66.6666666666667
cg12927674	19	20	66.6666666666667
cg12927674	21	22	100
cg12927674	22	23	0
cg12927674	58	59	100
cg12927674	60	61	0
cg12927674	63	64	100
cg12927674	67	68	0
cg12986671	25	26	100
cg12986671	26	27	100
cg12986671	27	28	0
cg12986671	32	33	100
cg12986671	38	39	0
cg12986671	40	41	0
cg12986671	41	42	100
cg12986671	44	45	100
cg13132580	15	16	100
cg13132580	16	17	100
cg13132580	19	20	50
cg13132580	20	21	100
cg13143654	7	8	50
cg13143654	8	9	50
cg13143654	10	11	50
cg13143654	11	12	40
cg13143654	13	14	66.6666666666667
cg13143654	14	15	75
cg13143654	16	17	37.5
cg13143654	19	20	62.5
cg13143654	20	21	50
cg13143654	22	23	75
cg13143654	23	24	50
cg13143654	25	26	57.1428571428571
cg13143654	26	27	71.4285714285714
cg13143654	27	28	20
cg13143654	28	29	80
cg13143654	29	30	33.3333333333333
cg13300506	43	44	100
cg13300506	45	46	75
cg13300506	47	48	83.3333333333333
cg13349948	10	11	0
cg13349948	45	46	100
cg13349948	46	47	66.6666666666667
cg13349948	47	48	66.6666666666667
cg13349948	52	53	100
cg13486820	69	70	76.9230769230769
cg13486820	72	73	61.5384615384615
cg13486820	74	75	72.7272727272727
cg13486820	75	76	100
cg13486820	77	78	75
cg13486820	78	79	0
cg13660279	22	23	100
cg13660279	23	24	100
cg13660279	26	27	100
cg13660279	28	29	50
cg13660279	29	30	100
cg13660279	31	32	50
cg13702567	10	11	100
cg13732394	3	4	0
cg13732394	5	6	100
cg13732394	8	9	100
cg13732394	49	50	100
cg13732394	50	51	100
cg13732394	51	52	0
cg13732394	54	55	0
cg13766016	29	30	100
cg13766016	30	31	100
cg13766016	31	32	100
cg13766016	32	33	0
cg13766016	57	58	100
cg14020187	0	1	100
cg14020187	1	2	100
cg14020187	2	3	100
cg14020187	4	5	100
cg14020187	5	6	50
cg14020187	9	10	50
cg14140337	62	63	100
cg14140337	63	64	100
cg14140337	65	66	100
cg14311946	26	27	100
cg14311946	30	31	100
cg14311946	33	34	100
cg14311946	35	36	100
cg14311946	36	37	100
cg14311946	39	40	100
cg14334315	27	28	100
cg14334315	58	59	0
cg14334315	63	64	100
cg14334315	64	65	100
cg14334315	66	67	0
cg14334315	67	68	0
cg14334315	69	70	100
cg14360629	6	7	20
cg14360629	7	8	90
cg14360629	9	10	61.5384615384615
cg14360629	11	12	85.7142857142857
cg14360629	13	14	50
cg14360629	15	16	77.7777777777778
cg14360629	17	18	33.3333333333333
cg14360629	18	19	70.5882352941177
cg14360629	19	20	47.0588235294118
cg14360629	20	21	100
cg14360629	22	23	50
cg14536909	35	36	0
cg14536909	42	43	100
cg14536909	63	64	100
cg14536909	65	66	100
cg14536909	67	68	0
cg14553781	7	8	0
cg14553781	8	9	100
cg14553781	10	11	100
cg14553781	11	12	100
cg14553781	25	26	100
cg14553781	27	28	100
cg14553781	44	45	100
cg14553781	49	50	100
cg14553781	50	51	100
cg14553781	52	53	0
cg14553781	53	54	100
cg14553781	54	55	100
cg14880389	14	15	100
cg14880389	17	18	100
cg14880389	20	21	100
cg14880389	23	24	100
cg14890920	21	22	100
cg14890920	24	25	100
cg14890920	25	26	50
cg14890920	54	55	0
cg14890920	56	57	100
cg14890920	59	60	100
cg14890920	60	61	100
cg14890920	61	62	0
cg14911328	14	15	0
cg14911328	46	47	100
cg14911328	48	49	100
cg15214658	14	15	100
cg15214658	63	64	0
cg15214658	69	70	100
cg15262576	24	25	100
cg15262576	27	28	100
cg15262576	35	36	66.6666666666667
cg15262576	36	37	100
cg15262576	39	40	85.7142857142857
cg15262576	41	42	71.4285714285714
cg15262576	43	44	83.3333333333333
cg15262576	44	45	33.3333333333333
cg15262576	45	46	80
cg15469181	58	59	100
cg15469181	64	65	100
cg15469181	66	67	100
cg15469181	67	68	100
cg15516833	36	37	100
cg15516833	55	56	0
cg15516833	56	57	0
cg15566115	4	5	66.6666666666667
cg15566115	7	8	75
cg15566115	8	9	62.5
cg15566115	11	12	62.5
cg15566115	13	14	62.5
cg15566115	16	17	37.5
cg15566115	19	20	50
cg15566115	20	21	75
cg15566115	69	70	66.6666666666667
cg15566115	71	72	88.8888888888889
cg15566115	72	73	37.5
cg15566115	76	77	80
cg15566115	77	78	60
cg15566115	78	79	50
cg15566115	79	80	100
cg15639204	36	37	0
cg15639204	42	43	0
cg15693666	35	36	100
cg15693666	37	38	100
cg15693666	39	40	66.6666666666667
cg15693666	44	45	50
cg15693666	47	48	100
cg15693666	52	53	100
cg15711227	4	5	100
cg15711227	5	6	25
cg15711227	7	8	75
cg15711227	16	17	100
cg15711227	36	37	100
cg15711227	38	39	0
cg15711227	58	59	100
cg15823859	37	38	14.2857142857143
cg15823859	40	41	75
cg15823859	41	42	25
cg15823859	43	44	75
cg15823859	48	49	71.4285714285714
cg15823859	49	50	33.3333333333333
cg15823859	50	51	50
cg15823859	59	60	33.3333333333333
cg15823859	60	61	100
cg15823859	63	64	0
cg15823859	64	65	100
cg15823859	65	66	50
cg15890010	15	16	0
cg15890010	31	32	100
cg15890010	33	34	100
cg15890010	35	36	100
cg15890010	37	38	100
cg15890010	39	40	75
cg15890010	40	41	33.3333333333333
cg15890010	47	48	100
cg15890010	50	51	100
cg15932297	13	14	50
cg15932297	20	21	100
cg15932297	23	24	100
cg15932297	33	34	75
cg15932297	36	37	100
cg15944967	54	55	0
cg15988120	1	2	100
cg15988120	6	7	100
cg15988120	9	10	75
cg15988120	11	12	75
cg15988120	12	13	50
cg15988120	14	15	100
cg15988120	15	16	100
cg15988120	19	20	100
cg16103501	22	23	100
cg16124154	38	39	0
cg16124154	40	41	100
cg16124154	41	42	0
cg16124154	47	48	100
cg16124154	49	50	100
cg16124154	51	52	100
cg16124154	52	53	0
cg16124154	55	56	0
cg16427848	11	12	100
cg16427848	12	13	100
cg16427848	15	16	100
cg16427848	21	22	100
cg16427848	51	52	100
cg16427848	57	58	100
cg16427848	58	59	0
cg16427848	59	60	100
cg16427848	60	61	0
cg16442395	51	52	0
cg16442395	52	53	100
cg16442395	54	55	0
cg16442395	59	60	0
cg16456627	10	11	78.5714285714286
cg16456627	11	12	73.3333333333333
cg16456627	12	13	66.6666666666667
cg16456627	21	22	52.7777777777778
cg16456627	23	24	75
cg16456627	24	25	47.5
cg16456627	28	29	65
cg16456627	29	30	63.4146341463415
cg16456627	31	32	82.5
cg16456627	36	37	62.5
cg16456627	51	52	0
cg16456627	55	56	66.6666666666667
cg16456627	56	57	66.6666666666667
cg16456627	57	58	33.3333333333333
cg16456627	58	59	100
cg16456627	59	60	100
cg16456627	62	63	100
cg16456627	65	66	100
cg16456627	66	67	100
cg16456627	67	68	100
cg16532688	18	19	100
cg16532688	19	20	100
cg16532688	22	23	100
cg16532688	27	28	100
cg16603464	13	14	100
cg16603464	15	16	0
cg16603464	22	23	100
cg16603464	24	25	0
cg16603464	26	27	100
cg16675333	32	33	0
cg16675333	33	34	100
cg16675333	34	35	0
cg16675333	35	36	100
cg16678811	22	23	100
cg16678811	26	27	100
cg16678811	27	28	100
cg16678811	28	29	100
cg16678811	29	30	100
cg16678811	31	32	100
cg16678811	33	34	100
cg16684539	2	3	100
cg16684539	3	4	100
cg16684539	4	5	100
cg16684539	52	53	100
cg16684539	55	56	0
cg16684539	58	59	100
cg16684539	59	60	0
cg16684539	60	61	100
cg16744551	0	1	100
cg16744551	2	3	50
cg16744551	5	6	75
cg16744551	6	7	75
cg16744551	11	12	85.7142857142857
cg16744551	13	14	75
cg16744551	17	18	100
cg16744551	19	20	66.6666666666667
cg16744551	23	24	100
cg16744551	26	27	50
cg16872560	4	5	100
cg16872560	5	6	100
cg16872560	6	7	0
cg16872560	8	9	100
cg16872560	10	11	0
cg16872560	11	12	0
cg16872560	71	72	100
cg16872560	73	74	0
cg16872560	75	76	100
cg16872560	77	78	0
cg16872560	79	80	100
cg17177168	7	8	0
cg17177168	40	41	0
cg17177168	43	44	0
cg17177168	45	46	0
cg17212850	11	12	100
cg17212850	17	18	100
cg17212850	19	20	50
cg17212850	20	21	0
cg17212850	22	23	100
cg17212850	23	24	100
cg17212850	31	32	100
cg17212850	43	44	100
cg17212850	44	45	0
cg17212850	47	48	0
cg17426532	4	5	100
cg17426532	37	38	0
cg17426532	38	39	33.3333333333333
cg17426532	40	41	100
cg17426532	42	43	60
cg17426532	43	44	60
cg17426532	45	46	66.6666666666667
cg17426532	47	48	83.3333333333333
cg17426532	50	51	66.6666666666667
cg17426532	64	65	100
cg17426532	66	67	0
cg17548032	28	29	0
cg17548032	62	63	100
cg17548032	63	64	0
cg17548032	67	68	0
cg17548032	69	70	0
cg17548032	72	73	100
cg17662507	11	12	0
cg17662507	12	13	100
cg17662507	13	14	0
cg17662507	14	15	100
cg17662507	18	19	0
cg17662507	19	20	0
cg17662507	20	21	100
cg17662507	69	70	100
cg17668518	18	19	100
cg17668518	19	20	0
cg17668518	21	22	100
cg17711361	10	11	50
cg17711361	12	13	100
cg17711361	14	15	50
cg17711361	19	20	100
cg17711361	25	26	100
cg17779362	20	21	0
cg17779362	25	26	100
cg17779362	30	31	0
cg17779362	37	38	100
cg17779362	38	39	100
cg17779362	40	41	100
cg17779362	59	60	100
cg17779362	64	65	0
cg17820491	1	2	100
cg17820491	3	4	100
cg17820491	4	5	100
cg17820491	5	6	100
cg17820491	59	60	0
cg17820491	62	63	0
cg17820491	65	66	100
cg17820491	67	68	0
cg17840681	4	5	50
cg17840681	14	15	100
cg17840681	19	20	68.4210526315789
cg17840681	21	22	62.5
cg17840681	22	23	84.6153846153846
cg17840681	25	26	71.4285714285714
cg17942031	34	35	100
cg17942031	37	38	100
cg17942031	48	49	100
cg17942031	55	56	100
cg17942031	56	57	0
cg17942031	57	58	100
cg17942396	5	6	100
cg17942396	41	42	0
cg17942396	42	43	0
cg17942396	47	48	0
cg18149227	2	3	100
cg18149227	8	9	100
cg18149227	12	13	75
cg18149227	15	16	100
cg18149227	17	18	60
cg18149227	20	21	0
cg18221275	64	65	100
cg18221275	66	67	50
cg18221275	67	68	50
cg18221275	73	74	100
cg18221275	74	75	100
cg18277399	28	29	100
cg18277399	54	55	0
cg18306254	4	5	100
cg18306254	5	6	100
cg18306254	6	7	0
cg18306254	8	9	100
cg18306254	9	10	100
cg18306254	13	14	100
cg18306254	15	16	100
cg18306254	17	18	0
cg18306254	22	23	0
cg18531946	36	37	100
cg18531946	40	41	100
cg18531946	42	43	100
cg18531946	66	67	100
cg18531946	68	69	100
cg18531946	70	71	100
cg18531946	76	77	100
cg18531946	79	80	100
cg18532887	10	11	100
cg18532887	12	13	100
cg18532887	13	14	100
cg18532887	42	43	100
cg18532887	46	47	100
cg18678822	15	16	100
cg18678822	17	18	100
cg18678822	21	22	100
cg18678822	22	23	100
cg18678822	41	42	0
cg18678822	42	43	100
cg18815657	40	41	20
cg18815657	42	43	87.5
cg18815657	47	48	100
cg18815657	49	50	50
cg18815657	51	52	88.8888888888889
cg18815657	52	53	100
cg18815657	57	58	100
cg18922837	27	28	100
cg18922837	39	40	100
cg18922837	40	41	100
cg18922837	41	42	100
cg18922837	42	43	100
cg18922837	70	71	100
cg18922837	73	74	0
cg18922837	74	75	0
cg18977692	7	8	0
cg18977692	9	10	100
cg18977692	23	24	100
cg18977692	24	25	100
cg18977692	26	27	100
cg18977692	34	35	0
cg18977692	35	36	100
cg19117962	13	14	100
cg19117962	31	32	100
cg19117962	39	40	64.2857142857143
cg19117962	41	42	85
cg19117962	45	46	62.9213483146067
cg19117962	47	48	70.4081632653061
cg19117962	49	50	73.7864077669903
cg19117962	51	52	63.3663366336634
cg19117962	53	54	71.1340206185567
cg19117962	55	56	70.2380952380952
cg19117962	57	58	66.1971830985916
cg19117962	59	60	64.2857142857143
cg19117962	61	62	78.3783783783784
cg19117962	63	64	70
cg19169532	42	43	100
cg19169532	47	48	100
cg19169532	49	50	100
cg19169532	51	52	100
cg19169532	68	69	0
cg19291109	17	18	100
cg19291109	23	24	66.6666666666667
cg19291109	25	26	66.6666666666667
cg19291109	29	30	100
cg19291109	33	34	100
cg19291109	39	40	0
cg19292353	7	8	100
cg19292353	11	12	100
cg19292353	12	13	50
cg19292353	17	18	0
cg19292353	21	22	0
cg19292353	22	23	100
cg19314788	31	32	100
cg19314788	35	36	100
cg19314788	55	56	33.3333333333333
cg19314788	56	57	75
cg19314788	57	58	100
cg19314788	63	64	87.5
cg19314788	65	66	75
cg19314788	72	73	100
cg19355530	12	13	0
cg19560915	46	47	0
cg19560915	49	50	100
cg19560915	54	55	100
cg19615998	3	4	100
cg19615998	4	5	100
cg19615998	6	7	100
cg19615998	8	9	100
cg19615998	10	11	100
cg19615998	11	12	100
cg19615998	13	14	100
cg19615998	14	15	100
cg19615998	31	32	100
cg19615998	32	33	100
cg19615998	36	37	100
cg19615998	38	39	75
cg19615998	41	42	100
cg19615998	46	47	100
cg19615998	47	48	100
cg19615998	50	51	100
cg19615998	58	59	100
cg19615998	59	60	0
cg19615998	60	61	0
cg19615998	62	63	100
cg19665667	66	67	100
cg19665667	69	70	100
cg19665667	72	73	0
cg19665667	73	74	100
cg19680012	36	37	50
cg19680012	39	40	50
cg19680012	46	47	0
cg19702779	16	17	100
cg19702779	20	21	50
cg19702779	66	67	50
cg19702779	68	69	50
cg19702779	71	72	50
cg19702779	72	73	50
cg19702779	74	75	100
cg19860820	51	52	100
cg19860820	53	54	100
cg19860820	55	56	50
cg19860820	56	57	50
cg19860820	62	63	100
cg19860820	64	65	100
cg19912855	20	21	0
cg19912855	27	28	50
cg19912855	31	32	100
cg19912855	74	75	50
cg19912855	76	77	0
cg20149183	34	35	0
cg20149183	36	37	100
cg20149183	37	38	0
cg20149183	38	39	100
cg20167583	15	16	100
cg20167583	17	18	100
cg20167583	18	19	75
cg20167583	20	21	75
cg20167583	22	23	66.6666666666667
cg20167583	26	27	90.9090909090909
cg20167583	29	30	80
cg20167583	31	32	33.3333333333333
cg20167583	33	34	75
cg20167583	34	35	66.6666666666667
cg20167583	38	39	100
cg20199880	21	22	100
cg20199880	23	24	0
cg20199880	62	63	100
cg20199880	72	73	100
cg20199880	74	75	100
cg20199880	76	77	100
cg20199880	78	79	100
cg20233387.1	43	44	0
cg20233387.1	44	45	100
cg20233387.1	45	46	100
cg20233387.1	48	49	100
cg20233387.1	49	50	0
cg20233387.1	51	52	100
cg20233387.1	53	54	100
cg20233387.1	58	59	100
cg20233387.1	61	62	100
cg20359134	15	16	100
cg20359134	20	21	100
cg20359134	21	22	100
cg20359134	22	23	0
cg20374928	10	11	0
cg20374928	71	72	0
cg20374928	72	73	100
cg20425337	17	18	100
cg20425337	18	19	100
cg20425337	37	38	0
cg20425337	41	42	100
cg20477718	2	3	0
cg20477718	3	4	0
cg20477718	4	5	100
cg20477718	5	6	100
cg20477718	6	7	0
cg20477718	8	9	100
cg20477718	9	10	50
cg20477718	12	13	100
cg20477718	13	14	0
cg20477718	15	16	100
cg20568292	53	54	100
cg20568292	59	60	100
cg20568292	60	61	100
cg20568292	62	63	66.6666666666667
cg20568292	65	66	75
cg20568292	68	69	50
cg20568292	69	70	75
cg20568292	74	75	0
cg20568292	77	78	100
cg20568292	78	79	0
cg20568292	79	80	100
cg20615601	46	47	100
cg20615601	47	48	100
cg20615601	55	56	80
cg20615601	56	57	60
cg20615601	57	58	60
cg20638025	43	44	100
cg20638025	44	45	100
cg20638025	48	49	66.6666666666667
cg20638025	49	50	100
cg20638025	50	51	33.3333333333333
cg20638025	51	52	50
cg20638025	55	56	100
cg20805191	0	1	0
cg20805191	4	5	60
cg20805191	5	6	60
cg20805191	14	15	100
cg20805191	15	16	50
cg20821442	13	14	0
cg20821442	14	15	100
cg20821442	15	16	100
cg20821442	17	18	0
cg20821442	19	20	100
cg20821442	33	34	50
cg20821442	35	36	50
cg20821442	39	40	0
cg20821442	40	41	100
cg20829742	60	61	100
cg20829742	67	68	0
cg20872072	9	10	72.7272727272727
cg20872072	12	13	71.4285714285714
cg20872072	13	14	73.3333333333333
cg20872072	15	16	47.0588235294118
cg20872072	18	19	85
cg20872072	19	20	60
cg20872072	21	22	45.4545454545455
cg20872072	22	23	59.0909090909091
cg20872072	27	28	63.6363636363636
cg20872072	28	29	87.5
cg20872072	30	31	0
cg20872072	37	38	0
cg20872072	39	40	0
cg20872072	42	43	50
cg20872072	43	44	100
cg21075112	15	16	100
cg21097283	9	10	0
cg21097283	58	59	50
cg21097283	62	63	50
cg21107288	64	65	100
cg21107288	65	66	100
cg21107288	66	67	100
cg21107288	68	69	0
cg21107288	70	71	100
cg21107288	71	72	100
cg21107288	73	74	0
cg21166964	24	25	0
cg21166964	30	31	40
cg21166964	39	40	100
cg21166964	40	41	66.6666666666667
cg21166964	41	42	50
cg21166964	52	53	0
cg21166964	54	55	100
cg21177673	45	46	50
cg21177673	46	47	100
cg21177673	50	51	100
cg21177673	54	55	75
cg21177673	57	58	100
cg21177673	59	60	100
cg21177673	60	61	100
cg21181292	12	13	100
cg21181292	15	16	100
cg21181292	17	18	0
cg21181292	26	27	100
cg21294440	53	54	100
cg21314020	44	45	0
cg21314020	45	46	0
cg21314020	47	48	0
cg21314020	64	65	100
cg21314020	66	67	100
cg21314020	70	71	100
cg21520769	13	14	0
cg21520769	14	15	100
cg21520769	16	17	100
cg21520769	18	19	100
cg21520769	20	21	100
cg21520769	32	33	0
cg21520769	33	34	100
cg21520769	35	36	0
cg21608575	36	37	0
cg21608575	37	38	0
cg21608575	40	41	100
cg21639837	37	38	100
cg21639837	43	44	50
cg21639837	46	47	75
cg21639837	48	49	100
cg21639837	57	58	100
cg21639837	58	59	100
cg21639837	59	60	100
cg21664322	24	25	100
cg21664322	65	66	100
cg21820842	11	12	100
cg21820842	59	60	100
cg21820842	62	63	0
cg21820842	63	64	100
cg21836885	44	45	100
cg21836885	50	51	72.8395061728395
cg21836885	52	53	66.6666666666667
cg21836885	54	55	65.7142857142857
cg21836885	58	59	73.0337078651685
cg21836885	59	60	75.5813953488372
cg21836885	60	61	66.25
cg21836885	64	65	60.2739726027397
cg21836885	65	66	68.0555555555556
cg21836885	67	68	71.0144927536232
cg21836885	68	69	64.5161290322581
cg21836885	75	76	66.6666666666667
cg21836885	76	77	100
cg21836885	77	78	100
cg21881832	41	42	100
cg21881832	55	56	100
cg21881832	56	57	0
cg21881832	58	59	100
cg21973311	41	42	0
cg21973311	43	44	100
cg21973311	45	46	0
cg21973311	46	47	100
cg21973311	47	48	100
cg21973311	65	66	100
cg22029297	16	17	50
cg22029297	18	19	66.6666666666667
cg22029297	21	22	100
cg22029297	22	23	100
cg22029297	27	28	100
cg22029297	29	30	33.3333333333333
cg22029297	30	31	66.6666666666667
cg22029297	31	32	100
cg22069272	32	33	100
cg22069272	34	35	100
cg22069272	36	37	60
cg22069272	38	39	80
cg22069272	39	40	80
cg22069272	40	41	66.6666666666667
cg22069272	42	43	66.6666666666667
cg22069272	45	46	100
cg22069272	46	47	66.6666666666667
cg22075146	2	3	0
cg22075146	3	4	100
cg22075146	60	61	100
cg22075146	62	63	100
cg22075146	68	69	100
cg22223787	18	19	0
cg22223787	19	20	0
cg22223787	21	22	0
cg22223787	77	78	0
cg22316499	19	20	73.3333333333333
cg22316499	21	22	47.0588235294118
cg22316499	23	24	63.1578947368421
cg22316499	25	26	50
cg22316499	42	43	100
cg22316499	44	45	0
cg22316499	61	62	100
cg22316499	62	63	0
cg22320967	27	28	100
cg22320967	32	33	100
cg22320967	41	42	100
cg22320967	43	44	100
cg22320967	45	46	57.1428571428571
cg22320967	48	49	71.4285714285714
cg22469358	62	63	100
cg22469358	67	68	100
cg22469358	70	71	100
cg22469358	71	72	100
cg22529808	46	47	100
cg22529808	48	49	0
cg22529808	49	50	100
cg22529808	52	53	100
cg22543683	7	8	100
cg22543683	11	12	100
cg22543683	66	67	0
cg22786916	55	56	0
cg22786916	60	61	100
cg22945864	17	18	100
cg22945864	18	19	50
cg22945864	20	21	100
cg22945864	22	23	0
cg22993731	9	10	100
cg22993731	11	12	100
cg22993731	16	17	100
cg22993731	17	18	100
cg22993731	23	24	100
cg22993731	24	25	100
cg23001333	6	7	100
cg23001333	8	9	0
cg23001333	9	10	100
cg23001333	12	13	100
cg23001333	44	45	100
cg23001333	47	48	100
cg23001333	48	49	100
cg23143204	25	26	0
cg23143204	26	27	0
cg23143204	27	28	0
cg23143204	50	51	100
cg23143204	54	55	100
cg23146472	1	2	0
cg23146472	3	4	50
cg23146472	5	6	50
cg23146472	7	8	50
cg23146472	8	9	100
cg23146472	10	11	100
cg23146472	11	12	0
cg23146472	59	60	50
cg23146472	61	62	90
cg23146472	62	63	50
cg23146472	63	64	46.1538461538462
cg23146472	64	65	92.8571428571429
cg23146472	66	67	73.3333333333333
cg23146472	67	68	71.4285714285714
cg23146472	68	69	57.1428571428571
cg23146472	69	70	73.3333333333333
cg23146472	70	71	53.3333333333333
cg23146472	72	73	60
cg23146472	74	75	75
cg23146717	39	40	0
cg23146717	43	44	100
cg23146717	44	45	0
cg23189934	26	27	100
cg23189934	28	29	100
cg23189934	48	49	100
cg23189934	49	50	100
cg23189934	51	52	100
cg23189934	53	54	100
cg23189934	59	60	100
cg23189934	60	61	100
cg23423113	15	16	100
cg23423113	16	17	100
cg23423113	19	20	100
cg23423113	22	23	0
cg23626248	40	41	100
cg23626248	42	43	0
cg23626248	44	45	100
cg23778391	15	16	100
cg23778391	16	17	100
cg23778391	19	20	100
cg23778391	25	26	100
cg23778391	26	27	100
cg23778391	28	29	100
cg23778391	33	34	0
cg23778391	35	36	66.6666666666667
cg23778391	40	41	54.5454545454545
cg23778391	41	42	72.7272727272727
cg23778391	42	43	90.9090909090909
cg23778391	51	52	50
cg23778391	52	53	100
cg23778391	53	54	100
cg23829949	2	3	100
cg23829949	3	4	0
cg23829949	5	6	0
cg23829949	7	8	100
cg23829949	55	56	100
cg23829949	56	57	0
cg23856718	20	21	0
cg23856718	34	35	100
cg23856718	35	36	0
cg23856718	36	37	100
cg23869573	35	36	100
cg23869573	38	39	0
cg23869573	40	41	0
cg23869573	41	42	100
cg23869573	42	43	100
cg23869573	69	70	0
cg24113826	10	11	0
cg24113826	42	43	100
cg24113826	43	44	100
cg24113826	44	45	100
cg24113826	46	47	100
cg24117712	33	34	0
cg24117712	34	35	100
cg24117712	41	42	0
cg24117712	42	43	0
cg24178740	6	7	0
cg24178740	7	8	100
cg24178740	8	9	100
cg24178740	10	11	100
cg24178740	11	12	100
cg24178740	12	13	100
cg24178740	15	16	100
cg24178740	69	70	100
cg24178740	71	72	100
cg24178740	72	73	100
cg24178740	73	74	100
cg24178740	74	75	100
cg24178740	75	76	0
cg24178740	77	78	100
cg24178740	78	79	100
cg24240262	35	36	100
cg24240262	66	67	33.3333333333333
cg24240262	70	71	33.3333333333333
cg24240262	74	75	0
cg24240262	77	78	50
cg24573918	46	47	100
cg24573918	48	49	100
cg24573918	55	56	100
cg24573918	57	58	0
cg24602691	42	43	0
cg24602691	44	45	100
cg24602691	63	64	100
cg24602691	66	67	0
cg24602691	69	70	100
cg24602691	73	74	100
cg24602691	74	75	100
cg24897861	73	74	100
cg24911286	43	44	0
cg24911286	57	58	0
cg24911286	58	59	0
cg25020809	33	34	100
cg25020809	40	41	100
cg25020809	56	57	100
cg25061778	49	50	100
cg25061778	52	53	100
cg25061778	53	54	100
cg25061778	55	56	66.6666666666667
cg25061778	56	57	100
cg25061778	59	60	100
cg25061778	77	78	0
cg25211765	10	11	100
cg25211765	11	12	100
cg25211765	12	13	100
cg25211765	52	53	0
cg25211765	55	56	100
cg25211765	57	58	100
cg25211765	58	59	100
cg25226813	30	31	100
cg25226813	31	32	100
cg25226813	33	34	66.6666666666667
cg25226813	40	41	50
cg25226813	42	43	50
cg25226813	46	47	100
cg25332315	9	10	100
cg25332315	67	68	100
cg25339883	61	62	0
cg25339883	65	66	0
cg25398727	41	42	0
cg25398727	43	44	100
cg25398727	44	45	100
cg25398727	45	46	0
cg25398727	51	52	100
cg25398727	53	54	0
cg25398727	63	64	100
cg25398727	66	67	0
cg25398727	68	69	100
cg25402449	29	30	0
cg25402449	30	31	0
cg25402449	31	32	100
cg25402449	32	33	100
cg25402449	34	35	0
cg25402449	62	63	0
cg25402449	64	65	100
cg25430089	10	11	100
cg25430089	12	13	100
cg25430089	13	14	0
cg25430089	15	16	0
cg25430089	19	20	100
cg25430089	21	22	100
cg25430089	22	23	100
cg25430089	24	25	50
cg25430089	26	27	100
cg25642165	1	2	100
cg25642165	3	4	100
cg25642165	4	5	100
cg25642165	5	6	100
cg25642165	7	8	66.6666666666667
cg25642165	9	10	100
cg25642165	10	11	100
cg25642165	11	12	100
cg25642165	14	15	100
cg25642165	15	16	66.6666666666667
cg25642165	16	17	100
cg25642165	17	18	100
cg25642165	20	21	100
cg25831669	28	29	100
cg25831669	31	32	100
cg25831669	35	36	85.7142857142857
cg25831669	41	42	80
cg25831669	42	43	100
cg25831669	45	46	100
cg25831669	47	48	100
cg25857570	12	13	100
cg25857570	16	17	100
cg25857570	20	21	100
cg25857570	24	25	100
cg25857570	41	42	100
cg25857570	67	68	100
cg25857570	69	70	100
cg25857570	71	72	100
cg25857570	76	77	100
cg26024182	58	59	100
cg26024182	61	62	0
cg26024182	65	66	100
cg26155008	52	53	100
cg26155008	55	56	0
cg26155008	63	64	0
cg26155008	64	65	0
cg26155008	65	66	50
cg26155008	66	67	75
cg26155008	70	71	75
cg26155008	72	73	50
cg26192895	6	7	100
cg26192895	7	8	100
cg26192895	9	10	100
cg26192895	12	13	100
cg26192895	14	15	33.3333333333333
cg26192895	16	17	100
cg26192895	19	20	100
cg26192895	20	21	50
cg26192895	22	23	100
cg26192895	23	24	0
cg26192895	68	69	100
cg26192895	69	70	100
cg26192895	71	72	100
cg26352306	28	29	100
cg26352306	29	30	100
cg26352306	30	31	100
cg26352306	48	49	100
cg26352306	49	50	100
cg26352306	57	58	100
cg26352306	58	59	100
cg26491213	30	31	100
cg26491213	32	33	100
cg26491213	33	34	0
cg26491213	34	35	50
cg26491213	35	36	50
cg26491213	41	42	100
cg26491213	42	43	100
cg26507427	35	36	100
cg26507427	36	37	100
cg26507427	40	41	100
cg26507427	41	42	100
cg26507427	42	43	100
cg26507427	45	46	0
cg26507427	46	47	100
cg26566168	57	58	100
cg26566168	58	59	100
cg26566168	60	61	0
cg26566168	61	62	100
cg26566168	63	64	100
cg26566168	65	66	100
cg26566168	68	69	100
cg26566168	69	70	100
cg26566168	70	71	100
cg26566168	76	77	100
cg26581639	40	41	100
cg26581639	42	43	50
cg26581639	49	50	100
cg26581639	50	51	0
cg26581639	51	52	50
cg26581639	57	58	0
cg26603143	36	37	0
cg26690989	10	11	0
cg26690989	11	12	0
cg26690989	14	15	0
cg26690989	18	19	0
cg26690989	19	20	0
cg26927472	44	45	100
cg26927472	47	48	100
cg26927472	49	50	100
cg26927472	55	56	100
cg27088374	1	2	100
cg27088374	2	3	0
cg27088374	6	7	100
cg27088374	7	8	50
cg27088374	15	16	33.3333333333333
cg27088374	17	18	100
cg27088374	20	21	0
cg27088374	22	23	75
cg27088374	23	24	75
cg27101921	15	16	100
cg27101921	22	23	100
cg27101921	23	24	100
cg27101921	25	26	100
cg27159708	60	61	100
cg27159708	63	64	100
cg27159708	66	67	100
cg27159708	69	70	100
cg27159708	70	71	100
cg27455566	17	18	0
cg27455566	23	24	0
cg27455566	24	25	100
cg27455566	26	27	100
cg27455566	57	58	100
cg27514424	4	5	0
cg27514424	6	7	100
cg27553955	14	15	100
cg27553955	59	60	100
cg27582648	15	16	100
cg27582648	17	18	0
cg27626343	18	19	100
cg27626343	24	25	0
cg27664916	18	19	100
cg27664916	19	20	100
cg27664916	61	62	100
cg27699373	5	6	100
cg27699373	8	9	100
cg27699373	16	17	100
cg27699373	17	18	100
cg27699373	20	21	100
