track type=bedGraph
cg00141625	11	12	0
cg00141625	16	17	0
cg00141625	17	18	100
cg00141625	35	36	0
cg00141625	38	39	0
cg00141625	39	40	100
cg00279752	41	42	100
cg00279752	44	45	100
cg00279752	45	46	100
cg00279752	51	52	100
cg00362487	7	8	100
cg00362487	9	10	0
cg00362487	66	67	0
cg00546693	9	10	0
cg00546693	11	12	0
cg00546693	14	15	100
cg00546693	15	16	0
cg00546693	34	35	100
cg00612925	27	28	0
cg00612925	64	65	0
cg00612925	65	66	0
cg00612925	69	70	0
cg00842325	51	52	100
cg00842325	53	54	100
cg00842325	57	58	100
cg00842325	58	59	100
cg00842325	59	60	100
cg00877739	18	19	100
cg00877739	21	22	66.6666666666667
cg00877739	24	25	100
cg00877739	25	26	33.3333333333333
cg00877739	64	65	0
cg00877739	66	67	100
cg00877739	67	68	100
cg00877739	68	69	100
cg00877739	69	70	100
cg00877739	72	73	100
cg00929113	61	62	100
cg00929113	68	69	100
cg00929113	71	72	0
cg00929113	74	75	100
cg01027323	58	59	100
cg01027323	62	63	100
cg01027323	64	65	100
cg01027323	67	68	0
cg01027323	68	69	60
cg01027323	69	70	60
cg01027323	70	71	100
cg01027323	71	72	100
cg01077341	13	14	100
cg01077341	16	17	100
cg01077341	20	21	100
cg01077341	21	22	100
cg01099625	0	1	0
cg01099625	1	2	100
cg01099625	3	4	100
cg01099625	9	10	100
cg01099625	44	45	100
cg01099625	45	46	66.6666666666667
cg01099625	48	49	100
cg01099625	57	58	100
cg01099625	58	59	80
cg01099625	61	62	57.1428571428571
cg01105418	40	41	100
cg01105418	48	49	100
cg01105418	52	53	100
cg01105418	54	55	100
cg01187271	2	3	100
cg01187271	3	4	100
cg01187271	59	60	90.9090909090909
cg01187271	61	62	72.7272727272727
cg01187271	63	64	72.7272727272727
cg01187271	66	67	100
cg01187271	67	68	100
cg01594757	14	15	0
cg01594757	16	17	50
cg01594757	17	18	0
cg01594757	20	21	100
cg01594757	55	56	100
cg01594757	56	57	100
cg01594757	58	59	100
cg01594757	59	60	100
cg01594757	61	62	0
cg01883716	40	41	100
cg01883716	41	42	100
cg01883716	67	68	100
cg01883716	71	72	100
cg01992907	63	64	100
cg01992907	66	67	100
cg01992907	67	68	100
cg01992907	75	76	100
cg01992907	76	77	100
cg01992907	78	79	100
cg02000659	59	60	0
cg02000659	61	62	100
cg02000659	63	64	100
cg02000659	65	66	100
cg02000659	66	67	0
cg02000659	67	68	100
cg02017717	41	42	100
cg02017717	42	43	66.6666666666667
cg02017717	43	44	33.3333333333333
cg02017717	45	46	33.3333333333333
cg02017717	52	53	50
cg02017717	53	54	100
cg02129856	39	40	100
cg02129856	47	48	100
cg02129856	67	68	100
cg02193885	3	4	100
cg02193885	6	7	100
cg02193885	11	12	100
cg02193885	55	56	100
cg02193885	56	57	100
cg02193885	59	60	100
cg02193885	60	61	0
cg02286774	8	9	100
cg02286774	12	13	100
cg02286774	17	18	100
cg02334049	10	11	0
cg02334049	12	13	0
cg02334049	45	46	0
cg02334049	48	49	0
cg02334049	49	50	0
cg02334049	50	51	0
cg02334049	52	53	0
cg02334049	53	54	0
cg02334049	54	55	0
cg02351382	2	3	50
cg02351382	4	5	50
cg02351382	5	6	50
cg02351382	12	13	100
cg02351382	14	15	0
cg02351382	33	34	100
cg02351382	37	38	0
cg02351382	39	40	0
cg02351382	43	44	0
cg02379880	35	36	0
cg02379880	36	37	0
cg02379880	37	38	0
cg02379880	39	40	0
cg02389125	34	35	100
cg02389125	36	37	100
cg02389125	41	42	100
cg02389125	43	44	100
cg02427264	28	29	0
cg02427264	74	75	0
cg02427264	75	76	0
cg02470096	11	12	0
cg02470096	13	14	0
cg02470096	16	17	0
cg02540142	3	4	0
cg02540142	8	9	0
cg02540142	10	11	0
cg02540142	12	13	0
cg02540142	13	14	100
cg02540142	14	15	0
cg02540142	16	17	100
cg02540142	17	18	0
cg02697105	44	45	100
cg02697105	47	48	100
cg02697105	51	52	100
cg02697105	58	59	100
cg02737031	43	44	100
cg02737031	47	48	100
cg02737031	53	54	50
cg02737031	59	60	50
cg02737031	60	61	100
cg02932095	55	56	100
cg02932095	59	60	100
cg02972618	4	5	100
cg02972618	6	7	100
cg02972618	65	66	100
cg02972618	67	68	100
cg02972618	69	70	100
cg03077729	57	58	100
cg03077729	63	64	100
cg03077729	65	66	0
cg03077729	69	70	0
cg03077729	70	71	100
cg03077729	71	72	0
cg03094159	44	45	0
cg03094159	49	50	100
cg03094159	69	70	100
cg03153971	12	13	50
cg03260249	38	39	100
cg03260249	46	47	0
cg03260249	47	48	0
cg03260249	50	51	0
cg03260249	51	52	100
cg03260249	54	55	0
cg03265102	66	67	0
cg03265102	70	71	0
cg03597491	16	17	0
cg03597491	42	43	100
cg03597491	44	45	0
cg03597491	49	50	0
cg03597491	50	51	100
cg03639871	36	37	100
cg03639871	37	38	100
cg03639871	38	39	100
cg03639871	40	41	100
cg03639871	43	44	100
cg03639871	44	45	100
cg03639871	47	48	100
cg03674256	42	43	0
cg03674256	48	49	0
cg03724450	15	16	100
cg03724450	31	32	100
cg03767531	25	26	0
cg03767531	29	30	0
cg03843323	9	10	100
cg03843323	10	11	0
cg03843323	13	14	100
cg03843323	18	19	100
cg03843323	19	20	100
cg03847707	42	43	0
cg03847707	44	45	0
cg03847707	46	47	0
cg03847707	47	48	0
cg03847707	48	49	0
cg03847707	61	62	0
cg03847707	62	63	0
cg03847707	63	64	0
cg03847707	67	68	0
cg03938432	17	18	0
cg03938432	61	62	100
cg03938432	63	64	83.3333333333333
cg03938432	64	65	100
cg03938432	67	68	57.1428571428571
cg03938432	68	69	100
cg03938432	72	73	75
cg03938432	73	74	37.5
cg03938432	76	77	60
cg03938432	77	78	100
cg03938432	78	79	100
cg03938432	79	80	50
cg03957108	47	48	100
cg03957108	50	51	75
cg03957108	51	52	75
cg03957108	53	54	50
cg03957108	54	55	50
cg03957108	55	56	100
cg03972287	45	46	100
cg03972287	49	50	100
cg03972287	51	52	100
cg03972287	55	56	100
cg03972287	72	73	0
cg03972287	73	74	100
cg03972287	77	78	0
cg04093430	26	27	100
cg04093430	29	30	100
cg04124389	1	2	100
cg04124389	2	3	0
cg04124389	8	9	100
cg04168436	9	10	0
cg04168436	13	14	0
cg04168436	17	18	0
cg04168436	31	32	0
cg04168436	39	40	100
cg04336027	8	9	100
cg04336027	18	19	100
cg04336027	22	23	100
cg04336027	27	28	100
cg04336027	29	30	100
cg04336027	35	36	100
cg04336027	37	38	100
cg04336027	41	42	100
cg04336027	42	43	100
cg04348533	15	16	100
cg04348533	16	17	100
cg04348533	26	27	100
cg04348533	32	33	0
cg04348533	35	36	0
cg04348533	37	38	0
cg04348533	75	76	0
cg04504700	16	17	100
cg04504700	20	21	0
cg04504700	25	26	0
cg04588674	60	61	100
cg04588674	63	64	0
cg04802182	15	16	100
cg04802182	18	19	0
cg04802182	19	20	0
cg04802182	21	22	100
cg04802182	22	23	100
cg04802182	23	24	0
cg04802182	25	26	100
cg04804914	56	57	0
cg04804914	58	59	100
cg04804914	60	61	100
cg04804914	66	67	100
cg04804914	67	68	100
cg04804914	72	73	100
cg04804914	74	75	100
cg04804914	76	77	0
cg04878542	19	20	0
cg04878542	20	21	0
cg04878542	22	23	0
cg04878542	23	24	0
cg04878542	25	26	0
cg04878542	26	27	0
cg04878542	44	45	0
cg04878542	46	47	0
cg04905851	16	17	0
cg05060618	9	10	100
cg05060618	10	11	0
cg05060618	14	15	0
cg05060618	17	18	100
cg05060618	18	19	0
cg05060618	22	23	0
cg05060618	42	43	50
cg05060618	43	44	0
cg05060618	48	49	0
cg05121253	34	35	0
cg05121253	42	43	100
cg05121253	45	46	100
cg05167834	7	8	100
cg05167834	9	10	0
cg05260361	18	19	100
cg05260361	21	22	100
cg05260361	23	24	100
cg05260361	25	26	100
cg05260361	28	29	100
cg05473648	33	34	0
cg05473648	35	36	100
cg05473648	37	38	100
cg05473648	42	43	100
cg05533382	52	53	100
cg05533382	53	54	100
cg05533382	57	58	100
cg05533382	58	59	100
cg05546219	30	31	0
cg05546219	37	38	0
cg05546219	38	39	0
cg05660816	55	56	100
cg05660816	58	59	0
cg05660816	60	61	100
cg05660816	68	69	0
cg05660816	73	74	100
cg05688812	44	45	0
cg05688812	45	46	0
cg05688812	47	48	0
cg05688812	51	52	0
cg05688812	56	57	100
cg05698015	18	19	0
cg05698015	19	20	100
cg05698015	20	21	100
cg05698015	34	35	100
cg05698015	36	37	100
cg05705884	31	32	0
cg05705884	37	38	0
cg05705884	40	41	0
cg05705884	42	43	0
cg05847336	7	8	0
cg05847336	10	11	0
cg05847336	11	12	100
cg05847336	22	23	0
cg05879189	4	5	100
cg05879189	5	6	100
cg05879189	6	7	100
cg05879189	63	64	100
cg05884078	69	70	0
cg05884078	75	76	0
cg05884078	78	79	0
cg06097717	3	4	100
cg06097717	31	32	100
cg06166108	36	37	0
cg06166108	37	38	0
cg06166108	44	45	100
cg06166108	48	49	0
cg06166108	51	52	100
cg06166108	52	53	100
cg06166108	54	55	100
cg06166108	57	58	100
cg06292880	10	11	100
cg06292880	14	15	84.6153846153846
cg06292880	18	19	76
cg06292880	26	27	67.7966101694915
cg06292880	27	28	68.9655172413793
cg06292880	31	32	79.5454545454545
cg06292880	34	35	73.9130434782609
cg06292880	55	56	100
cg06292880	58	59	100
cg06292880	59	60	0
cg06292880	68	69	100
cg06310881	41	42	0
cg06310881	75	76	100
cg06363517	11	12	100
cg06363517	15	16	100
cg06363517	16	17	25
cg06363517	18	19	100
cg06363517	19	20	75
cg06363517	21	22	100
cg06363517	23	24	100
cg06392318	25	26	50
cg06392318	30	31	0
cg06392318	34	35	50
cg06392318	36	37	0
cg06392318	37	38	0
cg06392318	38	39	50
cg06392318	40	41	50
cg06392318	44	45	50
cg06392318	45	46	0
cg06392318	46	47	100
cg06392318	48	49	100
cg06538073	6	7	0
cg06538073	8	9	0
cg06538073	9	10	50
cg06538073	13	14	50
cg06538073	14	15	0
cg06538073	62	63	100
cg06550953	41	42	100
cg06550953	55	56	0
cg06550953	59	60	50
cg06550953	61	62	33.3333333333333
cg06723671	17	18	0
cg06723671	64	65	100
cg06723671	68	69	100
cg06723671	69	70	100
cg06723671	70	71	50
cg06723671	76	77	100
cg06812724	23	24	0
cg06812724	24	25	0
cg06812724	35	36	0
cg06812724	37	38	0
cg06944510	11	12	100
cg06944510	16	17	100
cg06944510	18	19	100
cg06944510	20	21	100
cg07026794	62	63	0
cg07026794	65	66	0
cg07026794	66	67	0
cg07206761	37	38	100
cg07206761	39	40	100
cg07206761	41	42	100
cg07206761	44	45	100
cg07332354	1	2	100
cg07332354	3	4	100
cg07373698	29	30	66.6666666666667
cg07373698	31	32	33.3333333333333
cg07373698	33	34	33.3333333333333
cg07373698	34	35	66.6666666666667
cg07373698	35	36	33.3333333333333
cg07373698	36	37	66.6666666666667
cg07373698	38	39	100
cg07373698	41	42	50
cg07373698	42	43	50
cg07373698	51	52	100
cg07373698	52	53	100
cg07373698	54	55	100
cg07373698	55	56	100
cg07493173	53	54	0
cg07493173	54	55	0
cg07493173	56	57	0
cg07493173	59	60	0
cg07493173	60	61	0
cg07493173	61	62	0
cg07694338	8	9	0
cg07694338	9	10	0
cg07694338	16	17	0
cg07704742	22	23	100
cg07704742	24	25	100
cg07704742	25	26	100
cg07704742	26	27	100
cg07704742	27	28	100
cg07704742	29	30	100
cg07704742	33	34	100
cg07795407	1	2	100
cg07795407	2	3	100
cg07795407	5	6	100
cg07795407	9	10	100
cg07795407	13	14	100
cg07795407	15	16	0
cg08005992	18	19	100
cg08005992	24	25	100
cg08060524	60	61	100
cg08060524	61	62	100
cg08060524	64	65	0
cg08060524	65	66	0
cg08074329	59	60	0
cg08074329	61	62	0
cg08074329	62	63	0
cg08194812	3	4	100
cg08194812	14	15	100
cg08194812	20	21	100
cg08315393	68	69	100
cg08315393	69	70	100
cg08315393	71	72	100
cg08315393	72	73	0
cg08315393	73	74	0
cg08315393	76	77	0
cg08315393	79	80	0
cg08372705	10	11	100
cg08372705	15	16	100
cg08372705	16	17	100
cg08372705	21	22	0
cg08372705	22	23	0
cg08389403	14	15	100
cg08389403	21	22	50
cg08389403	22	23	100
cg08389403	23	24	0
cg08389403	25	26	100
cg08389403	26	27	0
cg08454381	2	3	100
cg08454381	5	6	100
cg08454381	7	8	100
cg08454381	8	9	100
cg08454381	10	11	100
cg08454381	11	12	100
cg08454381	43	44	100
cg08454381	45	46	0
cg08454381	46	47	100
cg08563010	48	49	0
cg08563010	52	53	100
cg08563010	57	58	0
cg08659076	70	71	0
cg08659076	71	72	100
cg08659076	76	77	100
cg08661762	8	9	0
cg08661762	64	65	0
cg08661762	70	71	0
cg08683365	34	35	100
cg08683365	37	38	100
cg08683365	40	41	100
cg08849105	49	50	0
cg08849105	50	51	0
cg08849105	52	53	0
cg08849105	53	54	0
cg08849105	56	57	0
cg08854986	10	11	0
cg08854986	46	47	0
cg08854986	52	53	0
cg08855194	14	15	0
cg08855194	18	19	0
cg08855194	22	23	0
cg08855194	30	31	100
cg08855194	32	33	75
cg08855194	35	36	66.6666666666667
cg08855194	43	44	50
cg08855194	47	48	0
cg08921975	39	40	0
cg08921975	41	42	0
cg08921975	44	45	0
cg08921975	45	46	0
cg08921975	47	48	0
cg08921975	48	49	0
cg08921975	61	62	0
cg08921975	62	63	0
cg08981690	21	22	100
cg08981690	22	23	0
cg08981690	25	26	0
cg08981690	27	28	0
cg08981690	32	33	0
cg08981690	33	34	100
cg08981690	34	35	0
cg08987848	9	10	50
cg08987848	21	22	50
cg09026530	36	37	0
cg09103452	12	13	0
cg09182475	48	49	0
cg09182475	49	50	0
cg09182475	54	55	0
cg09252678	31	32	100
cg09252678	32	33	100
cg09252678	34	35	100
cg09252678	35	36	100
cg09252678	41	42	100
cg09252678	44	45	100
cg09252678	47	48	100
cg09376856	6	7	0
cg09376856	31	32	0
cg09376856	38	39	0
cg09399982	63	64	50
cg09399982	67	68	33.3333333333333
cg09399982	72	73	25
cg09399982	74	75	0
cg09400505	13	14	0
cg09400505	21	22	100
cg09400505	26	27	100
cg09536551	13	14	100
cg09536551	15	16	100
cg09536551	17	18	0
cg09536551	22	23	100
cg09536551	44	45	100
cg09536551	45	46	100
cg09536551	48	49	100
cg09536551	49	50	100
cg09536551	51	52	100
cg09536551	53	54	100
cg09559982	15	16	100
cg09559982	34	35	33.3333333333333
cg09559982	45	46	33.3333333333333
cg09559982	53	54	0
cg09559982	70	71	0
cg09559982	72	73	0
cg09559982	74	75	0
cg09646359	70	71	50
cg09682305	11	12	0
cg09682305	12	13	100
cg09682305	14	15	100
cg09682305	17	18	88.8888888888889
cg09682305	20	21	100
cg09682305	23	24	100
cg09682305	26	27	100
cg09682305	27	28	60
cg09682305	29	30	90.9090909090909
cg09682305	31	32	87.5
cg09682305	32	33	100
cg09682305	35	36	100
cg09692769	51	52	100
cg09692769	52	53	100
cg09692769	58	59	100
cg09692769	61	62	100
cg09817427	11	12	0
cg09817427	12	13	100
cg09817427	13	14	0
cg09817427	17	18	50
cg09817427	23	24	0
cg09817427	30	31	0
cg09817427	70	71	100
cg09817427	71	72	100
cg09817427	72	73	100
cg09962606	28	29	100
cg09962606	29	30	100
cg09962606	31	32	100
cg09962606	32	33	0
cg09962606	45	46	100
cg09962606	46	47	100
cg09962606	48	49	100
cg09962606	50	51	100
cg09962606	54	55	100
cg10024790	17	18	100
cg10024790	18	19	100
cg10024790	21	22	75
cg10024790	22	23	100
cg10024790	25	26	100
cg10024790	26	27	100
cg10024790	29	30	100
cg10131194	55	56	100
cg10131194	57	58	0
cg10131194	59	60	100
cg10131194	60	61	100
cg10131194	61	62	100
cg10131194	65	66	100
cg10131194	67	68	100
cg10131194	69	70	0
cg10131194	70	71	100
cg10324939	33	34	100
cg10324939	39	40	0
cg10324939	48	49	100
cg10324939	50	51	100
cg10324939	51	52	100
cg10342649	20	21	100
cg10342649	25	26	100
cg10342649	26	27	0
cg10342649	29	30	100
cg10427592	38	39	100
cg10427592	39	40	0
cg10427592	40	41	0
cg10427592	41	42	100
cg10427592	68	69	0
cg10427592	70	71	0
cg10427592	74	75	0
cg10427592	76	77	0
cg10566829	7	8	100
cg10566829	8	9	0
cg10566829	9	10	100
cg10566829	11	12	100
cg10566829	14	15	100
cg10583873	43	44	100
cg10583873	55	56	100
cg10583873	57	58	0
cg10604668	29	30	76.3157894736842
cg10604668	30	31	63.1578947368421
cg10604668	34	35	63.8888888888889
cg10604668	36	37	50
cg10604668	37	38	71.4285714285714
cg10604668	38	39	63.8888888888889
cg10604668	39	40	72.2222222222222
cg10604668	40	41	48.5714285714286
cg10604668	41	42	75
cg10604668	44	45	66.6666666666667
cg10604668	46	47	57.1428571428571
cg10604668	47	48	79.4117647058823
cg10604668	49	50	72.7272727272727
cg10775708	22	23	50
cg10887796	34	35	100
cg10887796	38	39	100
cg10887796	39	40	100
cg10887796	40	41	100
cg11000391	51	52	0
cg11000391	52	53	0
cg11000391	63	64	0
cg11058785	28	29	66.6666666666667
cg11058785	37	38	66.6666666666667
cg11058785	39	40	33.3333333333333
cg11058785	49	50	50
cg11058785	51	52	100
cg11058785	52	53	100
cg11179893	31	32	0
cg11179893	32	33	0
cg11179893	35	36	0
cg11179893	47	48	100
cg11319388	4	5	0
cg11319388	10	11	66.6666666666667
cg11319388	11	12	66.6666666666667
cg11319388	13	14	100
cg11319388	16	17	100
cg11319388	17	18	50
cg11352219	47	48	100
cg11352219	52	53	50
cg11437639	48	49	100
cg11437639	49	50	50
cg11437639	50	51	100
cg11493105	40	41	100
cg11493105	41	42	100
cg11493105	47	48	0
cg11493105	48	49	100
cg11493105	51	52	100
cg11493105	58	59	0
cg11551173	19	20	0
cg11551173	20	21	0
cg11551173	21	22	0
cg11551173	26	27	0
cg11551173	28	29	0
cg11551173	29	30	0
cg11729098	54	55	100
cg11729098	55	56	50
cg11729098	59	60	50
cg11729098	60	61	100
cg11729098	62	63	100
cg11729098	67	68	100
cg11729098	68	69	100
cg11741231	11	12	100
cg11741231	14	15	100
cg11741231	17	18	100
cg11741231	24	25	100
cg11741231	25	26	100
cg11772199	2	3	100
cg11772199	8	9	0
cg11772199	44	45	0
cg11807038	14	15	100
cg11807038	15	16	100
cg11807038	17	18	100
cg11807038	19	20	100
cg11807038	52	53	75
cg11807038	54	55	60
cg11807038	59	60	100
cg11807038	63	64	50
cg11807038	64	65	100
cg11812837	34	35	100
cg11812837	36	37	100
cg11812837	37	38	50
cg11812837	57	58	50
cg11812837	58	59	50
cg11818729	8	9	100
cg11818729	10	11	75
cg11818729	11	12	75
cg11818729	14	15	66.6666666666667
cg11818729	17	18	50
cg11818729	20	21	100
cg11875079	48	49	0
cg11875079	51	52	100
cg11875079	52	53	100
cg11875079	55	56	100
cg11875079	57	58	100
cg11914037	9	10	0
cg11914037	10	11	100
cg11914037	13	14	0
cg11914037	33	34	100
cg11914037	34	35	0
cg12053353	18	19	0
cg12053353	21	22	0
cg12053353	22	23	0
cg12053353	24	25	0
cg12053353	26	27	0
cg12053353	27	28	100
cg12425327	42	43	50
cg12425327	45	46	40
cg12425327	46	47	20
cg12553580	4	5	100
cg12553580	6	7	100
cg12553580	7	8	100
cg12553580	8	9	100
cg12553580	9	10	0
cg12553580	11	12	0
cg12553580	12	13	100
cg12553580	74	75	0
cg12553580	76	77	100
cg12572894	40	41	100
cg12572894	41	42	75
cg12572894	50	51	53.3333333333333
cg12572894	52	53	86.6666666666667
cg12572894	53	54	80
cg12572894	54	55	50
cg12572894	61	62	100
cg12593479	33	34	0
cg12593479	36	37	0
cg12593479	38	39	0
cg12593479	50	51	100
cg12593479	52	53	50
cg12593479	54	55	33.3333333333333
cg12593479	56	57	66.6666666666667
cg12593479	58	59	66.6666666666667
cg12593479	59	60	100
cg12593479	60	61	0
cg12593479	69	70	0
cg12593479	71	72	0
cg12597232	44	45	100
cg12597232	45	46	100
cg12597232	48	49	100
cg12597232	51	52	100
cg12597232	53	54	100
cg12597232	56	57	100
cg12597232	57	58	100
cg12646064	18	19	100
cg12646064	65	66	100
cg12646064	67	68	100
cg12646064	69	70	100
cg12741020	53	54	100
cg12741020	55	56	50
cg12741020	57	58	100
cg12741020	58	59	100
cg12741020	59	60	50
cg12741020	62	63	100
cg12741020	64	65	100
cg12741020	65	66	100
cg12741020	66	67	100
cg12741020	67	68	0
cg12741020	68	69	0
cg12741020	70	71	100
cg12757011	1	2	0
cg12757011	2	3	100
cg12757011	3	4	100
cg12757011	4	5	0
cg12757011	5	6	100
cg12757011	7	8	100
cg12757011	11	12	100
cg12757011	17	18	50
cg12757011	20	21	0
cg12757011	25	26	0
cg12757011	31	32	100
cg12757011	34	35	100
cg12757011	36	37	0
cg12757011	37	38	100
cg12780461	65	66	100
cg12780461	71	72	50
cg12780461	75	76	100
cg12811630	26	27	0
cg12811630	29	30	100
cg12903213	55	56	100
cg12903213	60	61	0
cg12903213	61	62	100
cg12903213	63	64	100
cg12903213	65	66	0
cg12903213	66	67	0
cg12903213	67	68	100
cg12986671	38	39	100
cg12986671	40	41	100
cg12986671	41	42	100
cg12986671	44	45	100
cg12986671	54	55	100
cg12986671	56	57	100
cg12986671	57	58	100
cg12986671	59	60	100
cg13011653	33	34	100
cg13011653	44	45	0
cg13011653	45	46	0
cg13011653	46	47	0
cg13143654	13	14	100
cg13143654	14	15	0
cg13143654	16	17	50
cg13143654	19	20	100
cg13143654	20	21	50
cg13143654	22	23	50
cg13143654	23	24	0
cg13143654	25	26	100
cg13143654	26	27	100
cg13143654	27	28	100
cg13143654	28	29	100
cg13143654	29	30	0
cg13151303	47	48	0
cg13151303	51	52	0
cg13163729	21	22	100
cg13163729	24	25	66.6666666666667
cg13163729	27	28	100
cg13163729	29	30	100
cg13163729	30	31	66.6666666666667
cg13163729	31	32	100
cg13163729	33	34	100
cg13163729	34	35	33.3333333333333
cg13163729	35	36	100
cg13194536	25	26	100
cg13194536	26	27	0
cg13194536	27	28	0
cg13349948	39	40	100
cg13349948	60	61	100
cg13349948	62	63	100
cg13349948	64	65	100
cg13349948	70	71	100
cg13486820	69	70	50
cg13486820	72	73	75
cg13486820	74	75	25
cg13486820	75	76	75
cg13486820	77	78	100
cg13486820	78	79	100
cg13487071	12	13	0
cg13487071	14	15	0
cg13487071	16	17	0
cg13487071	48	49	100
cg13551010	54	55	100
cg13604683	35	36	100
cg13604683	36	37	0
cg13604683	43	44	100
cg13677591	58	59	50
cg13677591	64	65	50
cg13677591	66	67	100
cg13702567	27	28	100
cg13702567	28	29	0
cg13702567	33	34	0
cg13702567	67	68	0
cg13702567	69	70	0
cg13702567	72	73	100
cg13702567	73	74	0
cg13753818	67	68	100
cg13753818	70	71	100
cg13753818	71	72	100
cg13753818	72	73	100
cg13766016	57	58	100
cg13800968	31	32	0
cg13800968	67	68	0
cg13800968	72	73	0
cg13837730	4	5	100
cg13837730	12	13	100
cg14012997	17	18	0
cg14012997	48	49	0
cg14020187	2	3	100
cg14020187	4	5	50
cg14020187	5	6	100
cg14020187	9	10	50
cg14020187	17	18	100
cg14140337	15	16	0
cg14140337	16	17	0
cg14140337	20	21	0
cg14140337	24	25	0
cg14311946	10	11	100
cg14311946	11	12	0
cg14311946	13	14	0
cg14311946	14	15	100
cg14311946	15	16	100
cg14311946	18	19	100
cg14311946	20	21	100
cg14360629	6	7	100
cg14360629	7	8	66.6666666666667
cg14360629	9	10	75
cg14360629	11	12	50
cg14360629	13	14	85.7142857142857
cg14360629	15	16	62.5
cg14360629	17	18	77.7777777777778
cg14360629	18	19	50
cg14360629	19	20	66.6666666666667
cg14360629	20	21	55.5555555555556
cg14360629	22	23	85.7142857142857
cg14360629	29	30	100
cg14415958	30	31	0
cg14415958	62	63	0
cg14415958	64	65	0
cg14415958	65	66	0
cg14726968	23	24	0
cg14726968	25	26	0
cg14726968	27	28	0
cg14726968	29	30	0
cg14880389	2	3	100
cg14880389	5	6	100
cg14880389	8	9	100
cg14880389	11	12	100
cg14880389	14	15	100
cg14880389	17	18	100
cg14880389	20	21	100
cg14880389	23	24	100
cg14890920	21	22	0
cg14890920	24	25	0
cg14890920	25	26	0
cg14903956	15	16	0
cg14903956	16	17	100
cg14903956	22	23	100
cg14903956	25	26	0
cg14903956	29	30	0
cg14903956	30	31	100
cg15099692	19	20	100
cg15099692	20	21	100
cg15099692	21	22	0
cg15099692	28	29	0
cg15262576	35	36	0
cg15262576	36	37	0
cg15262576	39	40	0
cg15262576	41	42	100
cg15262576	43	44	100
cg15262576	44	45	100
cg15262576	45	46	100
cg15262576	49	50	100
cg15262576	62	63	100
cg15416058	29	30	0
cg15416058	30	31	100
cg15416058	32	33	0
cg15416058	53	54	100
cg15416058	58	59	100
cg15416058	59	60	0
cg15469181	5	6	0
cg15469181	6	7	100
cg15469181	8	9	100
cg15469181	9	10	100
cg15469181	15	16	100
cg15469181	17	18	100
cg15516833	73	74	0
cg15566115	4	5	0
cg15566115	7	8	100
cg15566115	8	9	50
cg15566115	11	12	50
cg15566115	13	14	100
cg15566115	16	17	0
cg15566115	19	20	100
cg15566115	20	21	33.3333333333333
cg15566115	24	25	100
cg15566115	69	70	100
cg15566115	71	72	100
cg15566115	72	73	100
cg15693666	8	9	100
cg15693666	12	13	100
cg15693666	14	15	100
cg15693666	15	16	100
cg15693666	16	17	100
cg15693666	25	26	100
cg15693666	26	27	100
cg15693666	28	29	100
cg15693666	29	30	100
cg15823859	37	38	100
cg15823859	40	41	75
cg15823859	41	42	25
cg15823859	43	44	100
cg15823859	48	49	33.3333333333333
cg15823859	49	50	100
cg15823859	50	51	100
cg15823859	59	60	100
cg15823859	60	61	100
cg15823859	63	64	50
cg15823859	64	65	100
cg15823859	65	66	100
cg15846956	36	37	0
cg15846956	60	61	0
cg15932297	20	21	100
cg15932297	23	24	100
cg15932297	33	34	100
cg15952296	18	19	0
cg15952296	19	20	0
cg15952296	22	23	0
cg15988120	6	7	100
cg15988120	9	10	100
cg15988120	11	12	100
cg15988120	29	30	100
cg16102371	9	10	0
cg16102371	11	12	0
cg16102371	12	13	0
cg16102371	15	16	0
cg16102371	23	24	0
cg16102371	32	33	100
cg16102371	35	36	0
cg16102371	60	61	0
cg16102371	63	64	0
cg16102371	64	65	0
cg16102371	65	66	0
cg16102371	70	71	0
cg16102371	71	72	0
cg16103501	47	48	0
cg16103501	49	50	0
cg16103501	56	57	0
cg16124154	38	39	100
cg16124154	41	42	100
cg16124154	47	48	50
cg16124154	49	50	33.3333333333333
cg16124154	51	52	100
cg16124154	52	53	100
cg16124154	55	56	100
cg16124154	58	59	0
cg16277100	21	22	100
cg16277100	24	25	100
cg16277100	28	29	100
cg16277100	71	72	100
cg16456627	10	11	71.4285714285714
cg16456627	11	12	78.5714285714286
cg16456627	12	13	60
cg16456627	21	22	78.5714285714286
cg16456627	23	24	78.5714285714286
cg16456627	24	25	70.3703703703704
cg16456627	28	29	83.8709677419355
cg16456627	29	30	90.625
cg16456627	31	32	90.625
cg16456627	36	37	75
cg16524928	19	20	0
cg16524928	23	24	0
cg16524928	24	25	0
cg16524928	63	64	0
cg16524928	64	65	0
cg16534861	31	32	100
cg16534861	32	33	0
cg16534861	36	37	100
cg16534861	37	38	100
cg16606195	23	24	100
cg16606195	33	34	100
cg16606195	34	35	100
cg16606195	35	36	100
cg16633088	66	67	50
cg16633088	67	68	50
cg16675686	32	33	100
cg16675686	38	39	100
cg16675686	41	42	100
cg16675686	43	44	100
cg16736307	8	9	0
cg16736307	13	14	0
cg16736307	14	15	0
cg16744551	0	1	0
cg16744551	2	3	100
cg16744551	5	6	100
cg16744551	6	7	100
cg16744551	11	12	100
cg16744551	13	14	100
cg16744551	17	18	100
cg16744551	19	20	100
cg16744551	23	24	100
cg16744551	26	27	100
cg16744551	31	32	100
cg16873877	62	63	100
cg16873877	64	65	100
cg16873877	67	68	100
cg16965558	17	18	100
cg16965558	52	53	100
cg16986738	0	1	100
cg16986738	4	5	100
cg16986738	6	7	100
cg16986738	8	9	100
cg16986738	62	63	100
cg17329011	5	6	100
cg17329011	22	23	100
cg17329011	25	26	100
cg17329011	58	59	0
cg17329011	61	62	0
cg17329011	65	66	0
cg17329011	66	67	0
cg17329011	67	68	0
cg17329011	68	69	0
cg17426532	38	39	100
cg17426532	40	41	100
cg17426532	42	43	100
cg17426532	43	44	100
cg17426532	45	46	100
cg17426532	47	48	100
cg17426532	59	60	100
cg17426532	64	65	100
cg17426532	66	67	100
cg17696987	16	17	0
cg17696987	48	49	0
cg17696987	50	51	100
cg17840681	14	15	100
cg17840681	19	20	100
cg17840681	21	22	33.3333333333333
cg17840681	22	23	100
cg17840681	25	26	100
cg17905888	8	9	0
cg17905888	9	10	0
cg17905888	12	13	100
cg17905888	75	76	100
cg17923358	9	10	100
cg17923358	11	12	100
cg17923358	16	17	100
cg17923358	17	18	0
cg17923358	32	33	100
cg17923358	35	36	100
cg17923358	36	37	100
cg17923358	37	38	100
cg17923358	38	39	100
cg17923358	40	41	100
cg17923358	41	42	100
cg17923358	44	45	0
cg17942031	14	15	100
cg17942031	15	16	100
cg17942031	20	21	100
cg17942031	21	22	100
cg17997082	42	43	0
cg18014720	45	46	0
cg18014720	47	48	0
cg18014720	53	54	66.6666666666667
cg18014720	56	57	100
cg18014720	57	58	100
cg18014720	65	66	100
cg18135595	37	38	50
cg18135595	39	40	100
cg18135595	40	41	50
cg18135595	41	42	100
cg18243072	12	13	0
cg18243072	13	14	0
cg18243072	14	15	0
cg18243072	16	17	0
cg18243072	23	24	0
cg18243072	71	72	0
cg18271715	3	4	0
cg18271715	60	61	0
cg18271715	61	62	0
cg18271715	62	63	0
cg18278083	4	5	100
cg18278083	6	7	100
cg18278083	10	11	100
cg18278083	29	30	100
cg18278083	31	32	100
cg18278971	56	57	0
cg18278971	57	58	100
cg18278971	64	65	0
cg18278971	66	67	100
cg18284930	12	13	0
cg18284930	19	20	0
cg18284930	20	21	0
cg18284930	21	22	0
cg18306254	4	5	50
cg18306254	5	6	0
cg18306254	6	7	50
cg18306254	8	9	100
cg18306254	9	10	50
cg18306254	13	14	100
cg18306254	15	16	100
cg18306254	17	18	0
cg18306254	22	23	100
cg18306254	24	25	100
cg18342041	19	20	100
cg18342041	58	59	0
cg18342041	64	65	100
cg18342041	65	66	100
cg18342041	66	67	0
cg18397523	63	64	100
cg18397523	67	68	100
cg18397523	70	71	100
cg18397523	72	73	100
cg18397523	73	74	100
cg18397523	74	75	100
cg18397523	79	80	100
cg18501647	22	23	0
cg18501647	23	24	0
cg18501647	25	26	0
cg18501647	26	27	0
cg18815657	20	21	100
cg18815657	42	43	100
cg18815657	47	48	100
cg18815657	49	50	80
cg18815657	51	52	80
cg18815657	52	53	100
cg18815657	57	58	75
cg18815657	65	66	50
cg18849004	7	8	100
cg18849004	10	11	100
cg18849004	11	12	100
cg18849004	12	13	100
cg18977692	23	24	0
cg18977692	24	25	50
cg18977692	26	27	50
cg18977692	34	35	0
cg18977692	35	36	0
cg19011483	17	18	0
cg19011483	18	19	100
cg19011483	25	26	0
cg19011483	46	47	100
cg19011483	47	48	100
cg19050854	47	48	100
cg19050854	50	51	100
cg19050854	66	67	100
cg19050854	67	68	100
cg19050854	69	70	100
cg19050854	72	73	100
cg19117962	39	40	60
cg19117962	41	42	86.2068965517241
cg19117962	45	46	66.6666666666667
cg19117962	47	48	82.2222222222222
cg19117962	49	50	77.2727272727273
cg19117962	51	52	85.3658536585366
cg19117962	53	54	73.8095238095238
cg19117962	55	56	77.5
cg19117962	57	58	70.2702702702703
cg19117962	59	60	70.3703703703704
cg19117962	61	62	57.8947368421053
cg19117962	63	64	57.1428571428571
cg19121679	55	56	0
cg19121679	56	57	0
cg19121679	58	59	0
cg19121679	60	61	0
cg19121679	62	63	33.3333333333333
cg19121679	63	64	0
cg19291109	6	7	0
cg19291109	8	9	0
cg19291109	11	12	0
cg19291109	16	17	0
cg19291109	17	18	0
cg19291109	23	24	50
cg19291109	25	26	75
cg19291109	29	30	100
cg19291109	36	37	0
cg19291109	45	46	0
cg19291109	51	52	0
cg19291109	55	56	0
cg19291109	61	62	0
cg19314788	20	21	100
cg19314788	21	22	0
cg19314788	23	24	0
cg19314788	56	57	100
cg19314788	57	58	0
cg19314788	63	64	0
cg19314788	65	66	50
cg19314788	72	73	66.6666666666667
cg19345073	26	27	0
cg19345073	29	30	100
cg19345073	31	32	100
cg19345073	35	36	100
cg19345073	63	64	100
cg19345073	64	65	100
cg19345073	65	66	100
cg19345073	67	68	100
cg19345073	69	70	100
cg19345073	71	72	66.6666666666667
cg19345073	72	73	66.6666666666667
cg19510557	42	43	100
cg19510557	43	44	0
cg19510557	45	46	100
cg19510557	47	48	100
cg19510557	51	52	100
cg19510557	67	68	100
cg19510557	69	70	100
cg19510557	72	73	0
cg19510557	73	74	100
cg19560915	40	41	0
cg19860820	49	50	100
cg19860820	51	52	100
cg19860820	53	54	100
cg19860820	55	56	100
cg19860820	56	57	100
cg19860820	62	63	100
cg19912855	65	66	50
cg19912855	74	75	100
cg19912855	76	77	0
cg20006236	61	62	100
cg20006236	68	69	100
cg20006236	69	70	100
cg20006236	70	71	100
cg20006236	71	72	100
cg20006236	75	76	100
cg20011459	33	34	100
cg20011459	34	35	0
cg20011459	36	37	100
cg20011459	37	38	100
cg20011459	48	49	0
cg20011459	49	50	100
cg20011459	50	51	100
cg20011459	51	52	100
cg20011459	52	53	0
cg20040459	65	66	0
cg20040459	70	71	0
cg20040459	76	77	0
cg20040459	77	78	0
cg20040459	78	79	0
cg20149183	34	35	0
cg20149183	36	37	100
cg20149183	37	38	0
cg20149183	38	39	100
cg20167583	15	16	80
cg20167583	17	18	100
cg20167583	18	19	33.3333333333333
cg20167583	20	21	28.5714285714286
cg20167583	22	23	28.5714285714286
cg20167583	26	27	37.5
cg20167583	29	30	100
cg20167583	31	32	33.3333333333333
cg20167583	33	34	50
cg20167583	34	35	100
cg20168721	27	28	0
cg20168721	29	30	100
cg20233387.1	43	44	100
cg20233387.1	44	45	100
cg20233387.1	45	46	100
cg20233387.1	48	49	100
cg20233387.1	49	50	75
cg20233387.1	51	52	100
cg20233387.1	53	54	100
cg20233387.1	58	59	100
cg20233387.1	61	62	100
cg20259148	64	65	0
cg20259148	66	67	100
cg20312798	33	34	100
cg20312798	34	35	100
cg20312798	37	38	100
cg20312798	40	41	100
cg20346209	15	16	100
cg20346209	17	18	100
cg20346209	18	19	100
cg20346209	19	20	100
cg20346209	21	22	100
cg20346209	35	36	100
cg20346209	36	37	100
cg20346209	38	39	100
cg20469625	71	72	0
cg20615449	7	8	100
cg20615449	14	15	0
cg20615449	16	17	100
cg20615449	17	18	0
cg20718201	10	11	0
cg20718201	27	28	0
cg20718201	30	31	100
cg20718201	32	33	100
cg20821442	51	52	0
cg20821442	54	55	0
cg20821442	58	59	0
cg20826688	4	5	0
cg20872072	9	10	100
cg20872072	12	13	16.6666666666667
cg20872072	13	14	66.6666666666667
cg20872072	15	16	66.6666666666667
cg20872072	18	19	83.3333333333333
cg20872072	19	20	66.6666666666667
cg20872072	21	22	100
cg20872072	22	23	83.3333333333333
cg20872072	27	28	0
cg20872072	28	29	100
cg20909027	56	57	0
cg20909027	61	62	0
cg20925142	15	16	0
cg20925142	20	21	0
cg20925142	67	68	100
cg21028063	73	74	100
cg21046297	37	38	0
cg21046297	55	56	100
cg21097283	36	37	100
cg21097283	46	47	50
cg21097283	58	59	0
cg21166964	24	25	33.3333333333333
cg21166964	30	31	66.6666666666667
cg21166964	39	40	100
cg21166964	40	41	66.6666666666667
cg21166964	41	42	100
cg21177673	34	35	0
cg21177673	36	37	0
cg21177673	39	40	0
cg21206637	21	22	100
cg21206637	22	23	100
cg21206637	23	24	100
cg21206637	25	26	100
cg21206637	32	33	0
cg21333598	25	26	100
cg21333598	27	28	0
cg21333598	28	29	100
cg21333598	32	33	100
cg21333598	38	39	100
cg21333598	40	41	50
cg21333598	42	43	50
cg21333598	43	44	50
cg21503553	27	28	0
cg21503553	49	50	0
cg21503553	50	51	0
cg21503553	52	53	0
cg21538469	25	26	100
cg21538469	45	46	100
cg21538469	46	47	0
cg21538469	47	48	0
cg21639837	35	36	100
cg21639837	37	38	100
cg21639837	43	44	100
cg21639837	46	47	100
cg21639837	48	49	0
cg21684886	58	59	100
cg21820842	7	8	0
cg21820842	11	12	0
cg21820842	47	48	0
cg21820842	49	50	0
cg21836885	44	45	100
cg21836885	50	51	75
cg21836885	52	53	83.5616438356164
cg21836885	54	55	63.8888888888889
cg21836885	58	59	76.1904761904762
cg21836885	59	60	68.8524590163934
cg21836885	60	61	69.3548387096774
cg21836885	64	65	67.7966101694915
cg21836885	65	66	74.1379310344828
cg21836885	67	68	62.5
cg21836885	68	69	75.5102040816327
cg21836885	75	76	50
cg21836885	76	77	50
cg21881832	38	39	100
cg21881832	41	42	0
cg22029297	21	22	100
cg22029297	22	23	0
cg22029297	27	28	100
cg22029297	29	30	0
cg22029297	30	31	100
cg22029297	31	32	0
cg22031066	17	18	50
cg22031066	20	21	66.6666666666667
cg22031066	23	24	66.6666666666667
cg22031066	24	25	50
cg22031066	38	39	0
cg22044564	46	47	0
cg22069272	34	35	100
cg22069272	36	37	100
cg22069272	38	39	0
cg22069272	39	40	50
cg22069272	40	41	50
cg22069272	42	43	0
cg22069272	45	46	50
cg22069272	46	47	0
cg22070406	18	19	0
cg22070406	20	21	0
cg22070406	24	25	0
cg22070406	32	33	0
cg22316499	19	20	40
cg22316499	21	22	83.3333333333333
cg22316499	23	24	33.3333333333333
cg22316499	25	26	37.5
cg22320967	9	10	100
cg22320967	26	27	100
cg22320967	27	28	0
cg22320967	32	33	100
cg22320967	41	42	50
cg22320967	43	44	50
cg22320967	45	46	40
cg22320967	48	49	60
cg22469358	62	63	0
cg22469358	67	68	50
cg22469358	70	71	100
cg22469358	71	72	100
cg22527167	54	55	100
cg22527167	61	62	100
cg22527167	62	63	100
cg22527167	63	64	100
cg22724078	2	3	0
cg22724078	3	4	0
cg22724078	4	5	0
cg22724078	5	6	0
cg22724078	7	8	0
cg22724078	8	9	0
cg22724078	20	21	100
cg22724078	21	22	100
cg22724078	22	23	100
cg22724078	23	24	100
cg22724078	25	26	100
cg22724078	72	73	100
cg22724078	74	75	100
cg22728816	26	27	100
cg22728816	28	29	0
cg22728816	52	53	0
cg22728816	53	54	0
cg23046555	40	41	100
cg23046555	66	67	100
cg23046555	70	71	100
cg23076498	6	7	0
cg23076498	7	8	0
cg23076498	9	10	0
cg23076498	11	12	100
cg23076498	13	14	100
cg23076498	17	18	100
cg23076498	18	19	100
cg23076498	41	42	100
cg23076498	43	44	100
cg23076498	45	46	100
cg23146472	59	60	0
cg23146472	61	62	50
cg23146472	62	63	100
cg23146472	63	64	50
cg23146472	64	65	33.3333333333333
cg23146472	66	67	75
cg23146472	67	68	100
cg23146472	68	69	75
cg23146472	69	70	50
cg23146472	70	71	50
cg23146472	72	73	50
cg23146472	74	75	50
cg23146717	53	54	100
cg23146717	58	59	0
cg23146717	59	60	100
cg23189934	38	39	100
cg23189934	48	49	33.3333333333333
cg23189934	49	50	100
cg23189934	51	52	100
cg23195996	24	25	0
cg23195996	36	37	0
cg23302461	7	8	0
cg23302461	8	9	0
cg23302461	58	59	0
cg23302461	59	60	0
cg23302461	62	63	100
cg23318877	67	68	0
cg23318877	69	70	0
cg23318877	71	72	50
cg23318877	74	75	100
cg23423113	33	34	100
cg23423113	36	37	100
cg23423113	39	40	100
cg23582869	39	40	100
cg23582869	46	47	50
cg23582869	47	48	50
cg23630163	53	54	0
cg23630163	54	55	0
cg23630163	58	59	0
cg23630163	59	60	50
cg23630163	61	62	50
cg23630163	63	64	0
cg23778391	35	36	0
cg23778391	40	41	0
cg23778391	41	42	0
cg23778391	42	43	100
cg23778391	51	52	100
cg23778391	52	53	100
cg23778391	53	54	100
cg23829949	7	8	100
cg23829949	11	12	100
cg23829949	14	15	0
cg23829949	17	18	50
cg23829949	19	20	50
cg23829949	20	21	50
cg23923649	29	30	100
cg23923649	31	32	100
cg23923649	32	33	0
cg23923649	34	35	100
cg23923649	36	37	0
cg23923649	62	63	100
cg23923649	65	66	100
cg23931730	1	2	0
cg23931730	3	4	100
cg23931730	4	5	100
cg23931730	10	11	100
cg23931730	46	47	100
cg23993631	6	7	100
cg23993631	11	12	100
cg23993631	12	13	100
cg23993631	15	16	100
cg23993631	55	56	100
cg24018680	31	32	100
cg24018680	32	33	0
cg24018680	33	34	100
cg24018680	40	41	0
cg24018680	41	42	100
cg24124633	9	10	0
cg24124633	10	11	0
cg24124633	12	13	0
cg24124633	60	61	100
cg24587040	51	52	0
cg24602691	34	35	0
cg24602691	36	37	100
cg24602691	42	43	100
cg24602691	63	64	0
cg24602691	66	67	0
cg24686610	15	16	0
cg24686610	17	18	0
cg24686610	19	20	0
cg24686610	20	21	100
cg24686610	21	22	0
cg24746619	4	5	0
cg24746619	13	14	0
cg24782168	19	20	0
cg24782168	22	23	100
cg24782168	30	31	33.3333333333333
cg24782168	57	58	100
cg24840164	6	7	0
cg24840164	7	8	0
cg24840164	11	12	0
cg24840164	13	14	0
cg24840164	63	64	0
cg24946611	42	43	0
cg24946611	44	45	0
cg25020809	56	57	50
cg25148589	18	19	0
cg25148589	45	46	100
cg25148589	46	47	100
cg25209681	45	46	0
cg25209681	46	47	100
cg25209681	70	71	100
cg25209681	73	74	100
cg25209681	74	75	100
cg25226813	9	10	100
cg25226813	12	13	100
cg25226813	15	16	100
cg25226813	23	24	0
cg25226813	25	26	0
cg25226813	27	28	0
cg25226813	30	31	100
cg25226813	31	32	0
cg25226813	33	34	0
cg25226813	46	47	0
cg25235409	25	26	0
cg25235409	26	27	0
cg25235409	27	28	0
cg25235409	33	34	0
cg25322213	26	27	0
cg25322213	71	72	0
cg25322213	74	75	0
cg25322213	75	76	0
cg25398727	26	27	100
cg25398727	29	30	100
cg25398727	32	33	100
cg25398727	33	34	100
cg25398727	36	37	0
cg25398727	51	52	0
cg25398727	53	54	0
cg25402449	2	3	100
cg25402449	4	5	0
cg25402449	62	63	50
cg25402449	64	65	100
cg25480877	49	50	100
cg25480877	57	58	100
cg25480877	60	61	0
cg25480877	62	63	0
cg25480877	63	64	0
cg25480877	64	65	100
cg25480877	65	66	100
cg25732341	20	21	100
cg25732341	45	46	100
cg25732341	54	55	50
cg25831669	35	36	100
cg25831669	41	42	100
cg25831669	42	43	66.6666666666667
cg25831669	45	46	75
cg25831669	47	48	0
cg25857570	7	8	0
cg25857570	12	13	0
cg25857570	41	42	0
cg25857570	44	45	0
cg25857570	45	46	0
cg25857570	47	48	0
cg25857570	49	50	0
cg25943464	18	19	0
cg25943464	21	22	100
cg25943464	22	23	100
cg25943464	24	25	0
cg25943464	27	28	100
cg25943464	28	29	100
cg25943464	51	52	100
cg26192895	3	4	100
cg26192895	4	5	100
cg26192895	6	7	0
cg26192895	7	8	0
cg26192895	9	10	100
cg26192895	12	13	100
cg26192895	14	15	100
cg26192895	16	17	100
cg26192895	19	20	100
cg26192895	20	21	100
cg26230100	3	4	0
cg26230100	7	8	0
cg26230100	8	9	0
cg26230100	11	12	0
cg26230100	14	15	0
cg26373046	64	65	0
cg26373046	75	76	0
cg26495946	49	50	100
cg26495946	50	51	100
cg26495946	52	53	100
cg26495946	53	54	0
cg26495946	56	57	50
cg26495946	57	58	0
cg26495946	59	60	100
cg26520770	40	41	0
cg26520770	41	42	0
cg26520770	44	45	0
cg26520770	48	49	0
cg26530991	16	17	100
cg26530991	17	18	50
cg26530991	24	25	0
cg26530991	25	26	100
cg26581639	15	16	0
cg26581639	17	18	100
cg26581639	19	20	100
cg26581639	49	50	100
cg26581639	50	51	100
cg26581639	51	52	0
cg26581639	57	58	100
cg26718996	20	21	0
cg26718996	23	24	100
cg26718996	25	26	0
cg26718996	26	27	50
cg26718996	28	29	50
cg26718996	29	30	0
cg26718996	32	33	100
cg26718996	38	39	0
cg26718996	39	40	0
cg27061549	19	20	0
cg27061549	20	21	0
cg27061549	24	25	50
cg27061549	25	26	100
cg27088374	0	1	0
cg27088374	1	2	100
cg27088374	2	3	100
cg27088374	6	7	100
cg27088374	7	8	100
cg27088374	15	16	100
cg27088374	17	18	100
cg27088374	20	21	0
cg27088374	22	23	100
cg27088374	23	24	100
cg27088374	67	68	100
cg27101921	15	16	0
cg27101921	22	23	0
cg27101921	23	24	0
cg27101921	25	26	0
cg27121137	11	12	100
cg27121137	13	14	100
cg27121137	14	15	100
cg27121137	16	17	100
cg27121137	17	18	100
cg27121137	18	19	100
cg27121137	20	21	100
cg27159708	33	34	0
cg27159708	50	51	0
cg27181123	7	8	0
cg27181123	8	9	0
cg27181123	12	13	0
cg27181123	13	14	50
cg27181123	15	16	100
cg27257879	26	27	100
cg27257879	49	50	100
cg27257879	51	52	100
cg27294582	11	12	100
cg27294582	56	57	100
cg27455566	57	58	0
cg27582648	15	16	100
cg27582648	17	18	50
cg27626343	29	30	0
cg27626343	32	33	100
