track type=bedGraph
cg00027863	16	17	0
cg00027863	20	21	0
cg00027863	21	22	0
cg00027863	22	23	50
cg00027863	26	27	0
cg00027863	40	41	0
cg00027863	43	44	0
cg00027863	56	57	0
cg00027863	61	62	0
cg00027863	65	66	0
cg00027863	67	68	0
cg00029553	15	16	0
cg00029553	20	21	0
cg00029553	22	23	0
cg00029553	26	27	0
cg00029553	39	40	100
cg00029553	43	44	0
cg00029553	49	50	0
cg00029553	50	51	0
cg00029553	54	55	0
cg00029553	55	56	0
cg00029553	63	64	0
cg00029553	68	69	0
cg00029553	69	70	0
cg00029553	70	71	0
cg00029553	75	76	0
cg00153046	30	31	100
cg00153046	31	32	0
cg00279752	6	7	100
cg00279752	7	8	100
cg00279752	44	45	100
cg00279752	45	46	100
cg00279752	51	52	100
cg00330845	8	9	0
cg00330845	18	19	100
cg00330845	19	20	0
cg00370791	23	24	0
cg00370791	25	26	0
cg00370791	68	69	0
cg00370791	69	70	0
cg00384342	10	11	50
cg00384342	12	13	50
cg00384342	15	16	33.3333333333333
cg00409684	36	37	0
cg00409684	38	39	0
cg00499875	29	30	0
cg00499875	32	33	50
cg00499875	35	36	100
cg00499875	38	39	100
cg00612925	69	70	100
cg00777340	20	21	0
cg00777340	32	33	0
cg00777340	34	35	50
cg00777340	38	39	0
cg00777340	50	51	0
cg00820579	4	5	0
cg00820579	7	8	100
cg00820579	20	21	0
cg00820579	32	33	100
cg00820579	41	42	0
cg00820579	46	47	0
cg00820579	47	48	100
cg00820579	48	49	0
cg00820579	51	52	100
cg00820579	55	56	0
cg00842325	51	52	0
cg00842325	53	54	0
cg00842325	57	58	0
cg00842325	58	59	0
cg00842325	59	60	0
cg00992842	29	30	100
cg00992842	33	34	0
cg00992842	34	35	0
cg00992842	56	57	100
cg00992842	57	58	0
cg00992842	58	59	100
cg01008025	15	16	0
cg01008025	21	22	0
cg01008025	41	42	0
cg01008025	42	43	0
cg01027323	3	4	100
cg01027323	4	5	100
cg01027323	6	7	0
cg01027323	9	10	100
cg01027323	10	11	100
cg01027323	11	12	50
cg01027323	12	13	100
cg01027323	19	20	100
cg01027323	21	22	100
cg01049141	34	35	0
cg01049141	43	44	100
cg01049141	44	45	100
cg01049141	45	46	100
cg01049141	50	51	0
cg01049141	70	71	100
cg01077341	65	66	0
cg01077341	67	68	100
cg01090774	27	28	0
cg01090774	35	36	0
cg01090774	42	43	0
cg01090774	47	48	0
cg01090774	52	53	0
cg01090774	53	54	0
cg01090774	55	56	0
cg01090774	60	61	0
cg01090774	66	67	0
cg01090774	69	70	0
cg01099625	9	10	100
cg01099625	45	46	50
cg01099625	48	49	100
cg01099625	57	58	75
cg01099625	58	59	100
cg01099625	61	62	100
cg01134518	44	45	0
cg01134518	45	46	0
cg01134518	46	47	0
cg01134518	49	50	0
cg01134518	55	56	0
cg01134518	56	57	0
cg01134518	57	58	0
cg01134518	58	59	0
cg01134518	61	62	0
cg01134518	73	74	0
cg01145031	7	8	0
cg01145031	8	9	0
cg01145031	12	13	0
cg01145031	32	33	0
cg01145031	40	41	0
cg01145031	41	42	0
cg01145031	43	44	0
cg01145031	58	59	0
cg01145031	64	65	0
cg01149078	48	49	100
cg01149078	51	52	0
cg01368226	9	10	0
cg01368226	21	22	0
cg01368226	22	23	0
cg01368226	26	27	0
cg01368226	30	31	0
cg01368226	31	32	0
cg01368226	33	34	0
cg01368226	35	36	0
cg01368226	36	37	0
cg01368226	37	38	0
cg01368226	40	41	0
cg01368226	43	44	0
cg01368226	45	46	50
cg01368226	46	47	0
cg01368226	47	48	0
cg01368226	50	51	0
cg01368226	68	69	0
cg01368226	72	73	0
cg01429507	65	66	50
cg01429507	67	68	0
cg01429507	68	69	0
cg01562774	30	31	0
cg01562774	38	39	0
cg01650941	19	20	100
cg01650941	59	60	100
cg01733991	19	20	0
cg01733991	27	28	0
cg01733991	42	43	0
cg01733991	51	52	0
cg01733991	56	57	0
cg01733991	68	69	0
cg01733991	69	70	0
cg01831882	33	34	0
cg01831882	39	40	25
cg01846532	11	12	0
cg01846532	29	30	0
cg01846532	32	33	0
cg01846532	33	34	0
cg01846532	37	38	0
cg01846532	40	41	0
cg01846532	56	57	0
cg01846532	61	62	0
cg01846532	68	69	0
cg01846532	74	75	0
cg01846532	75	76	0
cg01856529	6	7	100
cg01856529	7	8	100
cg01856529	8	9	100
cg01856529	9	10	100
cg01856529	11	12	100
cg01856529	12	13	100
cg01856529	13	14	50
cg01856529	14	15	100
cg01856529	15	16	100
cg01856529	17	18	100
cg01856529	19	20	0
cg01856529	21	22	100
cg01856529	22	23	100
cg01992907	38	39	100
cg01992907	39	40	0
cg01992907	40	41	100
cg01992907	47	48	100
cg01992907	50	51	100
cg02017717	28	29	100
cg02017717	41	42	100
cg02017717	42	43	0
cg02017717	43	44	100
cg02017717	45	46	100
cg02017717	52	53	0
cg02017717	53	54	100
cg02040823	43	44	0
cg02040823	47	48	0
cg02040823	52	53	0
cg02040823	62	63	0
cg02040823	65	66	0
cg02040823	66	67	0
cg02040823	71	72	0
cg02153665	32	33	0
cg02153665	33	34	0
cg02153665	36	37	0
cg02153665	38	39	0
cg02153665	39	40	33.3333333333333
cg02153665	41	42	0
cg02153665	42	43	0
cg02153665	53	54	0
cg02153665	61	62	0
cg02193885	22	23	0
cg02193885	30	31	0
cg02193885	34	35	0
cg02193885	39	40	0
cg02193885	41	42	0
cg02193885	42	43	0
cg02193885	44	45	0
cg02193885	66	67	0
cg02193885	67	68	0
cg02193885	75	76	0
cg02219744	25	26	0
cg02219744	64	65	100
cg02219744	65	66	0
cg02244090	39	40	0
cg02244090	56	57	0
cg02244090	61	62	0
cg02246955	21	22	100
cg02246955	22	23	0
cg02286774	8	9	100
cg02286774	12	13	100
cg02286774	13	14	100
cg02286774	17	18	100
cg02321644	27	28	0
cg02321644	28	29	0
cg02321644	30	31	0
cg02321644	33	34	0
cg02321644	34	35	0
cg02321644	36	37	0
cg02321644	39	40	0
cg02321644	45	46	0
cg02321644	48	49	0
cg02321644	50	51	0
cg02321644	65	66	0
cg02343568	3	4	0
cg02343568	5	6	0
cg02343568	6	7	0
cg02343936	39	40	0
cg02343936	42	43	0
cg02343936	43	44	100
cg02343936	44	45	0
cg02351382	2	3	0
cg02351382	4	5	100
cg02351382	5	6	100
cg02351382	12	13	100
cg02351382	14	15	0
cg02351382	33	34	100
cg02351382	37	38	0
cg02351382	39	40	100
cg02351382	43	44	100
cg02351382	47	48	0
cg02351382	48	49	0
cg02351382	54	55	0
cg02351382	55	56	0
cg02351382	57	58	0
cg02351382	65	66	100
cg02351382	66	67	100
cg02352577	0	1	100
cg02352577	4	5	0
cg02379880	22	23	0
cg02379880	28	29	0
cg02379880	29	30	100
cg02379880	32	33	100
cg02379880	35	36	100
cg02379880	36	37	0
cg02379880	37	38	0
cg02379880	39	40	100
cg02389125	21	22	0
cg02389125	26	27	0
cg02389125	27	28	0
cg02389125	28	29	0
cg02389125	34	35	0
cg02389125	36	37	0
cg02389125	41	42	0
cg02389125	43	44	0
cg02389125	49	50	0
cg02389125	54	55	0
cg02389125	66	67	0
cg02430333	20	21	0
cg02470096	11	12	100
cg02470096	13	14	0
cg02470096	16	17	100
cg02470096	24	25	0
cg02470096	26	27	0
cg02470096	45	46	100
cg02470096	58	59	0
cg02540142	2	3	0
cg02540142	34	35	0
cg02540142	35	36	0
cg02540142	36	37	0
cg02540142	45	46	0
cg02540142	51	52	0
cg02540142	53	54	0
cg02540142	54	55	0
cg02540142	55	56	0
cg02540142	56	57	0
cg02540142	63	64	0
cg02550277	37	38	100
cg02550277	38	39	100
cg02550277	55	56	100
cg02550277	60	61	100
cg02554345	45	46	0
cg02554345	51	52	0
cg02554345	62	63	100
cg02554345	63	64	100
cg02554345	64	65	0
cg02554345	65	66	100
cg02554923	21	22	100
cg02582875	14	15	0
cg02582875	18	19	0
cg02582875	19	20	0
cg02582875	36	37	0
cg02582875	37	38	0
cg02582875	38	39	0
cg02602455	48	49	0
cg02602455	49	50	0
cg02602455	65	66	0
cg02724885	68	69	0
cg02724885	70	71	0
cg02724885	72	73	0
cg02724885	73	74	0
cg02762509	5	6	0
cg02762509	7	8	0
cg02762509	8	9	0
cg02762509	10	11	0
cg02762509	25	26	0
cg02762509	26	27	0
cg02762509	33	34	0
cg02762509	41	42	0
cg02762509	45	46	0
cg02762509	53	54	0
cg02873524	29	30	0
cg02873524	49	50	0
cg02905739	15	16	100
cg02905739	22	23	0
cg02905739	28	29	0
cg02968414	48	49	0
cg02968414	50	51	0
cg02968414	53	54	100
cg02968414	55	56	0
cg02968414	57	58	0
cg02972618	3	4	100
cg02972618	4	5	0
cg02972618	6	7	0
cg02972618	65	66	0
cg02972618	67	68	0
cg02972618	69	70	0
cg03094159	16	17	0
cg03094159	18	19	0
cg03094159	31	32	0
cg03094159	55	56	0
cg03094159	57	58	100
cg03094159	69	70	0
cg03094159	75	76	50
cg03094159	78	79	100
cg03133310	51	52	0
cg03133310	53	54	0
cg03133310	56	57	0
cg03133310	62	63	0
cg03144020	14	15	0
cg03144020	18	19	0
cg03144020	20	21	0
cg03144020	34	35	0
cg03144020	47	48	0
cg03144020	48	49	0
cg03144020	50	51	0
cg03144020	51	52	0
cg03144020	53	54	0
cg03144020	55	56	0
cg03144020	56	57	0
cg03144020	68	69	0
cg03144020	69	70	0
cg03163633	16	17	100
cg03163633	17	18	0
cg03163633	51	52	100
cg03187378	23	24	0
cg03187378	26	27	0
cg03260195	6	7	100
cg03260195	11	12	0
cg03260195	21	22	100
cg03260195	22	23	100
cg03295417	45	46	0
cg03295417	51	52	0
cg03295417	53	54	100
cg03295417	56	57	100
cg03555227	53	54	0
cg03557129	5	6	0
cg03557129	21	22	0
cg03557129	23	24	0
cg03557129	28	29	0
cg03557129	29	30	0
cg03557129	43	44	0
cg03557129	44	45	0
cg03557129	47	48	0
cg03557129	48	49	0
cg03557129	56	57	0
cg03557129	59	60	0
cg03557129	69	70	0
cg03571891	69	70	0
cg03571891	72	73	0
cg03571891	73	74	0
cg03582041	16	17	100
cg03582041	19	20	0
cg03582041	21	22	100
cg03582041	22	23	100
cg03582041	23	24	100
cg03597059	20	21	0
cg03597059	25	26	0
cg03597059	35	36	100
cg03639871	5	6	0
cg03639871	72	73	0
cg03646571	58	59	0
cg03646571	59	60	0
cg03646571	73	74	100
cg03646571	74	75	100
cg03697136	65	66	50
cg03697136	72	73	66.6666666666667
cg03787614	14	15	100
cg03787614	22	23	100
cg03787614	23	24	0
cg03787614	48	49	100
cg03787614	51	52	100
cg03795776	20	21	0
cg03795776	36	37	0
cg03795776	58	59	0
cg03795776	59	60	0
cg03837769	22	23	0
cg03837769	23	24	0
cg03837769	52	53	0
cg03904814	59	60	0
cg03904814	60	61	0
cg03960951	10	11	0
cg03960951	15	16	0
cg03960951	21	22	0
cg04016956	8	9	0
cg04016956	45	46	0
cg04025518	32	33	0
cg04025518	33	34	0
cg04025518	35	36	0
cg04025518	45	46	0
cg04025518	46	47	0
cg04025518	50	51	0
cg04025518	51	52	0
cg04025518	52	53	0
cg04025518	59	60	0
cg04025518	75	76	0
cg04071434	23	24	0
cg04071434	27	28	0
cg04071434	34	35	0
cg04071434	35	36	0
cg04071434	37	38	0
cg04071434	41	42	0
cg04071434	42	43	0
cg04071434	52	53	0
cg04124389	14	15	100
cg04124389	16	17	0
cg04124389	18	19	100
cg04124389	19	20	100
cg04124389	48	49	100
cg04336027	18	19	0
cg04336027	22	23	100
cg04336027	27	28	100
cg04336027	29	30	100
cg04348533	32	33	100
cg04348533	63	64	100
cg04348533	65	66	100
cg04348533	67	68	100
cg04348533	68	69	100
cg04428702	2	3	0
cg04428702	12	13	0
cg04428702	32	33	0
cg04428702	58	59	0
cg04449703	9	10	0
cg04449703	40	41	0
cg04449703	42	43	0
cg04556126	10	11	0
cg04556126	31	32	0
cg04567783	16	17	100
cg04567783	23	24	100
cg04567783	27	28	0
cg04583031	11	12	50
cg04583031	12	13	50
cg04583031	14	15	50
cg04583031	41	42	0
cg04583031	57	58	0
cg04583031	71	72	0
cg04583031	72	73	0
cg04585419	33	34	100
cg04585419	37	38	0
cg04585419	38	39	0
cg04588674	36	37	100
cg04588674	37	38	100
cg04588674	39	40	0
cg04588674	41	42	100
cg04588674	47	48	0
cg04595593	61	62	100
cg04595593	63	64	0
cg04595593	65	66	100
cg04595593	72	73	100
cg04595593	76	77	100
cg04735310	21	22	0
cg04735310	22	23	0
cg04735310	23	24	0
cg04735310	24	25	0
cg04735310	52	53	0
cg04735310	55	56	0
cg04735310	58	59	0
cg04759874	10	11	0
cg04759874	15	16	0
cg04802182	64	65	100
cg04802182	66	67	100
cg04802182	69	70	100
cg04802182	70	71	100
cg04802182	71	72	100
cg04802182	72	73	50
cg04802182	74	75	100
cg04891368	1	2	0
cg04891368	2	3	0
cg04891368	15	16	0
cg04891368	16	17	0
cg04891368	20	21	0
cg04891368	25	26	0
cg04891368	30	31	0
cg04891368	55	56	0
cg04891368	57	58	0
cg04891368	64	65	0
cg04891368	66	67	0
cg04891368	67	68	0
cg04891368	75	76	0
cg04905851	16	17	0
cg04956792	17	18	0
cg04956792	60	61	0
cg04956792	67	68	0
cg04956792	71	72	0
cg04956792	72	73	0
cg05010579	50	51	0
cg05060618	9	10	0
cg05060618	10	11	0
cg05060618	14	15	0
cg05060618	17	18	0
cg05060618	35	36	0
cg05060618	53	54	0
cg05060618	64	65	0
cg05119060	20	21	0
cg05119060	23	24	0
cg05119060	25	26	0
cg05119060	29	30	0
cg05119060	33	34	0
cg05119060	34	35	0
cg05119060	41	42	0
cg05119060	42	43	0
cg05119060	48	49	0
cg05119060	49	50	0
cg05119060	52	53	0
cg05119060	54	55	0
cg05119060	70	71	0
cg05121253	15	16	0
cg05121253	34	35	0
cg05121253	40	41	50
cg05121253	42	43	0
cg05121253	45	46	100
cg05121253	47	48	100
cg05130731	21	22	0
cg05130731	47	48	0
cg05130731	52	53	0
cg05130731	54	55	0
cg05130731	56	57	0
cg05173279	14	15	0
cg05173279	15	16	0
cg05173279	69	70	0
cg05173279	70	71	0
cg05173279	75	76	0
cg05229784	6	7	50
cg05229784	7	8	50
cg05229784	8	9	50
cg05229784	9	10	50
cg05229784	27	28	0
cg05229784	28	29	0
cg05229784	45	46	0
cg05229784	46	47	0
cg05229784	73	74	0
cg05229784	74	75	0
cg05260361	18	19	0
cg05260361	21	22	0
cg05260361	23	24	0
cg05260361	25	26	0
cg05260361	28	29	0
cg05260361	50	51	0
cg05260361	51	52	0
cg05260361	53	54	0
cg05260361	59	60	0
cg05260361	64	65	50
cg05260361	66	67	0
cg05260361	69	70	100
cg05275337	34	35	100
cg05275337	36	37	100
cg05275337	39	40	0
cg05275337	41	42	100
cg05275337	45	46	100
cg05275337	49	50	0
cg05305327	44	45	100
cg05305327	46	47	0
cg05305327	48	49	0
cg05305327	51	52	0
cg05308374	20	21	0
cg05308374	30	31	0
cg05308374	34	35	0
cg05308374	42	43	0
cg05308374	45	46	0
cg05308374	46	47	0
cg05359706	26	27	0
cg05359706	71	72	100
cg05372644	34	35	0
cg05372644	35	36	0
cg05372644	37	38	0
cg05372644	40	41	0
cg05372644	47	48	0
cg05372644	48	49	0
cg05372644	60	61	0
cg05406154	15	16	0
cg05406154	39	40	0
cg05406154	40	41	0
cg05406154	41	42	0
cg05406154	42	43	0
cg05406154	53	54	0
cg05406154	68	69	0
cg05406154	72	73	0
cg05407325	33	34	0
cg05407325	35	36	0
cg05407325	41	42	0
cg05407325	43	44	0
cg05434345	9	10	0
cg05434345	13	14	0
cg05575054	8	9	0
cg05575054	26	27	0
cg05575054	29	30	0
cg05642042	34	35	0
cg05642042	35	36	0
cg05642042	44	45	0
cg05642042	46	47	0
cg05642042	47	48	0
cg05642042	49	50	0
cg05642042	62	63	0
cg05650111	33	34	0
cg05650111	45	46	0
cg05650111	47	48	0
cg05650111	50	51	0
cg05660816	13	14	0
cg05688812	51	52	0
cg05688812	56	57	0
cg05693178	32	33	0
cg05693178	38	39	0
cg05693178	40	41	0
cg05693178	41	42	0
cg05693178	45	46	0
cg05693178	50	51	0
cg05693178	51	52	0
cg05730460	9	10	0
cg05730460	11	12	0
cg05730460	13	14	0
cg05730460	14	15	0
cg05730460	17	18	0
cg05730460	19	20	0
cg05730460	23	24	0
cg05730460	37	38	0
cg05730460	76	77	0
cg05765439	44	45	50
cg05765439	48	49	0
cg05765439	49	50	100
cg05765439	50	51	50
cg05765439	61	62	0
cg05765439	67	68	100
cg05847336	52	53	100
cg05847336	53	54	100
cg05847336	65	66	100
cg05847336	66	67	100
cg05847336	68	69	100
cg05847336	69	70	100
cg05847336	70	71	100
cg05884078	36	37	0
cg05907933	32	33	0
cg05907933	36	37	0
cg06023028	36	37	0
cg06023028	38	39	0
cg06023028	39	40	0
cg06023028	40	41	0
cg06023028	72	73	0
cg06097717	71	72	0
cg06097717	73	74	0
cg06115225	37	38	0
cg06115225	40	41	0
cg06115225	46	47	0
cg06115225	50	51	0
cg06115225	58	59	0
cg06115225	59	60	0
cg06115225	65	66	0
cg06292880	6	7	100
cg06292880	10	11	0
cg06292880	26	27	0
cg06292880	27	28	0
cg06292880	31	32	0
cg06360155	45	46	0
cg06360155	46	47	0
cg06360155	47	48	0
cg06360155	48	49	0
cg06360155	49	50	0
cg06360155	55	56	0
cg06360155	59	60	0
cg06392318	30	31	0
cg06392318	34	35	0
cg06392318	36	37	0
cg06392318	37	38	100
cg06392318	38	39	0
cg06392318	40	41	50
cg06392318	44	45	0
cg06392318	45	46	0
cg06392318	46	47	0
cg06392318	48	49	0
cg06414149	1	2	0
cg06414149	2	3	0
cg06414149	3	4	0
cg06414149	4	5	0
cg06414149	5	6	0
cg06414149	9	10	0
cg06414149	10	11	0
cg06414149	19	20	0
cg06414149	32	33	0
cg06414149	34	35	0
cg06414149	39	40	0
cg06414149	40	41	0
cg06414149	41	42	0
cg06414149	42	43	0
cg06414149	61	62	0
cg06429021	12	13	0
cg06429021	27	28	100
cg06538073	6	7	100
cg06538073	8	9	100
cg06538073	9	10	100
cg06538073	13	14	0
cg06538073	14	15	0
cg06550953	26	27	0
cg06550953	35	36	0
cg06550953	41	42	0
cg06550953	55	56	100
cg06550953	59	60	50
cg06550953	61	62	0
cg06564900	16	17	100
cg06564900	20	21	100
cg06564900	21	22	0
cg06564900	22	23	0
cg06579027	42	43	50
cg06579027	43	44	0
cg06579027	47	48	0
cg06579027	50	51	100
cg06579027	60	61	0
cg06579027	61	62	0
cg06579027	62	63	0
cg06579027	63	64	0
cg06579027	70	71	0
cg06587088	57	58	100
cg06587088	58	59	100
cg06617495	32	33	0
cg06617495	40	41	0
cg06708132	20	21	100
cg06708132	24	25	100
cg06708132	25	26	0
cg06718658	63	64	0
cg06718658	65	66	0
cg06718658	68	69	0
cg06723671	37	38	100
cg06723671	42	43	100
cg06762071	17	18	0
cg06762071	18	19	0
cg06762071	57	58	0
cg06762071	63	64	0
cg06762071	66	67	0
cg06778417	34	35	0
cg06778417	42	43	0
cg06778417	47	48	0
cg06778417	48	49	0
cg06778417	50	51	0
cg06778417	51	52	0
cg06778417	65	66	0
cg06778417	66	67	0
cg06812724	5	6	0
cg06812724	10	11	0
cg06812724	18	19	0
cg06812724	23	24	0
cg06812724	24	25	0
cg06812724	27	28	0
cg06812724	56	57	0
cg06812724	57	58	0
cg06812724	58	59	0
cg06944510	6	7	0
cg06944510	26	27	0
cg06944510	27	28	0
cg07001053	2	3	0
cg07001053	46	47	0
cg07001053	47	48	0
cg07005811	28	29	0
cg07005811	32	33	0
cg07005811	37	38	0
cg07071132	58	59	100
cg07071132	59	60	100
cg07171305	47	48	100
cg07171305	48	49	100
cg07171305	51	52	100
cg07171305	59	60	100
cg07171305	60	61	100
cg07171305	61	62	100
cg07171305	62	63	100
cg07171305	64	65	100
cg07171305	67	68	0
cg07171305	68	69	100
cg07171305	71	72	100
cg07226063	28	29	100
cg07226063	32	33	0
cg07226063	65	66	0
cg07226063	67	68	100
cg07226063	69	70	0
cg07226063	72	73	50
cg07254032	21	22	0
cg07254032	66	67	0
cg07309253	1	2	0
cg07309253	5	6	0
cg07309253	6	7	0
cg07336259	16	17	0
cg07336259	17	18	0
cg07336259	18	19	0
cg07336259	19	20	0
cg07336259	20	21	0
cg07336259	30	31	0
cg07336259	44	45	0
cg07336259	45	46	0
cg07336259	59	60	0
cg07336259	60	61	0
cg07436962	4	5	0
cg07436962	6	7	0
cg07436962	7	8	0
cg07436962	9	10	0
cg07436962	11	12	0
cg07436962	16	17	0
cg07483210	29	30	0
cg07483210	30	31	0
cg07483210	36	37	0
cg07483210	38	39	0
cg07483210	39	40	0
cg07483210	46	47	0
cg07483210	51	52	0
cg07483210	59	60	0
cg07483210	61	62	0
cg07483210	68	69	0
cg07537139	5	6	0
cg07537139	8	9	0
cg07537139	20	21	0
cg07537139	22	23	0
cg07537139	23	24	0
cg07537139	32	33	0
cg07537139	33	34	0
cg07537139	34	35	0
cg07537139	35	36	0
cg07537139	51	52	0
cg07537139	53	54	0
cg07610132	15	16	0
cg07610132	16	17	0
cg07610132	18	19	0
cg07610132	20	21	0
cg07625659	25	26	100
cg07625659	29	30	0
cg07625659	31	32	0
cg07625659	46	47	50
cg07625659	48	49	100
cg07629125	13	14	0
cg07629125	22	23	0
cg07629125	40	41	0
cg07629125	62	63	0
cg07629125	64	65	0
cg07645671	52	53	100
cg07645671	55	56	100
cg07645671	56	57	100
cg07645671	58	59	100
cg07645671	61	62	100
cg07645671	65	66	0
cg07704742	14	15	0
cg07704742	15	16	0
cg07704742	36	37	0
cg07704742	59	60	0
cg07704742	60	61	0
cg07704742	61	62	0
cg07940754	18	19	0
cg07940754	20	21	0
cg07940754	23	24	0
cg07940754	25	26	0
cg07940754	51	52	0
cg08029175	17	18	0
cg08029175	19	20	0
cg08029175	23	24	0
cg08029175	35	36	0
cg08029175	40	41	0
cg08029175	45	46	0
cg08029175	53	54	0
cg08029175	54	55	0
cg08029175	59	60	0
cg08029175	64	65	0
cg08029175	66	67	0
cg08029175	67	68	0
cg08060524	26	27	0
cg08060524	64	65	100
cg08060524	65	66	100
cg08071998	37	38	0
cg08071998	56	57	100
cg08188894	35	36	0
cg08188894	47	48	0
cg08188894	50	51	0
cg08188894	51	52	0
cg08188894	52	53	0
cg08188894	53	54	0
cg08188894	56	57	0
cg08188894	65	66	0
cg08188894	68	69	0
cg08188894	74	75	0
cg08281622	30	31	0
cg08281622	31	32	0
cg08281622	37	38	0
cg08281622	38	39	0
cg08281622	39	40	0
cg08281622	49	50	0
cg08281622	57	58	0
cg08281622	69	70	0
cg08315393	5	6	0
cg08315393	12	13	0
cg08315393	16	17	0
cg08315393	17	18	0
cg08315393	32	33	0
cg08315393	33	34	0
cg08315393	39	40	0
cg08315393	40	41	0
cg08315393	42	43	0
cg08315393	43	44	0
cg08315393	68	69	0
cg08315393	69	70	0
cg08315393	71	72	0
cg08372705	10	11	100
cg08372705	15	16	100
cg08372705	16	17	100
cg08480303	7	8	0
cg08480303	9	10	100
cg08480303	74	75	0
cg08566450	5	6	0
cg08566450	8	9	0
cg08566450	20	21	0
cg08629602	20	21	0
cg08629602	21	22	0
cg08629602	45	46	0
cg08629602	51	52	0
cg08629602	63	64	0
cg08629602	70	71	0
cg08659076	65	66	0
cg08659076	70	71	0
cg08659076	71	72	0
cg08661762	20	21	0
cg08661762	64	65	0
cg08661762	70	71	0
cg08849105	7	8	0
cg08849105	11	12	0
cg08849105	12	13	0
cg08849105	20	21	0
cg08849105	23	24	0
cg08849105	30	31	0
cg08849105	35	36	50
cg08849105	36	37	50
cg08849105	38	39	50
cg08849105	41	42	0
cg08855194	22	23	100
cg08855194	30	31	100
cg08855194	32	33	60
cg08855194	35	36	66.6666666666667
cg08855194	43	44	100
cg08888677	22	23	0
cg08888677	23	24	0
cg08888677	25	26	0
cg08888677	37	38	0
cg08888677	38	39	0
cg08888677	58	59	0
cg08888677	62	63	0
cg08921975	13	14	0
cg08921975	14	15	0
cg08921975	16	17	0
cg08921975	17	18	0
cg08921975	18	19	0
cg08921975	29	30	0
cg08921975	51	52	0
cg08921975	53	54	0
cg08921975	55	56	0
cg08921975	57	58	0
cg08921975	61	62	0
cg08921975	62	63	0
cg08921975	67	68	0
cg08933507	9	10	0
cg08933507	10	11	0
cg08933507	65	66	0
cg08933507	66	67	0
cg08933507	67	68	0
cg08979438	15	16	0
cg08979438	20	21	33.3333333333333
cg08979438	21	22	0
cg08979438	24	25	0
cg08979438	28	29	0
cg08979438	39	40	100
cg08981690	25	26	100
cg08981690	27	28	100
cg08981690	32	33	100
cg08981690	33	34	100
cg08981690	34	35	0
cg09026530	49	50	0
cg09026530	55	56	0
cg09097835	43	44	0
cg09097835	44	45	0
cg09097835	45	46	0
cg09097835	46	47	0
cg09097835	53	54	0
cg09097835	55	56	0
cg09097835	71	72	0
cg09097835	73	74	0
cg09103452	36	37	100
cg09103452	37	38	100
cg09103452	38	39	0
cg09103452	41	42	100
cg09103452	48	49	0
cg09103452	49	50	0
cg09103452	56	57	0
cg09103452	70	71	0
cg09148605	31	32	0
cg09148605	33	34	0
cg09148605	72	73	0
cg09148605	79	80	100
cg09228164	53	54	0
cg09228164	55	56	100
cg09228164	56	57	0
cg09228164	58	59	0
cg09228164	60	61	0
cg09228164	74	75	0
cg09238852	19	20	0
cg09238852	21	22	0
cg09238852	22	23	0
cg09238852	27	28	0
cg09252678	50	51	0
cg09252678	52	53	0
cg09252678	59	60	0
cg09327310	43	44	0
cg09327310	50	51	0
cg09376856	12	13	0
cg09376856	60	61	0
cg09392026	3	4	100
cg09392026	5	6	100
cg09392026	7	8	0
cg09392026	17	18	50
cg09392026	66	67	0
cg09407361	16	17	0
cg09407361	31	32	0
cg09407361	40	41	0
cg09407361	41	42	0
cg09407361	66	67	0
cg09407361	74	75	0
cg09407361	77	78	0
cg09510409	62	63	0
cg09510409	65	66	0
cg09510409	67	68	0
cg09510409	68	69	100
cg09510409	71	72	0
cg09536551	7	8	0
cg09536551	24	25	0
cg09536551	26	27	0
cg09536551	27	28	0
cg09536551	38	39	0
cg09536551	39	40	0
cg09536551	40	41	0
cg09559982	15	16	100
cg09578221	20	21	0
cg09578221	72	73	0
cg09647169	13	14	0
cg09647169	15	16	0
cg09647169	16	17	0
cg09647169	22	23	0
cg09647169	26	27	0
cg09647169	27	28	0
cg09647169	28	29	0
cg09647169	32	33	0
cg09647169	52	53	0
cg09647169	53	54	0
cg09647169	54	55	0
cg09647169	55	56	0
cg09692769	51	52	0
cg09692769	52	53	0
cg09692769	58	59	0
cg09692769	61	62	0
cg09692769	69	70	0
cg09731012	14	15	0
cg09731012	25	26	0
cg09731012	26	27	0
cg09731012	46	47	0
cg09731012	47	48	0
cg09731012	54	55	0
cg09731012	55	56	0
cg09731012	60	61	0
cg09731012	61	62	0
cg09731012	65	66	0
cg09731012	67	68	0
cg09731012	69	70	0
cg09731012	71	72	0
cg09789765	10	11	0
cg09789765	11	12	0
cg09789765	15	16	0
cg09789765	18	19	0
cg09789765	19	20	0
cg09789765	34	35	0
cg09789765	43	44	0
cg09789765	62	63	0
cg09789765	67	68	0
cg10064809	5	6	100
cg10064809	7	8	100
cg10064809	10	11	100
cg10064809	11	12	100
cg10064809	13	14	100
cg10064809	14	15	100
cg10064809	15	16	100
cg10067250	56	57	0
cg10118204	11	12	0
cg10118204	12	13	0
cg10118204	18	19	0
cg10118204	20	21	0
cg10118204	37	38	0
cg10118204	38	39	0
cg10118204	48	49	0
cg10118204	49	50	0
cg10118204	50	51	0
cg10118204	51	52	0
cg10118204	53	54	0
cg10118204	61	62	0
cg10118204	65	66	0
cg10118204	77	78	0
cg10324939	33	34	50
cg10324939	39	40	100
cg10324939	62	63	0
cg10324939	63	64	0
cg10324939	68	69	0
cg10324939	69	70	0
cg10324939	70	71	0
cg10414374	43	44	100
cg10414374	44	45	100
cg10414374	48	49	100
cg10414374	49	50	100
cg10414374	51	52	100
cg10414374	54	55	100
cg10427592	18	19	0
cg10427592	33	34	0
cg10427592	38	39	0
cg10427592	39	40	0
cg10427592	40	41	0
cg10427592	41	42	0
cg10427592	54	55	0
cg10427592	56	57	0
cg10427592	57	58	0
cg10439738	66	67	0
cg10439738	68	69	0
cg10570203	41	42	0
cg10570203	43	44	100
cg10570203	58	59	0
cg10583873	55	56	100
cg10583873	57	58	50
cg10593080	0	1	0
cg10593080	6	7	0
cg10593080	12	13	0
cg10593080	15	16	0
cg10593080	16	17	0
cg10593080	17	18	0
cg10593080	18	19	0
cg10593080	20	21	0
cg10593080	28	29	0
cg10593080	31	32	0
cg10593080	33	34	0
cg10593080	41	42	0
cg10593080	42	43	0
cg10593080	43	44	0
cg10593080	45	46	0
cg10593080	63	64	0
cg10604668	29	30	33.3333333333333
cg10604668	30	31	33.3333333333333
cg10604668	34	35	50
cg10604668	36	37	33.3333333333333
cg10604668	37	38	33.3333333333333
cg10604668	38	39	66.6666666666667
cg10604668	39	40	66.6666666666667
cg10604668	40	41	33.3333333333333
cg10604668	41	42	0
cg10604668	44	45	33.3333333333333
cg10604668	46	47	66.6666666666667
cg10604668	47	48	33.3333333333333
cg10604668	49	50	50
cg10604668	54	55	0
cg10604668	56	57	0
cg10604668	62	63	0
cg10604668	69	70	0
cg10604668	73	74	0
cg10643442	42	43	0
cg10643442	59	60	0
cg10643442	60	61	0
cg10643442	61	62	0
cg10709038	10	11	0
cg10709038	48	49	100
cg10709038	49	50	100
cg10709038	51	52	100
cg10736991	44	45	0
cg10736991	46	47	0
cg10736991	73	74	0
cg10736991	77	78	100
cg10736991	78	79	0
cg10736991	79	80	0
cg10775708	30	31	50
cg10775708	31	32	0
cg10775708	33	34	50
cg10775708	38	39	0
cg10788097	14	15	100
cg10788097	18	19	0
cg10788097	20	21	0
cg10788097	25	26	0
cg10893516	23	24	0
cg10893516	33	34	0
cg10893516	35	36	0
cg10893516	48	49	0
cg10893516	51	52	0
cg10893516	52	53	0
cg10893516	54	55	0
cg10893516	55	56	0
cg10893516	57	58	0
cg10893516	63	64	0
cg10893516	67	68	0
cg11058785	0	1	0
cg11058785	1	2	0
cg11058785	2	3	0
cg11058785	12	13	0
cg11156486	51	52	100
cg11156486	53	54	0
cg11156486	54	55	100
cg11156486	57	58	0
cg11156486	66	67	100
cg11156486	68	69	100
cg11156486	70	71	100
cg11156486	72	73	100
cg11171400	5	6	0
cg11171400	9	10	0
cg11171400	39	40	0
cg11171400	41	42	0
cg11171400	43	44	0
cg11171400	47	48	0
cg11171400	50	51	0
cg11171400	56	57	0
cg11171400	57	58	0
cg11171400	61	62	0
cg11171400	64	65	0
cg11171400	65	66	0
cg11179893	31	32	0
cg11179893	32	33	100
cg11179893	35	36	50
cg11179893	44	45	100
cg11179893	47	48	100
cg11339341	22	23	100
cg11339341	32	33	0
cg11339341	33	34	0
cg11339341	34	35	0
cg11339341	35	36	0
cg11339341	37	38	0
cg11339341	53	54	0
cg11339341	59	60	0
cg11339341	65	66	0
cg11339341	71	72	0
cg11437639	6	7	100
cg11437639	62	63	0
cg11437639	67	68	100
cg11458204	50	51	50
cg11458204	53	54	50
cg11458204	56	57	0
cg11461434	3	4	0
cg11461434	8	9	0
cg11461434	18	19	0
cg11461434	33	34	0
cg11461434	34	35	0
cg11461434	43	44	0
cg11461434	44	45	0
cg11465136	64	65	0
cg11465136	66	67	0
cg11493105	57	58	0
cg11493105	61	62	0
cg11493105	62	63	0
cg11493105	67	68	0
cg11541320	4	5	0
cg11541320	10	11	0
cg11541320	11	12	0
cg11541320	13	14	0
cg11541320	71	72	100
cg11551173	19	20	0
cg11551173	20	21	0
cg11551173	21	22	0
cg11551173	26	27	100
cg11551173	72	73	100
cg11551173	78	79	100
cg11584091	8	9	0
cg11584091	23	24	0
cg11584091	33	34	0
cg11584091	36	37	0
cg11584091	37	38	0
cg11584091	40	41	0
cg11584091	48	49	0
cg11584091	49	50	0
cg11584091	56	57	0
cg11584091	64	65	100
cg11584091	65	66	0
cg11634198	13	14	0
cg11634198	18	19	0
cg11634198	23	24	0
cg11634198	31	32	0
cg11634198	32	33	0
cg11634198	61	62	0
cg11634198	64	65	0
cg11647274	36	37	0
cg11647274	51	52	0
cg11647274	52	53	0
cg11647274	58	59	0
cg11647274	64	65	0
cg11672180	5	6	100
cg11672180	10	11	100
cg11672180	19	20	0
cg11672180	32	33	50
cg11672180	34	35	0
cg11672180	47	48	50
cg11672180	51	52	50
cg11672180	59	60	0
cg11672180	69	70	0
cg11672180	72	73	0
cg11672180	75	76	0
cg11729098	16	17	100
cg11729098	17	18	100
cg11729098	59	60	100
cg11729098	60	61	100
cg11729098	62	63	100
cg11729098	67	68	0
cg11729098	68	69	100
cg11772199	2	3	0
cg11772199	8	9	0
cg11807038	59	60	0
cg11807038	63	64	100
cg11807038	64	65	100
cg11914037	6	7	0
cg11914037	9	10	100
cg11914037	10	11	0
cg11914037	13	14	100
cg11914037	19	20	100
cg12031700	30	31	0
cg12031700	33	34	0
cg12031700	36	37	0
cg12031700	39	40	100
cg12031700	45	46	100
cg12031700	46	47	0
cg12046720	57	58	0
cg12046720	58	59	0
cg12046720	62	63	0
cg12046720	63	64	0
cg12046720	64	65	0
cg12046720	65	66	0
cg12053353	15	16	100
cg12053353	18	19	100
cg12053353	21	22	100
cg12053353	22	23	100
cg12053353	63	64	0
cg12063651	65	66	100
cg12063651	70	71	50
cg12063651	71	72	50
cg12135540	10	11	0
cg12135540	14	15	0
cg12135540	18	19	0
cg12135540	34	35	0
cg12135540	35	36	0
cg12135540	51	52	0
cg12135540	56	57	0
cg12135540	57	58	0
cg12135540	62	63	0
cg12135540	65	66	0
cg12135540	74	75	0
cg12145907	33	34	0
cg12145907	42	43	100
cg12145907	43	44	100
cg12241489	6	7	0
cg12241489	8	9	0
cg12241489	9	10	100
cg12241489	38	39	0
cg12306961	25	26	0
cg12306961	26	27	0
cg12306961	31	32	0
cg12306961	33	34	0
cg12306961	38	39	50
cg12306961	45	46	0
cg12306961	57	58	0
cg12306961	60	61	0
cg12434982	17	18	0
cg12434982	34	35	0
cg12434982	41	42	0
cg12434982	42	43	0
cg12434982	44	45	0
cg12434982	45	46	0
cg12434982	50	51	0
cg12434982	53	54	0
cg12434982	58	59	0
cg12434982	59	60	0
cg12434982	71	72	0
cg12553580	9	10	0
cg12553580	11	12	0
cg12553580	12	13	0
cg12553580	14	15	0
cg12553580	15	16	0
cg12553580	16	17	0
cg12553580	17	18	0
cg12553580	28	29	0
cg12553580	32	33	0
cg12553580	33	34	0
cg12553580	34	35	0
cg12553580	40	41	0
cg12553580	44	45	0
cg12553580	53	54	0
cg12553580	54	55	0
cg12553580	56	57	0
cg12553580	74	75	0
cg12593479	31	32	0
cg12593479	60	61	0
cg12757011	11	12	100
cg12757011	17	18	100
cg12757011	31	32	100
cg12757011	34	35	0
cg12757011	36	37	100
cg12757011	37	38	100
cg12780461	51	52	0
cg12780461	52	53	0
cg12780461	65	66	100
cg12780461	71	72	0
cg12798259	40	41	0
cg12798259	41	42	0
cg12811128	25	26	0
cg12811128	27	28	0
cg12811630	8	9	0
cg12811630	12	13	0
cg12811630	26	27	0
cg12811630	29	30	0
cg12811630	30	31	100
cg12879445	9	10	0
cg12879445	16	17	0
cg12879445	21	22	0
cg12879445	26	27	0
cg12879445	47	48	0
cg12899502	59	60	0
cg12899502	61	62	0
cg12899502	71	72	0
cg12903213	15	16	0
cg12903213	28	29	0
cg12903213	29	30	0
cg12903213	32	33	0
cg12903213	37	38	0
cg12903213	55	56	100
cg12903213	60	61	100
cg12903213	61	62	100
cg12903213	63	64	100
cg12903213	65	66	100
cg12903213	75	76	0
cg12935350	14	15	0
cg12935350	27	28	0
cg12935350	55	56	0
cg12935350	56	57	0
cg12981876	28	29	0
cg12981876	34	35	0
cg12981876	40	41	0
cg12981876	43	44	0
cg12981876	52	53	0
cg12981876	53	54	0
cg12981876	54	55	0
cg12981876	55	56	0
cg13011653	32	33	0
cg13011653	33	34	100
cg13107977	11	12	100
cg13107977	13	14	100
cg13107977	44	45	0
cg13107977	45	46	100
cg13107977	47	48	0
cg13107977	49	50	100
cg13165311	8	9	0
cg13165311	20	21	0
cg13165311	26	27	0
cg13165311	43	44	0
cg13165311	58	59	0
cg13165311	59	60	0
cg13165311	67	68	0
cg13165311	69	70	0
cg13181002	15	16	100
cg13181002	19	20	0
cg13181002	50	51	100
cg13181002	51	52	0
cg13181002	56	57	100
cg13194536	59	60	0
cg13194536	64	65	100
cg13194536	69	70	100
cg13194536	70	71	100
cg13194536	76	77	100
cg13349948	33	34	0
cg13349948	39	40	0
cg13349948	55	56	0
cg13349948	60	61	0
cg13349948	62	63	0
cg13349948	64	65	0
cg13400013	13	14	0
cg13400013	15	16	0
cg13400013	17	18	0
cg13477804	38	39	0
cg13477804	64	65	100
cg13486820	33	34	100
cg13486820	34	35	100
cg13486820	55	56	33.3333333333333
cg13486820	56	57	33.3333333333333
cg13486820	69	70	50
cg13486820	72	73	50
cg13486820	74	75	100
cg13486820	75	76	100
cg13486820	77	78	100
cg13486820	78	79	100
cg13487071	14	15	100
cg13487071	16	17	100
cg13487071	38	39	100
cg13487071	39	40	100
cg13487071	48	49	0
cg13487071	51	52	100
cg13551010	11	12	100
cg13551010	31	32	0
cg13551010	36	37	0
cg13551010	44	45	0
cg13551010	45	46	0
cg13660279	22	23	0
cg13660279	23	24	0
cg13660279	26	27	0
cg13660279	28	29	0
cg13660279	29	30	0
cg13660279	31	32	0
cg13660279	55	56	0
cg13660279	59	60	100
cg13677591	58	59	100
cg13677591	64	65	100
cg13677591	66	67	0
cg13702567	27	28	0
cg13702567	28	29	0
cg13702567	33	34	0
cg13732394	15	16	0
cg13732394	19	20	0
cg13732394	24	25	0
cg13732394	29	30	0
cg13732394	30	31	0
cg13732394	40	41	0
cg13732394	42	43	0
cg13732394	43	44	0
cg13739934	58	59	0
cg13739934	70	71	0
cg13739934	76	77	0
cg13834844	43	44	0
cg13834844	44	45	0
cg13901789	65	66	100
cg13901789	73	74	0
cg13909487	25	26	0
cg13909487	30	31	0
cg13909487	36	37	0
cg14001847	9	10	0
cg14001847	15	16	0
cg14001847	16	17	0
cg14001847	35	36	0
cg14001847	43	44	0
cg14001847	57	58	0
cg14001847	62	63	0
cg14001847	63	64	0
cg14001847	66	67	0
cg14001847	69	70	0
cg14001847	71	72	0
cg14019317	20	21	0
cg14019317	25	26	0
cg14019317	30	31	0
cg14019317	33	34	0
cg14019317	40	41	0
cg14019317	41	42	0
cg14019317	53	54	0
cg14019317	65	66	0
cg14019317	68	69	0
cg14019317	71	72	100
cg14019317	73	74	0
cg14019317	74	75	100
cg14306227	47	48	0
cg14306227	53	54	0
cg14306227	77	78	100
cg14360629	6	7	0
cg14360629	7	8	100
cg14360629	9	10	50
cg14360629	11	12	50
cg14360629	13	14	66.6666666666667
cg14360629	15	16	66.6666666666667
cg14360629	17	18	50
cg14360629	18	19	75
cg14360629	19	20	50
cg14360629	20	21	75
cg14360629	22	23	50
cg14467787	25	26	0
cg14467787	29	30	0
cg14467787	34	35	0
cg14467787	66	67	0
cg14491141	48	49	0
cg14491141	54	55	0
cg14536909	27	28	0
cg14536909	29	30	50
cg14536909	34	35	100
cg14536909	35	36	100
cg14553781	38	39	0
cg14553781	63	64	100
cg14553781	65	66	100
cg14702498	34	35	0
cg14702498	35	36	0
cg14702498	36	37	0
cg14702498	41	42	0
cg14702498	44	45	0
cg14702498	47	48	0
cg14702498	48	49	0
cg14702498	49	50	0
cg14702498	50	51	0
cg14702498	53	54	0
cg14715530	25	26	0
cg14715530	27	28	0
cg14715530	28	29	0
cg14715530	29	30	0
cg14715530	35	36	0
cg14715530	41	42	0
cg14715530	53	54	0
cg14715530	66	67	0
cg14890920	21	22	0
cg14890920	24	25	0
cg14890920	25	26	0
cg14940505	22	23	0
cg14940505	59	60	0
cg14940505	60	61	0
cg15189202	35	36	0
cg15189202	36	37	0
cg15189202	54	55	0
cg15189202	55	56	0
cg15214658	19	20	100
cg15214658	69	70	100
cg15214658	71	72	0
cg15214658	72	73	100
cg15221079	18	19	33.3333333333333
cg15221079	21	22	0
cg15221079	26	27	0
cg15221079	33	34	0
cg15234261	68	69	0
cg15234261	75	76	50
cg15262576	24	25	0
cg15262576	27	28	0
cg15262576	35	36	0
cg15262576	36	37	0
cg15262576	39	40	0
cg15262576	41	42	0
cg15262576	43	44	0
cg15262576	44	45	0
cg15262576	45	46	0
cg15440561	26	27	100
cg15440561	31	32	100
cg15440561	48	49	100
cg15440561	50	51	0
cg15566115	11	12	0
cg15566115	13	14	0
cg15566115	16	17	0
cg15566115	19	20	100
cg15566115	20	21	0
cg15726426	20	21	0
cg15726426	21	22	0
cg15726426	59	60	0
cg15726426	62	63	0
cg15726426	65	66	0
cg15726426	71	72	0
cg15890010	27	28	100
cg15890010	31	32	66.6666666666667
cg15890010	33	34	25
cg15890010	35	36	75
cg15890010	37	38	75
cg15890010	39	40	100
cg15890010	40	41	100
cg15913680	23	24	0
cg15913680	37	38	0
cg15913680	41	42	0
cg15913680	42	43	0
cg15913680	50	51	0
cg15913680	61	62	0
cg15944967	64	65	0
cg15944967	65	66	0
cg15944967	72	73	100
cg15981352	18	19	0
cg15981352	19	20	0
cg15981352	21	22	0
cg15981352	24	25	0
cg15981352	53	54	0
cg15998452	65	66	0
cg15998452	77	78	100
cg16073238	11	12	0
cg16073238	25	26	0
cg16073238	27	28	0
cg16073238	29	30	0
cg16073238	30	31	0
cg16073238	33	34	0
cg16073238	37	38	0
cg16073238	59	60	0
cg16073238	61	62	0
cg16073238	63	64	0
cg16073238	64	65	0
cg16073238	70	71	0
cg16103501	43	44	50
cg16103501	47	48	0
cg16103501	49	50	100
cg16188689	42	43	100
cg16188689	45	46	100
cg16188689	47	48	100
cg16188689	51	52	100
cg16188689	52	53	100
cg16197002	34	35	0
cg16197002	41	42	0
cg16197002	43	44	0
cg16197002	44	45	0
cg16197002	46	47	0
cg16197002	47	48	0
cg16197002	50	51	0
cg16197002	52	53	0
cg16197002	70	71	0
cg16197002	71	72	0
cg16197002	73	74	0
cg16197002	76	77	0
cg16290482	6	7	0
cg16295770	30	31	100
cg16427848	1	2	0
cg16427848	3	4	0
cg16427848	69	70	0
cg16437950	15	16	0
cg16437950	16	17	0
cg16456408	44	45	100
cg16456627	10	11	50
cg16456627	11	12	100
cg16456627	12	13	75
cg16456627	21	22	75
cg16456627	23	24	14.2857142857143
cg16456627	24	25	50
cg16456627	28	29	37.5
cg16456627	29	30	12.5
cg16456627	31	32	62.5
cg16456627	36	37	33.3333333333333
cg16456627	59	60	0
cg16456627	62	63	0
cg16532688	18	19	0
cg16532688	19	20	100
cg16532688	37	38	0
cg16532688	43	44	0
cg16534861	31	32	0
cg16534861	32	33	0
cg16534861	36	37	33.3333333333333
cg16534861	37	38	33.3333333333333
cg16534861	46	47	100
cg16534861	64	65	100
cg16534861	66	67	0
cg16561874	10	11	0
cg16561874	11	12	0
cg16561874	17	18	0
cg16561874	75	76	0
cg16561874	76	77	0
cg16606195	33	34	100
cg16606195	34	35	0
cg16606195	35	36	100
cg16633088	57	58	100
cg16633088	66	67	0
cg16633088	67	68	0
cg16743922	10	11	0
cg16743922	11	12	0
cg16743922	19	20	0
cg16743922	20	21	0
cg16743922	21	22	0
cg16743922	43	44	0
cg16743922	45	46	0
cg16743922	48	49	0
cg16743922	51	52	0
cg16743922	52	53	0
cg16743922	55	56	0
cg16743922	60	61	0
cg16743922	65	66	0
cg16743922	66	67	0
cg16743922	67	68	0
cg16743922	68	69	0
cg16743922	69	70	0
cg16743922	74	75	0
cg16743922	78	79	0
cg16743922	79	80	0
cg16839209	11	12	0
cg16839209	17	18	0
cg16839209	18	19	0
cg16839209	19	20	0
cg16839209	21	22	0
cg16839209	27	28	0
cg16839209	33	34	0
cg16839209	37	38	0
cg16839209	38	39	0
cg16839209	47	48	0
cg16839209	48	49	0
cg16839209	49	50	0
cg16839209	51	52	0
cg16839209	54	55	0
cg16839209	58	59	0
cg16839209	60	61	0
cg16839209	62	63	0
cg16839209	67	68	0
cg16839209	71	72	0
cg16848740	17	18	100
cg16848740	18	19	0
cg16848740	21	22	50
cg16848740	27	28	0
cg16862911	24	25	100
cg16862911	30	31	100
cg16862911	43	44	0
cg16862911	45	46	0
cg16862911	47	48	0
cg16862911	53	54	0
cg16908172	20	21	0
cg17037716	19	20	0
cg17037716	27	28	0
cg17037716	29	30	33.3333333333333
cg17037716	32	33	66.6666666666667
cg17037716	33	34	66.6666666666667
cg17037716	39	40	50
cg17037716	53	54	50
cg17037716	72	73	0
cg17037716	77	78	0
cg17050836	44	45	0
cg17050836	50	51	0
cg17050836	55	56	100
cg17050836	56	57	100
cg17050836	57	58	100
cg17057912	9	10	0
cg17057912	10	11	0
cg17057912	15	16	0
cg17329011	13	14	50
cg17329011	14	15	0
cg17329011	15	16	50
cg17329011	17	18	0
cg17329011	33	34	0
cg17329011	34	35	0
cg17329011	46	47	0
cg17329011	48	49	0
cg17329011	49	50	0
cg17329011	50	51	0
cg17329011	51	52	0
cg17329011	54	55	0
cg17329011	58	59	0
cg17329011	61	62	0
cg17329011	65	66	0
cg17329011	66	67	0
cg17329011	67	68	0
cg17329011	68	69	0
cg17329011	69	70	0
cg17329011	70	71	100
cg17417202	10	11	0
cg17417202	12	13	0
cg17417202	14	15	0
cg17417202	21	22	0
cg17417202	37	38	0
cg17417202	48	49	0
cg17417202	56	57	0
cg17417202	57	58	0
cg17417202	68	69	0
cg17417202	72	73	0
cg17426532	11	12	100
cg17426532	27	28	0
cg17426532	35	36	0
cg17426532	55	56	100
cg17426532	59	60	100
cg17426532	64	65	100
cg17537062	5	6	100
cg17537062	43	44	0
cg17537062	45	46	100
cg17537062	49	50	0
cg17541971	36	37	0
cg17541971	38	39	0
cg17541971	45	46	0
cg17541971	48	49	0
cg17541971	60	61	100
cg17541971	62	63	0
cg17541971	63	64	0
cg17609931	2	3	100
cg17609931	12	13	100
cg17609931	30	31	100
cg17840681	34	35	0
cg17840681	52	53	0
cg17840681	63	64	0
cg17923358	32	33	100
cg17923358	35	36	100
cg17923358	36	37	0
cg17923358	37	38	100
cg17923358	38	39	100
cg17923358	65	66	100
cg17923358	66	67	100
cg18062440	32	33	0
cg18062440	34	35	0
cg18062440	35	36	0
cg18062440	53	54	0
cg18062440	54	55	0
cg18062440	66	67	0
cg18120675	15	16	0
cg18120675	18	19	0
cg18120675	23	24	0
cg18120675	48	49	0
cg18120675	49	50	0
cg18192799	8	9	100
cg18192799	9	10	100
cg18192799	12	13	100
cg18192799	14	15	100
cg18271715	35	36	0
cg18271715	39	40	0
cg18271715	40	41	0
cg18278083	42	43	100
cg18278083	44	45	100
cg18278083	53	54	0
cg18278083	54	55	0
cg18278083	71	72	100
cg18278971	63	64	0
cg18278971	64	65	50
cg18278971	66	67	33.3333333333333
cg18284930	12	13	0
cg18284930	15	16	0
cg18284930	18	19	0
cg18284930	19	20	0
cg18284930	20	21	0
cg18284930	21	22	0
cg18284930	34	35	0
cg18284930	40	41	0
cg18284930	46	47	0
cg18304538	34	35	0
cg18304538	39	40	0
cg18304538	46	47	0
cg18304538	48	49	100
cg18306254	31	32	0
cg18306254	41	42	0
cg18334734	25	26	0
cg18334734	32	33	0
cg18342041	5	6	0
cg18342041	13	14	0
cg18342041	23	24	0
cg18342041	29	30	0
cg18342041	40	41	0
cg18342041	41	42	0
cg18342041	54	55	0
cg18342041	57	58	0
cg18342041	69	70	0
cg18397523	63	64	0
cg18397523	67	68	0
cg18397523	70	71	0
cg18397523	72	73	0
cg18397523	73	74	0
cg18397523	74	75	0
cg18459384	40	41	0
cg18459384	42	43	0
cg18459384	43	44	0
cg18459384	56	57	0
cg18459384	57	58	0
cg18459384	67	68	0
cg18532887	4	5	50
cg18532887	5	6	100
cg18532887	6	7	100
cg18532887	10	11	100
cg18532887	12	13	100
cg18532887	13	14	100
cg18678822	73	74	100
cg18760617	25	26	0
cg18760617	43	44	0
cg18760617	47	48	0
cg18760617	63	64	0
cg18815657	20	21	100
cg18815657	47	48	0
cg18815657	49	50	0
cg18815657	51	52	0
cg18815657	52	53	0
cg18845660	52	53	0
cg18845660	54	55	0
cg18845660	65	66	100
cg18845660	66	67	100
cg18849004	26	27	100
cg18849004	57	58	100
cg18849004	58	59	0
cg18849004	60	61	0
cg18906085	29	30	0
cg18906085	33	34	0
cg18906085	48	49	0
cg18906085	50	51	0
cg18906085	54	55	33.3333333333333
cg18906085	55	56	0
cg18906085	58	59	0
cg18906085	60	61	0
cg18906085	65	66	0
cg18906085	67	68	0
cg18906085	68	69	0
cg18906085	71	72	0
cg18906085	72	73	0
cg18906085	74	75	0
cg18919816	8	9	0
cg18919816	9	10	0
cg18919816	11	12	0
cg18919816	13	14	0
cg18919816	14	15	0
cg18919816	16	17	0
cg18922837	70	71	0
cg18922837	73	74	0
cg18934851	36	37	0
cg18934851	37	38	0
cg18934851	40	41	0
cg18934851	41	42	0
cg18934851	42	43	0
cg18934851	43	44	0
cg18968947	27	28	100
cg18968947	29	30	100
cg18968947	31	32	0
cg18968947	32	33	100
cg18968947	50	51	0
cg19044063	4	5	0
cg19044063	5	6	0
cg19044063	6	7	0
cg19107537	40	41	100
cg19107537	44	45	0
cg19117962	39	40	50
cg19117962	41	42	33.3333333333333
cg19117962	45	46	75
cg19117962	47	48	66.6666666666667
cg19117962	49	50	66.6666666666667
cg19117962	51	52	100
cg19117962	53	54	80
cg19117962	55	56	20
cg19117962	57	58	80
cg19117962	59	60	80
cg19117962	61	62	75
cg19117962	63	64	25
cg19133511	41	42	100
cg19133511	42	43	50
cg19133511	43	44	0
cg19133511	47	48	0
cg19133511	48	49	100
cg19208044	24	25	100
cg19208044	26	27	100
cg19208044	31	32	100
cg19208044	34	35	100
cg19549894	20	21	0
cg19549894	21	22	0
cg19549894	31	32	0
cg19549894	36	37	0
cg19549894	43	44	0
cg19560915	28	29	0
cg19560915	30	31	0
cg19658834	5	6	50
cg19658834	8	9	100
cg19658834	11	12	100
cg19658834	19	20	0
cg19658834	20	21	0
cg19658834	35	36	0
cg19658834	36	37	0
cg19702779	33	34	0
cg19702779	45	46	100
cg19702779	48	49	100
cg19702779	53	54	100
cg19702779	54	55	0
cg19982295	43	44	0
cg19982295	49	50	0
cg19996711	3	4	0
cg19996711	4	5	0
cg19996711	7	8	0
cg19996711	9	10	0
cg19996711	10	11	0
cg19996711	51	52	0
cg20006236	70	71	0
cg20006236	71	72	0
cg20006236	75	76	0
cg20149183	51	52	100
cg20167583	15	16	100
cg20167583	17	18	100
cg20167583	18	19	100
cg20167583	20	21	100
cg20167583	22	23	100
cg20167583	26	27	100
cg20167583	29	30	100
cg20167583	31	32	100
cg20167583	33	34	100
cg20167583	34	35	100
cg20242875	36	37	0
cg20242875	37	38	0
cg20242875	62	63	0
cg20291049	15	16	0
cg20291049	24	25	0
cg20291049	28	29	0
cg20291049	36	37	0
cg20291049	37	38	0
cg20291049	48	49	0
cg20291049	51	52	0
cg20291049	69	70	0
cg20346209	31	32	0
cg20346209	45	46	0
cg20346209	46	47	0
cg20346209	48	49	0
cg20346209	49	50	0
cg20358438	34	35	0
cg20358438	35	36	0
cg20358438	51	52	0
cg20462566	21	22	0
cg20462566	59	60	0
cg20462566	60	61	0
cg20568292	9	10	0
cg20568292	65	66	0
cg20568292	68	69	0
cg20568292	69	70	0
cg20568292	74	75	0
cg20638025	38	39	0
cg20805191	4	5	100
cg20805191	5	6	0
cg20805191	14	15	100
cg20805191	15	16	100
cg20805191	29	30	0
cg20821442	39	40	0
cg20821442	40	41	100
cg20821442	67	68	0
cg20821442	68	69	0
cg20821442	69	70	0
cg20821442	75	76	0
cg20823439	5	6	0
cg20823439	19	20	0
cg20823439	20	21	0
cg20823439	23	24	0
cg20823439	32	33	0
cg20823439	33	34	0
cg20823439	38	39	0
cg20823439	47	48	0
cg20823439	57	58	0
cg20823439	59	60	0
cg20823439	60	61	0
cg20823439	64	65	0
cg20823439	68	69	0
cg20826688	51	52	0
cg20872072	9	10	66.6666666666667
cg20872072	12	13	40
cg20872072	13	14	60
cg20872072	15	16	40
cg20872072	18	19	20
cg20872072	19	20	60
cg20872072	21	22	50
cg20872072	22	23	66.6666666666667
cg20872072	27	28	50
cg20872072	28	29	50
cg20872072	39	40	100
cg20872072	42	43	100
cg20872072	43	44	0
cg20872072	45	46	0
cg20872072	72	73	50
cg20872072	75	76	100
cg20909027	39	40	100
cg20960545	5	6	0
cg20960545	9	10	0
cg20960545	10	11	0
cg20960545	26	27	0
cg20960545	28	29	0
cg20960545	43	44	0
cg20960545	52	53	0
cg20960545	57	58	0
cg20960545	59	60	0
cg20960545	70	71	0
cg20960545	73	74	0
cg20960545	74	75	0
cg20960545	75	76	0
cg20960545	76	77	0
cg21027282	7	8	0
cg21027282	14	15	0
cg21027282	25	26	0
cg21027282	43	44	0
cg21027282	44	45	0
cg21035472	46	47	100
cg21035472	48	49	0
cg21046297	20	21	0
cg21046297	21	22	0
cg21046297	22	23	0
cg21075112	23	24	100
cg21075112	25	26	0
cg21075112	26	27	100
cg21075112	30	31	100
cg21075112	43	44	100
cg21075112	48	49	100
cg21075112	59	60	100
cg21107288	31	32	0
cg21107288	38	39	0
cg21107288	42	43	0
cg21107288	44	45	0
cg21107288	49	50	0
cg21107288	58	59	0
cg21115959	16	17	0
cg21115959	19	20	0
cg21155517	24	25	100
cg21155517	25	26	0
cg21155517	41	42	0
cg21155517	44	45	0
cg21155517	45	46	0
cg21166964	24	25	0
cg21177673	34	35	100
cg21177673	36	37	100
cg21177673	39	40	100
cg21181292	12	13	0
cg21181292	15	16	100
cg21181292	17	18	100
cg21181292	23	24	100
cg21187101	71	72	0
cg21206637	21	22	0
cg21206637	22	23	0
cg21206637	23	24	0
cg21206637	25	26	0
cg21206637	32	33	0
cg21206637	50	51	0
cg21206637	51	52	0
cg21206637	52	53	0
cg21206637	54	55	0
cg21206637	68	69	0
cg21274598	55	56	0
cg21274598	65	66	0
cg21274598	67	68	0
cg21274598	74	75	0
cg21314020	2	3	0
cg21314020	18	19	100
cg21314020	19	20	100
cg21423577	29	30	100
cg21423577	31	32	100
cg21423577	32	33	0
cg21452781	34	35	0
cg21452781	35	36	0
cg21452781	36	37	0
cg21452781	37	38	0
cg21452781	39	40	50
cg21474882	19	20	0
cg21474882	22	23	0
cg21474882	23	24	0
cg21474882	24	25	0
cg21474882	25	26	0
cg21474882	28	29	0
cg21474882	37	38	0
cg21474882	49	50	0
cg21474882	50	51	0
cg21474882	64	65	0
cg21516079	42	43	0
cg21516079	43	44	0
cg21516079	44	45	100
cg21516079	48	49	100
cg21538469	14	15	100
cg21538469	16	17	0
cg21664322	24	25	100
cg21664322	29	30	50
cg21664322	35	36	100
cg21664322	36	37	50
cg21664322	65	66	50
cg21668347	54	55	0
cg21668347	55	56	66.6666666666667
cg21668347	59	60	75
cg21668347	62	63	0
cg21668347	63	64	50
cg21684886	17	18	0
cg21684886	26	27	0
cg21686577	48	49	0
cg21686577	49	50	0
cg21686577	60	61	0
cg21686577	71	72	0
cg21686577	73	74	0
cg21686577	74	75	0
cg21686577	75	76	0
cg21692288	9	10	0
cg21692288	60	61	0
cg21692288	66	67	0
cg21762820	24	25	0
cg21762820	33	34	0
cg21762820	36	37	0
cg21797039	28	29	0
cg21797039	31	32	0
cg21797039	41	42	0
cg21797039	42	43	0
cg21797039	43	44	50
cg21797039	46	47	50
cg21797039	52	53	0
cg21797039	53	54	0
cg21797039	55	56	0
cg21797039	63	64	0
cg21797039	68	69	0
cg21797039	71	72	100
cg21836885	50	51	0
cg21836885	52	53	100
cg21836885	54	55	100
cg21836885	58	59	75
cg21836885	59	60	0
cg21836885	60	61	100
cg21836885	64	65	75
cg21836885	65	66	0
cg21836885	67	68	50
cg21836885	68	69	75
cg21881832	15	16	100
cg21881832	20	21	100
cg21881832	26	27	0
cg21881832	27	28	100
cg21881832	28	29	100
cg21881832	55	56	0
cg21881832	56	57	0
cg21881832	58	59	0
cg21887986	23	24	0
cg21887986	24	25	50
cg21887986	28	29	0
cg21887986	29	30	0
cg22029297	16	17	0
cg22029297	18	19	0
cg22029297	21	22	0
cg22029297	22	23	0
cg22029297	27	28	0
cg22029297	29	30	0
cg22029297	30	31	0
cg22029297	31	32	0
cg22029297	50	51	0
cg22029297	60	61	0
cg22075146	2	3	0
cg22075146	3	4	0
cg22075146	20	21	0
cg22075146	21	22	0
cg22075146	22	23	0
cg22075146	41	42	0
cg22075146	44	45	0
cg22075146	45	46	0
cg22075146	60	61	0
cg22075146	62	63	0
cg22075146	68	69	0
cg22075146	74	75	0
cg22290035	56	57	0
cg22290035	58	59	0
cg22290035	76	77	0
cg22290035	78	79	0
cg22311716	32	33	0
cg22311716	33	34	0
cg22311716	35	36	0
cg22316499	19	20	0
cg22316499	21	22	0
cg22316499	23	24	0
cg22316499	25	26	0
cg22316499	61	62	100
cg22316499	62	63	100
cg22320967	45	46	0
cg22320967	48	49	0
cg22320967	58	59	0
cg22320967	59	60	0
cg22379728	43	44	0
cg22379728	59	60	0
cg22379728	65	66	0
cg22409694	19	20	0
cg22409694	23	24	0
cg22409694	28	29	0
cg22409694	52	53	0
cg22409694	53	54	0
cg22409694	54	55	0
cg22409694	55	56	0
cg22409694	69	70	100
cg22409694	71	72	0
cg22409694	72	73	0
cg22704389	68	69	0
cg22704389	69	70	0
cg22719669	12	13	0
cg22719669	26	27	100
cg22719669	49	50	100
cg22719669	72	73	0
cg22750057	10	11	0
cg22750057	15	16	0
cg22750057	17	18	0
cg22750057	23	24	0
cg22750057	26	27	0
cg22750057	27	28	0
cg22750057	29	30	0
cg22750057	35	36	0
cg22750057	36	37	0
cg22750057	38	39	0
cg22750057	42	43	0
cg22750057	43	44	0
cg22750057	44	45	0
cg22750057	47	48	0
cg22750057	62	63	0
cg22750057	71	72	0
cg22950745	15	16	100
cg22950745	35	36	100
cg22950745	41	42	100
cg23004138	28	29	100
cg23004138	29	30	100
cg23004138	30	31	0
cg23059642	9	10	0
cg23059642	10	11	0
cg23059642	60	61	0
cg23076498	2	3	100
cg23076498	4	5	100
cg23076498	6	7	0
cg23076498	7	8	100
cg23076498	9	10	50
cg23076498	11	12	50
cg23076498	13	14	100
cg23076498	17	18	100
cg23076498	18	19	100
cg23114866	25	26	100
cg23114866	27	28	100
cg23114866	28	29	100
cg23114866	30	31	0
cg23114866	32	33	100
cg23114866	35	36	100
cg23114866	39	40	100
cg23146717	9	10	0
cg23146717	24	25	100
cg23197560	13	14	0
cg23197560	24	25	0
cg23197560	31	32	0
cg23197560	33	34	0
cg23197560	48	49	0
cg23197560	55	56	0
cg23197560	72	73	0
cg23197560	75	76	0
cg23197560	76	77	0
cg23302461	47	48	0
cg23302461	49	50	0
cg23302461	50	51	0
cg23302461	51	52	0
cg23425044	11	12	0
cg23425044	21	22	0
cg23425044	31	32	0
cg23425044	35	36	0
cg23425044	45	46	0
cg23425044	49	50	0
cg23575948	14	15	0
cg23575948	20	21	0
cg23575948	26	27	0
cg23575948	32	33	0
cg23575948	50	51	0
cg23575948	73	74	0
cg23575948	74	75	0
cg23626248	38	39	100
cg23626248	40	41	100
cg23626248	42	43	100
cg23626248	44	45	100
cg23778391	51	52	100
cg23778391	52	53	0
cg23778391	53	54	0
cg23793099	8	9	0
cg23793099	9	10	0
cg23793099	10	11	0
cg23793099	12	13	0
cg23793099	19	20	0
cg23793099	21	22	0
cg23793099	24	25	0
cg23793099	25	26	0
cg23829949	20	21	100
cg23829949	22	23	0
cg23829949	27	28	0
cg23865846	40	41	100
cg23865846	44	45	100
cg23869573	12	13	0
cg23869573	13	14	0
cg23869573	18	19	0
cg23869573	25	26	0
cg23869573	26	27	0
cg23869573	44	45	0
cg23869573	50	51	0
cg23869573	54	55	0
cg23869573	57	58	0
cg23869573	66	67	0
cg23925685	8	9	0
cg23925685	9	10	0
cg23925685	10	11	0
cg23925685	11	12	0
cg23925685	20	21	0
cg23925685	25	26	0
cg23925685	26	27	0
cg23925685	27	28	0
cg23925685	35	36	0
cg23925685	37	38	0
cg23925685	40	41	0
cg23931730	21	22	0
cg23931730	27	28	0
cg23931730	28	29	0
cg23931730	36	37	0
cg23931730	46	47	0
cg23931730	63	64	0
cg23931730	69	70	0
cg23931730	70	71	0
cg24255409	1	2	0
cg24255409	2	3	0
cg24255409	4	5	0
cg24255409	5	6	0
cg24255409	7	8	0
cg24255409	8	9	0
cg24275772	67	68	0
cg24275772	69	70	0
cg24385325	66	67	0
cg24533228	21	22	0
cg24533228	32	33	0
cg24533228	35	36	0
cg24533228	36	37	50
cg24533228	40	41	0
cg24555998	3	4	0
cg24555998	7	8	0
cg24555998	10	11	0
cg24555998	11	12	0
cg24555998	13	14	0
cg24555998	15	16	0
cg24555998	18	19	0
cg24555998	28	29	0
cg24555998	35	36	0
cg24555998	55	56	0
cg24653257	0	1	0
cg24653257	12	13	0
cg24653257	42	43	0
cg24653257	50	51	0
cg24677671	20	21	100
cg24677671	34	35	100
cg24677671	35	36	0
cg24677671	36	37	0
cg24707416	3	4	0
cg24713149	19	20	0
cg24713149	20	21	0
cg24713149	40	41	0
cg24713149	54	55	0
cg24713149	58	59	0
cg24713149	64	65	0
cg24713149	71	72	0
cg24782168	33	34	100
cg24799293	6	7	0
cg24799293	53	54	0
cg24799293	54	55	0
cg24799293	57	58	0
cg24822649	13	14	0
cg24822649	16	17	0
cg24930802	15	16	0
cg24930802	16	17	0
cg24930802	21	22	0
cg24930802	26	27	0
cg24930802	28	29	0
cg24930802	38	39	0
cg24930802	50	51	0
cg24930802	51	52	0
cg25061778	49	50	50
cg25061778	52	53	0
cg25061778	53	54	100
cg25061778	55	56	33.3333333333333
cg25061778	56	57	33.3333333333333
cg25061778	59	60	33.3333333333333
cg25073174	32	33	0
cg25073174	33	34	0
cg25073174	35	36	0
cg25073174	37	38	100
cg25073174	38	39	0
cg25073174	68	69	100
cg25073174	72	73	100
cg25073174	73	74	0
cg25073174	74	75	0
cg25091185	44	45	0
cg25165498	7	8	0
cg25165498	12	13	0
cg25165498	31	32	100
cg25165498	34	35	0
cg25165498	63	64	0
cg25165498	64	65	0
cg25165498	72	73	0
cg25209681	45	46	0
cg25209681	46	47	0
cg25209681	50	51	0
cg25209681	53	54	0
cg25209681	58	59	0
cg25226813	42	43	0
cg25226813	46	47	0
cg25235409	24	25	0
cg25235409	25	26	0
cg25235409	26	27	0
cg25235409	27	28	0
cg25235409	33	34	0
cg25235409	49	50	0
cg25235409	57	58	0
cg25235409	60	61	0
cg25235409	61	62	0
cg25235409	65	66	0
cg25235409	68	69	0
cg25235409	69	70	0
cg25285936	28	29	0
cg25285936	31	32	0
cg25285936	68	69	0
cg25322213	43	44	100
cg25322213	44	45	100
cg25322213	64	65	100
cg25322213	65	66	100
cg25322213	71	72	0
cg25327134	13	14	0
cg25339883	11	12	0
cg25339883	12	13	0
cg25339883	14	15	0
cg25339883	23	24	0
cg25339883	32	33	0
cg25339883	47	48	0
cg25339883	48	49	0
cg25339883	53	54	0
cg25339883	61	62	0
cg25339883	65	66	0
cg25339883	72	73	0
cg25339883	73	74	0
cg25339883	75	76	0
cg25339883	77	78	0
cg25354602	29	30	0
cg25354602	34	35	0
cg25398727	20	21	0
cg25398727	22	23	0
cg25398727	26	27	0
cg25398727	29	30	0
cg25398727	32	33	0
cg25398727	33	34	0
cg25398727	36	37	0
cg25732341	23	24	100
cg25732341	25	26	0
cg25732341	30	31	0
cg25732341	31	32	100
cg25732341	32	33	100
cg25732341	45	46	100
cg25732341	54	55	100
cg25732341	66	67	0
cg25732341	69	70	0
cg25742767	36	37	0
cg25742767	39	40	0
cg25742767	49	50	0
cg25742767	55	56	0
cg25763390	21	22	0
cg25763390	24	25	0
cg25764105	25	26	0
cg25764105	26	27	0
cg25764105	31	32	0
cg25764105	33	34	0
cg25764105	37	38	0
cg25764105	38	39	0
cg25764105	39	40	0
cg25831669	31	32	100
cg25831669	35	36	100
cg25831669	41	42	75
cg25831669	42	43	100
cg25831669	45	46	66.6666666666667
cg25831669	47	48	100
cg25878799	24	25	0
cg25878799	25	26	0
cg25878799	36	37	0
cg25878799	40	41	0
cg25878799	41	42	0
cg25878799	42	43	0
cg25878799	43	44	0
cg25878799	48	49	0
cg25927637	22	23	100
cg25943464	51	52	0
cg25943464	68	69	100
cg26109480	8	9	0
cg26109480	71	72	0
cg26154615	12	13	100
cg26154615	15	16	0
cg26154615	65	66	100
cg26154615	66	67	100
cg26255127	13	14	0
cg26255127	28	29	0
cg26255127	30	31	0
cg26255127	54	55	0
cg26255127	55	56	0
cg26255127	66	67	0
cg26255127	74	75	0
cg26258498	20	21	0
cg26258498	22	23	100
cg26286303	42	43	0
cg26286303	44	45	0
cg26286303	45	46	0
cg26286303	53	54	0
cg26286303	54	55	0
cg26438612	18	19	0
cg26438612	40	41	100
cg26451479	26	27	0
cg26451479	28	29	0
cg26451479	29	30	0
cg26451479	31	32	0
cg26452091	71	72	0
cg26507427	35	36	50
cg26507427	36	37	0
cg26538799	25	26	0
cg26538799	26	27	0
cg26538799	27	28	0
cg26538799	28	29	100
cg26566168	9	10	0
cg26566168	10	11	0
cg26566168	11	12	0
cg26566168	13	14	0
cg26603143	56	57	0
cg26776127	38	39	0
cg26776127	58	59	0
cg26776127	59	60	0
cg26776127	61	62	0
cg26776127	62	63	0
cg26776127	68	69	0
cg26776127	69	70	0
cg26776127	71	72	0
cg26844246	15	16	0
cg26844246	24	25	0
cg26844246	30	31	0
cg26844246	32	33	33.3333333333333
cg26844246	34	35	0
cg26844246	37	38	0
cg26844246	38	39	0
cg26844246	39	40	0
cg26844246	43	44	0
cg26844246	51	52	0
cg26844246	58	59	0
cg26844246	60	61	0
cg26844246	61	62	0
cg26844246	71	72	100
cg26844246	73	74	0
cg26844246	74	75	0
cg26845017	13	14	0
cg26845017	25	26	0
cg26845017	27	28	0
cg26845017	28	29	0
cg26845017	33	34	0
cg26927472	23	24	100
cg26927472	24	25	0
cg26927472	25	26	0
cg26927472	44	45	100
cg26927472	47	48	100
cg26927472	49	50	0
cg26927472	55	56	0
cg26989101	53	54	0
cg26992565	21	22	0
cg26992565	40	41	0
cg26992565	42	43	0
cg26992565	46	47	0
cg26992565	49	50	0
cg26992565	50	51	0
cg26992565	51	52	0
cg26992565	55	56	0
cg26992565	56	57	0
cg27037659	10	11	0
cg27037659	11	12	0
cg27037659	14	15	0
cg27037659	23	24	0
cg27037659	30	31	0
cg27037659	31	32	0
cg27037659	33	34	0
cg27037659	54	55	0
cg27037659	66	67	100
cg27088374	7	8	100
cg27088374	39	40	0
cg27101921	45	46	100
cg27101921	56	57	100
cg27159708	33	34	100
cg27201382	12	13	0
cg27201382	33	34	0
cg27201382	36	37	0
cg27201382	37	38	0
cg27201382	60	61	0
cg27201382	62	63	0
cg27201382	67	68	0
cg27344974	16	17	0
cg27344974	32	33	0
cg27344974	54	55	0
cg27344974	60	61	0
cg27365371	38	39	0
cg27365371	63	64	0
cg27389123	3	4	100
cg27389123	59	60	0
cg27389123	60	61	0
cg27389123	61	62	0
cg27389123	63	64	0
cg27389123	64	65	0
cg27425459	17	18	0
cg27425459	18	19	0
cg27425459	27	28	0
cg27425459	75	76	100
cg27447914	54	55	0
cg27447914	56	57	0
cg27447914	57	58	0
cg27447914	58	59	0
cg27447914	63	64	0
cg27454487	19	20	100
cg27454487	67	68	0
cg27454487	68	69	0
cg27454487	72	73	100
cg27455566	23	24	0
cg27455566	24	25	100
cg27455566	52	53	50
cg27455566	57	58	50
cg27534091	9	10	50
cg27534091	18	19	0
cg27590908	47	48	0
cg27590908	53	54	0
cg27600712	20	21	0
cg27600712	26	27	0
cg27600712	27	28	0
cg27600712	35	36	0
cg27600712	36	37	0
cg27600712	38	39	0
cg27600712	39	40	0
cg27600712	43	44	50
cg27664916	18	19	0
cg27664916	19	20	100
cg27664916	22	23	100
cg27664916	38	39	0
cg27664916	39	40	0
cg27699373	5	6	0
cg27699373	8	9	0
cg27699373	14	15	0
cg27699373	16	17	0
cg27699373	17	18	0
cg27699373	20	21	0
cg27699373	27	28	0
cg27699373	35	36	0
cg27699373	37	38	0
cg27699373	41	42	0
cg27699373	44	45	0
cg27699373	46	47	0
cg27699373	47	48	0
cg27699373	50	51	0
cg27699373	52	53	0
cg27699373	56	57	0
cg27699373	59	60	0
cg27699373	63	64	0
cg27699373	67	68	0
