track type=bedGraph
cg00008998	69	70	100
cg00008998	72	73	0
cg00153046	2	3	100
cg00153046	3	4	100
cg00153046	8	9	100
cg00153046	9	10	100
cg00153046	26	27	0
cg00153046	30	31	0
cg00153046	31	32	0
cg00153046	44	45	50
cg00153046	46	47	50
cg00153046	48	49	50
cg00153046	65	66	0
cg00153046	66	67	0
cg00158333	56	57	100
cg00158333	61	62	50
cg00158333	65	66	100
cg00158333	67	68	100
cg00158333	68	69	100
cg00330845	69	70	100
cg00447136	68	69	100
cg00447136	69	70	0
cg00447136	73	74	100
cg00546693	34	35	0
cg00546693	42	43	0
cg00612925	52	53	100
cg01008025	53	54	0
cg01008025	54	55	100
cg01008025	55	56	100
cg01027323	64	65	100
cg01027323	67	68	100
cg01027323	68	69	100
cg01027323	69	70	0
cg01027323	70	71	100
cg01027323	71	72	100
cg01047058	57	58	0
cg01047058	61	62	0
cg01047058	63	64	0
cg01047058	65	66	100
cg01099625	9	10	100
cg01099625	44	45	50
cg01099625	45	46	100
cg01099625	48	49	85.7142857142857
cg01099625	57	58	87.5
cg01099625	58	59	57.1428571428571
cg01099625	61	62	50
cg01105418	66	67	100
cg01105418	70	71	0
cg01105418	72	73	100
cg01105418	74	75	100
cg01187271	59	60	100
cg01187271	61	62	66.6666666666667
cg01187271	63	64	50
cg01187271	66	67	75
cg01187271	67	68	100
cg01368226	9	10	100
cg01368226	22	23	0
cg01368226	30	31	66.6666666666667
cg01368226	31	32	75
cg01368226	33	34	75
cg01368226	35	36	80
cg01368226	36	37	80
cg01368226	37	38	80
cg01368226	40	41	100
cg01368226	68	69	100
cg01368226	72	73	100
cg01594757	14	15	0
cg01594757	16	17	100
cg01594757	17	18	0
cg01594757	20	21	0
cg01594757	55	56	100
cg01594757	56	57	100
cg01594757	58	59	100
cg01594757	59	60	100
cg01687105	34	35	100
cg01687105	67	68	100
cg01687105	71	72	0
cg01687105	73	74	100
cg01856529	1	2	100
cg01856529	2	3	100
cg01856529	3	4	100
cg01856529	4	5	100
cg01856529	6	7	75
cg01856529	7	8	80
cg01856529	8	9	100
cg01856529	9	10	100
cg01856529	11	12	80
cg01856529	12	13	80
cg01856529	13	14	60
cg01856529	14	15	100
cg01856529	15	16	100
cg01856529	17	18	66.6666666666667
cg01856529	19	20	100
cg01856529	21	22	100
cg01856529	22	23	100
cg01883716	40	41	0
cg01883716	41	42	0
cg01883716	51	52	0
cg01883716	52	53	0
cg01915021	18	19	0
cg01915021	20	21	0
cg01915021	23	24	50
cg01992907	63	64	100
cg01992907	66	67	66.6666666666667
cg01992907	67	68	100
cg01992907	75	76	100
cg01992907	76	77	0
cg01992907	78	79	100
cg01992907	79	80	100
cg02000659	52	53	100
cg02000659	59	60	100
cg02000659	61	62	100
cg02017717	41	42	100
cg02017717	42	43	20
cg02017717	43	44	80
cg02017717	45	46	80
cg02017717	52	53	33.3333333333333
cg02017717	53	54	0
cg02040024	9	10	0
cg02040024	11	12	0
cg02040024	13	14	0
cg02161890	1	2	100
cg02161890	2	3	100
cg02161890	58	59	100
cg02161890	59	60	0
cg02193885	0	1	0
cg02193885	3	4	0
cg02193885	6	7	0
cg02193885	11	12	0
cg02219744	15	16	100
cg02219744	58	59	100
cg02221888	12	13	100
cg02221888	14	15	100
cg02221888	15	16	0
cg02221888	17	18	0
cg02221888	45	46	0
cg02221888	47	48	100
cg02221888	48	49	0
cg02221888	50	51	100
cg02221888	51	52	100
cg02231349	14	15	0
cg02231349	25	26	100
cg02286774	8	9	100
cg02286774	12	13	100
cg02286774	13	14	50
cg02286774	17	18	100
cg02351382	14	15	0
cg02351382	65	66	0
cg02351382	66	67	0
cg02379880	28	29	0
cg02379880	29	30	100
cg02379880	32	33	0
cg02379880	43	44	50
cg02379880	49	50	0
cg02379880	50	51	0
cg02379880	53	54	100
cg02470096	11	12	100
cg02470096	13	14	0
cg02470096	16	17	100
cg02470096	45	46	50
cg02470096	52	53	0
cg02470096	67	68	100
cg02470096	74	75	0
cg02470096	75	76	0
cg02470096	78	79	100
cg02681442	3	4	0
cg02681442	7	8	100
cg02681442	8	9	0
cg02688223	18	19	100
cg02688223	38	39	100
cg02688223	43	44	100
cg02688223	49	50	33.3333333333333
cg02688223	52	53	66.6666666666667
cg02688223	54	55	66.6666666666667
cg02688223	58	59	33.3333333333333
cg02688223	66	67	100
cg02688223	67	68	100
cg02688223	74	75	100
cg02697105	27	28	0
cg02697105	31	32	0
cg02697105	44	45	100
cg02697105	47	48	66.6666666666667
cg02697105	51	52	100
cg02697105	58	59	100
cg02714609	40	41	100
cg02714609	41	42	100
cg02714609	42	43	100
cg02714609	44	45	0
cg02714609	74	75	100
cg02714609	77	78	100
cg02737031	43	44	100
cg02737031	47	48	75
cg02737031	53	54	100
cg02737031	59	60	66.6666666666667
cg02737031	60	61	100
cg02805342	49	50	100
cg02805342	51	52	0
cg02894112	59	60	0
cg02932095	55	56	100
cg02932095	59	60	100
cg02932095	64	65	100
cg03064443	38	39	100
cg03064443	39	40	0
cg03064443	42	43	0
cg03064443	46	47	0
cg03064443	47	48	0
cg03064443	55	56	0
cg03144020	47	48	0
cg03144020	48	49	66.6666666666667
cg03144020	50	51	66.6666666666667
cg03144020	51	52	0
cg03144020	53	54	33.3333333333333
cg03144020	55	56	0
cg03144020	56	57	100
cg03144020	74	75	100
cg03144020	77	78	0
cg03144020	78	79	100
cg03163633	16	17	100
cg03163633	17	18	0
cg03163633	41	42	50
cg03163633	42	43	50
cg03163633	44	45	50
cg03163633	51	52	100
cg03163633	55	56	100
cg03163633	57	58	100
cg03539526	9	10	100
cg03539526	11	12	100
cg03539526	38	39	0
cg03597059	15	16	0
cg03597059	49	50	50
cg03597059	58	59	0
cg03603997	16	17	50
cg03603997	17	18	50
cg03603997	20	21	50
cg03724450	22	23	100
cg03724450	41	42	0
cg03724450	55	56	0
cg03724450	56	57	0
cg03724450	65	66	100
cg03837769	10	11	50
cg03837769	14	15	0
cg03837769	15	16	0
cg03837769	18	19	100
cg03904814	13	14	0
cg03904814	14	15	0
cg03904814	16	17	100
cg03904814	18	19	100
cg03904814	64	65	0
cg03904814	67	68	0
cg03904814	69	70	100
cg03905867	22	23	100
cg03905867	35	36	100
cg03905867	38	39	100
cg03938432	61	62	50
cg03938432	63	64	100
cg03938432	64	65	100
cg03938432	67	68	100
cg03938432	68	69	100
cg03938432	72	73	66.6666666666667
cg03938432	73	74	100
cg03938432	76	77	66.6666666666667
cg03938432	77	78	100
cg03938432	78	79	100
cg03938432	79	80	33.3333333333333
cg03972287	16	17	0
cg03972287	19	20	0
cg03972287	20	21	0
cg03972287	45	46	66.6666666666667
cg03972287	49	50	80
cg03972287	51	52	75
cg03972287	55	56	75
cg03972287	72	73	0
cg03972287	73	74	50
cg03972287	77	78	50
cg03972287	79	80	100
cg04087693	42	43	100
cg04087693	48	49	100
cg04087693	53	54	100
cg04087693	55	56	0
cg04087693	57	58	0
cg04093430	26	27	100
cg04093430	29	30	100
cg04093430	36	37	100
cg04093430	37	38	100
cg04093430	38	39	100
cg04093430	39	40	100
cg04168436	9	10	100
cg04168436	13	14	100
cg04168436	50	51	100
cg04168436	56	57	0
cg04336027	18	19	100
cg04336027	22	23	100
cg04336027	27	28	100
cg04336027	29	30	0
cg04336027	41	42	0
cg04336027	42	43	0
cg04336027	45	46	0
cg04336027	53	54	0
cg04336027	55	56	100
cg04348533	45	46	0
cg04348533	49	50	0
cg04348533	50	51	0
cg04348533	51	52	100
cg04348533	54	55	0
cg04428702	72	73	0
cg04428702	74	75	0
cg04583031	11	12	0
cg04583031	12	13	0
cg04583031	14	15	0
cg04611891	59	60	100
cg04611891	61	62	100
cg04611891	70	71	100
cg04688368	22	23	0
cg04688368	25	26	0
cg04688368	26	27	100
cg04769815	25	26	100
cg04769815	27	28	100
cg04769815	29	30	100
cg04769815	40	41	100
cg04769815	42	43	0
cg04802182	3	4	100
cg04802182	6	7	100
cg04802182	7	8	100
cg04802182	15	16	0
cg04802182	18	19	0
cg04802182	19	20	100
cg04802182	21	22	0
cg04802182	22	23	100
cg04802182	23	24	100
cg04860548	25	26	0
cg04860548	29	30	0
cg05031474	68	69	0
cg05060618	9	10	100
cg05060618	10	11	100
cg05060618	48	49	100
cg05060618	53	54	0
cg05060618	58	59	100
cg05060618	60	61	100
cg05060618	63	64	100
cg05097610	4	5	0
cg05108018	52	53	0
cg05108018	63	64	100
cg05121253	15	16	0
cg05234920	7	8	100
cg05234920	11	12	50
cg05234920	12	13	100
cg05234920	14	15	100
cg05234920	15	16	100
cg05260361	18	19	100
cg05260361	21	22	0
cg05260361	23	24	0
cg05260361	25	26	100
cg05260361	28	29	100
cg05260361	50	51	100
cg05260361	51	52	100
cg05260361	53	54	100
cg05260361	59	60	100
cg05261870	6	7	0
cg05261870	7	8	0
cg05261870	10	11	0
cg05261870	31	32	0
cg05434345	9	10	0
cg05434345	13	14	0
cg05497416	12	13	100
cg05497416	44	45	100
cg05497416	48	49	100
cg05497416	49	50	0
cg05660816	19	20	100
cg05660816	58	59	100
cg05660816	60	61	100
cg05688812	19	20	100
cg05688812	22	23	0
cg05688812	23	24	100
cg05688812	44	45	0
cg05688812	45	46	0
cg05688812	47	48	0
cg05688812	51	52	100
cg05725590	39	40	50
cg05725590	43	44	0
cg05725590	44	45	100
cg05730460	9	10	100
cg05730460	11	12	100
cg05730460	13	14	100
cg05730460	14	15	50
cg05730460	17	18	100
cg05730460	19	20	100
cg05730460	27	28	0
cg05730460	28	29	0
cg05730460	31	32	0
cg05730460	34	35	0
cg05886164	45	46	0
cg05886164	47	48	50
cg05886164	52	53	66.6666666666667
cg05886164	54	55	66.6666666666667
cg05886164	57	58	100
cg05886164	58	59	100
cg05933419	60	61	100
cg05933419	61	62	100
cg05933419	67	68	100
cg05933419	74	75	100
cg06023028	17	18	66.6666666666667
cg06023028	18	19	66.6666666666667
cg06023028	20	21	66.6666666666667
cg06023028	21	22	66.6666666666667
cg06023028	22	23	33.3333333333333
cg06023028	24	25	100
cg06023028	25	26	50
cg06023028	36	37	100
cg06023028	38	39	100
cg06023028	39	40	0
cg06023028	40	41	100
cg06044403	65	66	100
cg06044403	66	67	100
cg06044403	69	70	100
cg06055418	17	18	100
cg06055418	18	19	100
cg06055418	19	20	100
cg06055418	20	21	0
cg06055418	62	63	100
cg06055418	63	64	100
cg06055418	66	67	100
cg06292880	10	11	0
cg06292880	14	15	59.2592592592593
cg06292880	18	19	60.9756097560976
cg06292880	26	27	66.0377358490566
cg06292880	27	28	52.9411764705882
cg06292880	31	32	58.3333333333333
cg06292880	34	35	44.4444444444444
cg06292880	46	47	0
cg06292880	55	56	50
cg06360155	7	8	0
cg06360155	20	21	100
cg06360155	24	25	0
cg06360155	26	27	100
cg06360155	27	28	0
cg06360155	29	30	100
cg06360155	32	33	100
cg06363517	11	12	100
cg06363517	15	16	0
cg06363517	16	17	66.6666666666667
cg06363517	18	19	66.6666666666667
cg06363517	19	20	50
cg06363517	21	22	0
cg06363517	23	24	50
cg06392318	25	26	100
cg06392318	30	31	100
cg06392318	34	35	0
cg06392318	36	37	50
cg06392318	37	38	50
cg06392318	38	39	0
cg06392318	40	41	50
cg06392318	44	45	50
cg06392318	45	46	66.6666666666667
cg06392318	46	47	33.3333333333333
cg06392318	48	49	66.6666666666667
cg06479604	58	59	100
cg06479604	60	61	100
cg06538073	6	7	100
cg06538073	8	9	0
cg06538073	9	10	100
cg06538073	13	14	0
cg06538073	14	15	100
cg06557369	39	40	100
cg06557369	40	41	0
cg06557369	46	47	0
cg06557369	54	55	0
cg06557369	55	56	0
cg06557369	57	58	0
cg06557369	58	59	0
cg06564900	16	17	100
cg06564900	20	21	50
cg06564900	21	22	0
cg06564900	22	23	50
cg06610975	45	46	0
cg06610975	52	53	0
cg06610975	56	57	0
cg06708132	6	7	100
cg06708132	8	9	100
cg06708132	10	11	100
cg06708132	49	50	0
cg06708132	50	51	100
cg07094804	48	49	100
cg07094804	49	50	0
cg07094804	53	54	100
cg07094804	56	57	0
cg07171305	20	21	100
cg07171305	23	24	100
cg07171305	24	25	100
cg07171305	25	26	100
cg07171305	27	28	100
cg07171305	28	29	100
cg07171305	29	30	0
cg07171305	32	33	100
cg07171305	59	60	100
cg07171305	60	61	100
cg07171305	61	62	100
cg07171305	62	63	100
cg07171305	64	65	75
cg07171305	67	68	75
cg07171305	68	69	60
cg07171305	71	72	50
cg07299823	15	16	100
cg07299823	16	17	100
cg07299823	36	37	100
cg07299823	41	42	100
cg07299823	42	43	100
cg07299823	43	44	100
cg07309253	30	31	100
cg07309253	35	36	0
cg07309253	37	38	100
cg07309253	41	42	0
cg07309253	44	45	0
cg07309253	47	48	0
cg07309253	48	49	0
cg07309253	49	50	0
cg07309253	52	53	0
cg07336259	4	5	0
cg07336259	5	6	0
cg07383477	69	70	0
cg07383477	72	73	0
cg07483210	51	52	100
cg07483210	59	60	100
cg07483210	61	62	100
cg07537139	59	60	0
cg07537139	60	61	0
cg07537139	65	66	0
cg07537139	68	69	0
cg07537139	70	71	0
cg07537139	71	72	0
cg07629125	50	51	0
cg07629125	52	53	0
cg07629125	57	58	50
cg07629125	59	60	50
cg07629125	61	62	100
cg07645671	46	47	100
cg07645671	52	53	100
cg07645671	55	56	100
cg07645671	56	57	100
cg07645671	58	59	100
cg07645671	61	62	100
cg07645671	65	66	100
cg07933997	25	26	100
cg07933997	27	28	100
cg07933997	30	31	100
cg07933997	34	35	100
cg07933997	36	37	100
cg07933997	37	38	0
cg08113048	18	19	0
cg08113048	54	55	100
cg08156863	48	49	100
cg08156863	55	56	50
cg08156863	56	57	100
cg08156863	58	59	50
cg08156863	59	60	100
cg08156863	61	62	100
cg08156863	62	63	100
cg08253452	26	27	0
cg08253452	43	44	0
cg08253452	47	48	100
cg08268145	8	9	0
cg08268145	13	14	0
cg08268145	14	15	0
cg08268145	15	16	0
cg08268145	17	18	0
cg08315393	21	22	0
cg08315393	22	23	50
cg08315393	29	30	100
cg08372705	15	16	100
cg08372705	16	17	100
cg08372705	21	22	100
cg08372705	22	23	100
cg08519469	59	60	100
cg08519469	60	61	100
cg08519469	62	63	100
cg08519469	64	65	100
cg08519469	67	68	50
cg08519469	71	72	100
cg08566450	12	13	100
cg08566450	14	15	100
cg08566450	15	16	100
cg08566450	45	46	50
cg08566450	46	47	33.3333333333333
cg08566450	47	48	33.3333333333333
cg08566450	48	49	33.3333333333333
cg08566450	50	51	33.3333333333333
cg08566450	53	54	33.3333333333333
cg08566450	55	56	0
cg08855194	30	31	50
cg08855194	32	33	50
cg08855194	35	36	0
cg08855194	43	44	100
cg08855449	2	3	100
cg08855449	31	32	0
cg08855449	32	33	0
cg08855449	33	34	0
cg08855449	38	39	0
cg08921975	39	40	100
cg08921975	41	42	0
cg08921975	44	45	0
cg08921975	45	46	50
cg08921975	47	48	0
cg08921975	48	49	50
cg08921975	50	51	0
cg08921975	51	52	0
cg08921975	53	54	0
cg08921975	55	56	50
cg08921975	57	58	100
cg08921975	61	62	100
cg08921975	67	68	0
cg08924167	7	8	100
cg08924167	12	13	50
cg08924167	78	79	100
cg09071556	37	38	0
cg09071556	42	43	50
cg09071556	46	47	0
cg09071556	47	48	0
cg09071556	58	59	100
cg09071556	60	61	0
cg09071556	61	62	50
cg09071556	63	64	100
cg09244212	29	30	100
cg09244212	31	32	100
cg09244212	36	37	100
cg09244212	38	39	100
cg09244212	39	40	100
cg09244212	40	41	100
cg09244212	41	42	100
cg09392026	3	4	100
cg09392026	5	6	0
cg09392026	7	8	0
cg09392026	48	49	0
cg09392026	53	54	0
cg09400505	43	44	0
cg09400505	45	46	0
cg09400505	47	48	100
cg09400505	49	50	50
cg09400505	52	53	100
cg09400505	57	58	0
cg09510409	59	60	0
cg09510409	61	62	100
cg09510409	62	63	100
cg09510409	65	66	0
cg09510409	67	68	100
cg09510409	68	69	100
cg09510409	71	72	100
cg09559982	45	46	100
cg09559982	56	57	100
cg09579869	57	58	0
cg09579869	58	59	100
cg09579869	60	61	100
cg09579869	67	68	100
cg09579869	69	70	100
cg09682305	11	12	100
cg09682305	12	13	70
cg09682305	14	15	86.6666666666667
cg09682305	17	18	95.6521739130435
cg09682305	20	21	100
cg09682305	23	24	85.7142857142857
cg09682305	26	27	100
cg09682305	27	28	68.1818181818182
cg09682305	29	30	76.1904761904762
cg09682305	31	32	62.5
cg09682305	32	33	94.1176470588235
cg09682305	35	36	40
cg09699229	31	32	50
cg09699229	36	37	0
cg09699229	38	39	0
cg09699229	43	44	0
cg09789765	10	11	0
cg09789765	11	12	0
cg09789765	15	16	0
cg09789765	18	19	0
cg09789765	19	20	0
cg09816507	37	38	100
cg09816507	40	41	0
cg09816507	43	44	100
cg09816507	47	48	100
cg09816507	51	52	100
cg10024790	17	18	100
cg10024790	18	19	100
cg10024790	21	22	100
cg10024790	22	23	100
cg10024790	25	26	100
cg10024790	26	27	90.9090909090909
cg10024790	29	30	100
cg10024790	40	41	50
cg10024790	44	45	50
cg10024790	45	46	50
cg10024790	48	49	75
cg10024790	52	53	50
cg10024790	53	54	50
cg10064809	20	21	0
cg10064809	25	26	100
cg10073942	4	5	100
cg10073942	6	7	0
cg10073942	11	12	100
cg10131194	55	56	100
cg10131194	57	58	0
cg10131194	59	60	50
cg10131194	60	61	100
cg10131194	61	62	50
cg10131194	65	66	50
cg10131194	67	68	0
cg10131194	69	70	100
cg10152878	11	12	0
cg10152878	65	66	0
cg10152878	67	68	0
cg10152878	68	69	0
cg10235290	9	10	100
cg10235290	10	11	100
cg10235290	15	16	0
cg10235290	28	29	100
cg10235290	29	30	0
cg10235290	39	40	100
cg10235290	41	42	100
cg10235290	43	44	100
cg10287351	22	23	0
cg10287351	25	26	50
cg10287351	28	29	100
cg10342649	25	26	100
cg10342649	26	27	100
cg10342649	29	30	100
cg10414374	42	43	0
cg10414374	43	44	0
cg10414374	44	45	100
cg10414374	48	49	50
cg10414374	49	50	0
cg10414374	51	52	0
cg10414374	54	55	100
cg10414374	65	66	100
cg10414374	75	76	0
cg10427841	14	15	0
cg10427841	67	68	100
cg10427841	69	70	0
cg10427841	70	71	0
cg10451848	72	73	0
cg10451848	73	74	0
cg10566829	7	8	0
cg10566829	8	9	100
cg10566829	9	10	0
cg10566829	11	12	100
cg10591258	5	6	0
cg10591258	6	7	100
cg10591258	9	10	0
cg10591258	12	13	50
cg10591258	18	19	100
cg10604668	29	30	66.6666666666667
cg10604668	30	31	51.4285714285714
cg10604668	34	35	62.8571428571429
cg10604668	36	37	48.6486486486487
cg10604668	37	38	68.4210526315789
cg10604668	38	39	50
cg10604668	39	40	48.6486486486487
cg10604668	40	41	60.5263157894737
cg10604668	41	42	60.9756097560976
cg10604668	44	45	55.8139534883721
cg10604668	46	47	65.8536585365854
cg10604668	47	48	72.5
cg10604668	49	50	70
cg10643442	34	35	0
cg10643442	38	39	0
cg10643442	39	40	0
cg10643442	47	48	0
cg10643442	54	55	100
cg10643442	56	57	100
cg10643442	57	58	100
cg10643442	59	60	100
cg10643442	60	61	100
cg10643442	61	62	100
cg10643442	70	71	100
cg10736991	65	66	100
cg10736991	73	74	100
cg10736991	77	78	100
cg10775708	43	44	0
cg10775708	47	48	0
cg10775708	51	52	0
cg10775708	54	55	0
cg10788097	29	30	0
cg10788097	72	73	0
cg10887796	7	8	100
cg10887796	34	35	100
cg10887796	38	39	100
cg10887796	39	40	100
cg10887796	40	41	100
cg11025714	15	16	100
cg11025714	20	21	100
cg11025714	22	23	100
cg11025714	23	24	100
cg11025714	24	25	100
cg11025714	25	26	100
cg11025714	27	28	100
cg11034948	19	20	100
cg11034948	20	21	0
cg11034948	21	22	0
cg11034948	23	24	100
cg11034948	25	26	0
cg11034948	34	35	0
cg11058785	28	29	100
cg11058785	37	38	100
cg11058785	39	40	20
cg11058785	42	43	0
cg11058785	49	50	0
cg11058785	51	52	100
cg11058785	52	53	100
cg11058785	59	60	100
cg11066411	39	40	0
cg11066411	40	41	100
cg11066411	41	42	100
cg11066411	45	46	0
cg11066411	65	66	100
cg11066411	66	67	0
cg11066411	68	69	100
cg11066411	71	72	100
cg11066411	72	73	0
cg11066411	73	74	100
cg11156486	30	31	0
cg11156486	51	52	100
cg11156486	53	54	100
cg11156486	54	55	100
cg11156486	57	58	100
cg11156486	64	65	66.6666666666667
cg11156486	66	67	33.3333333333333
cg11156486	68	69	66.6666666666667
cg11156486	70	71	50
cg11156486	72	73	50
cg11156486	75	76	100
cg11156486	76	77	0
cg11171400	13	14	100
cg11179893	25	26	0
cg11179893	26	27	0
cg11179893	31	32	50
cg11179893	32	33	50
cg11179893	35	36	0
cg11319388	2	3	100
cg11319388	4	5	100
cg11319388	10	11	100
cg11319388	11	12	66.6666666666667
cg11319388	13	14	71.4285714285714
cg11319388	16	17	37.5
cg11319388	17	18	87.5
cg11319388	34	35	0
cg11319388	35	36	0
cg11319388	46	47	0
cg11319388	50	51	0
cg11319388	56	57	0
cg11319388	58	59	0
cg11319388	70	71	0
cg11352219	52	53	0
cg11352219	63	64	100
cg11437639	14	15	0
cg11437639	18	19	0
cg11551173	72	73	50
cg11584091	36	37	0
cg11584091	37	38	0
cg11584091	40	41	0
cg11584091	56	57	0
cg11700079	13	14	100
cg11700079	15	16	100
cg11700079	16	17	100
cg11700079	17	18	100
cg11700079	56	57	0
cg11728741	1	2	100
cg11728741	2	3	100
cg11728741	4	5	0
cg11728741	5	6	100
cg11728741	8	9	100
cg11728741	10	11	100
cg11728741	11	12	100
cg11728741	17	18	100
cg11728741	19	20	100
cg11729098	39	40	100
cg11729098	42	43	100
cg11729098	43	44	100
cg11729098	44	45	100
cg11729098	54	55	100
cg11729098	55	56	100
cg11729098	59	60	100
cg11729098	60	61	100
cg11729098	62	63	100
cg11729098	67	68	100
cg11741231	11	12	0
cg11741231	14	15	50
cg11741231	17	18	75
cg11741231	24	25	100
cg11741231	25	26	100
cg11741231	26	27	100
cg11768647	29	30	100
cg11768647	30	31	100
cg11768647	31	32	100
cg11768647	50	51	100
cg11768647	56	57	50
cg11768647	58	59	33.3333333333333
cg11768647	59	60	50
cg11768647	65	66	0
cg11807038	52	53	100
cg11807038	54	55	50
cg11807038	59	60	100
cg11807038	63	64	100
cg11807038	64	65	100
cg11819496	19	20	0
cg11819496	35	36	0
cg11875079	48	49	100
cg11875079	51	52	100
cg11875079	52	53	100
cg11875079	55	56	100
cg11875079	57	58	42.8571428571429
cg11875079	60	61	100
cg11875079	63	64	33.3333333333333
cg11875079	66	67	100
cg11875079	67	68	100
cg11875079	68	69	100
cg11914037	6	7	0
cg11914037	9	10	0
cg11914037	10	11	0
cg11914037	13	14	0
cg12016197	61	62	0
cg12016197	70	71	0
cg12016197	72	73	0
cg12046720	23	24	0
cg12241489	63	64	0
cg12263847	29	30	100
cg12263847	30	31	100
cg12263847	70	71	100
cg12263847	74	75	100
cg12263847	77	78	100
cg12335724	71	72	0
cg12338604	31	32	0
cg12537145	32	33	100
cg12537145	35	36	0
cg12537145	37	38	100
cg12537145	39	40	0
cg12537145	54	55	0
cg12537145	55	56	0
cg12537145	56	57	0
cg12537145	57	58	0
cg12553580	2	3	100
cg12553580	4	5	100
cg12553580	6	7	100
cg12553580	7	8	0
cg12553580	8	9	100
cg12553580	9	10	0
cg12553580	11	12	0
cg12553580	12	13	100
cg12553580	14	15	100
cg12553580	15	16	0
cg12553580	16	17	100
cg12553580	17	18	0
cg12572894	4	5	0
cg12572894	5	6	100
cg12572894	6	7	0
cg12572894	41	42	0
cg12572894	50	51	33.3333333333333
cg12572894	52	53	33.3333333333333
cg12572894	53	54	33.3333333333333
cg12572894	54	55	33.3333333333333
cg12593479	33	34	100
cg12593479	36	37	100
cg12593479	38	39	100
cg12593479	69	70	0
cg12593479	71	72	0
cg12593479	72	73	100
cg12593479	75	76	0
cg12597232	44	45	100
cg12597232	45	46	100
cg12597232	48	49	50
cg12597232	51	52	100
cg12597232	53	54	100
cg12597232	56	57	100
cg12597232	57	58	0
cg12646064	51	52	0
cg12646064	55	56	0
cg12741020	53	54	0
cg12741020	55	56	0
cg12741020	57	58	0
cg12741020	58	59	50
cg12741020	59	60	0
cg12741020	62	63	100
cg12741020	64	65	50
cg12741020	65	66	50
cg12741020	66	67	100
cg12741020	67	68	50
cg12741020	68	69	50
cg12741020	70	71	100
cg12757011	29	30	100
cg12757011	31	32	0
cg12780461	65	66	100
cg12780461	71	72	0
cg12780461	75	76	100
cg12798259	63	64	100
cg12798259	64	65	100
cg12798259	67	68	100
cg12799227	5	6	0
cg12799227	18	19	50
cg12799227	64	65	0
cg12903213	55	56	100
cg12903213	60	61	100
cg12903213	61	62	100
cg12903213	63	64	50
cg12903213	65	66	100
cg12903213	66	67	100
cg12903213	67	68	100
cg12903213	69	70	100
cg12935350	56	57	100
cg12935350	63	64	100
cg12935350	68	69	0
cg12935350	71	72	100
cg13143654	11	12	100
cg13143654	13	14	50
cg13143654	14	15	66.6666666666667
cg13143654	16	17	66.6666666666667
cg13143654	19	20	100
cg13143654	20	21	66.6666666666667
cg13143654	22	23	33.3333333333333
cg13143654	23	24	66.6666666666667
cg13143654	25	26	33.3333333333333
cg13143654	26	27	33.3333333333333
cg13143654	27	28	33.3333333333333
cg13143654	28	29	0
cg13143654	68	69	0
cg13143654	69	70	0
cg13163729	21	22	100
cg13163729	24	25	100
cg13163729	27	28	100
cg13163729	29	30	66.6666666666667
cg13163729	30	31	75
cg13163729	31	32	100
cg13163729	33	34	100
cg13163729	34	35	100
cg13163729	35	36	100
cg13194536	8	9	0
cg13194536	14	15	0
cg13194536	15	16	100
cg13194536	16	17	100
cg13194536	17	18	0
cg13288931	20	21	0
cg13349948	45	46	0
cg13349948	46	47	0
cg13349948	47	48	0
cg13349948	52	53	0
cg13349948	54	55	100
cg13349948	55	56	0
cg13349948	60	61	0
cg13349948	70	71	0
cg13366102	21	22	100
cg13366102	22	23	100
cg13366102	24	25	0
cg13366102	25	26	0
cg13366102	26	27	0
cg13366102	28	29	100
cg13366102	30	31	100
cg13366102	51	52	0
cg13366102	52	53	0
cg13402193	24	25	100
cg13402193	60	61	0
cg13402193	62	63	100
cg13402193	63	64	0
cg13486820	55	56	100
cg13486820	56	57	100
cg13486820	69	70	100
cg13486820	72	73	33.3333333333333
cg13486820	74	75	100
cg13486820	75	76	33.3333333333333
cg13486820	77	78	100
cg13486820	78	79	100
cg13487071	12	13	0
cg13487071	14	15	0
cg13487071	16	17	0
cg13487071	34	35	0
cg13487071	38	39	0
cg13487071	39	40	0
cg13604683	35	36	100
cg13604683	36	37	50
cg13604683	43	44	100
cg13660279	15	16	100
cg13660279	64	65	100
cg13677591	15	16	100
cg13677591	17	18	100
cg13677591	37	38	100
cg13677591	39	40	0
cg13677591	40	41	0
cg13677591	41	42	0
cg13677591	42	43	0
cg13677591	43	44	100
cg13677591	44	45	0
cg13677591	58	59	100
cg13732394	3	4	100
cg13732394	5	6	0
cg13732394	8	9	100
cg13732394	54	55	0
cg13837730	32	33	100
cg13901789	4	5	0
cg13901789	5	6	0
cg13901789	9	10	100
cg13901789	35	36	100
cg13901789	65	66	100
cg13901789	66	67	0
cg14019317	68	69	0
cg14019317	71	72	0
cg14019317	73	74	100
cg14019317	74	75	0
cg14019317	76	77	0
cg14020187	63	64	100
cg14020187	64	65	100
cg14020187	65	66	100
cg14020187	66	67	100
cg14020187	68	69	100
cg14020187	69	70	50
cg14044818	3	4	0
cg14044818	4	5	0
cg14044818	57	58	100
cg14044818	59	60	100
cg14044818	60	61	100
cg14100627	30	31	0
cg14100627	31	32	100
cg14100627	37	38	0
cg14100627	40	41	0
cg14100627	73	74	100
cg14311946	10	11	100
cg14311946	11	12	100
cg14311946	13	14	100
cg14311946	14	15	100
cg14311946	15	16	100
cg14311946	18	19	100
cg14311946	20	21	100
cg14311946	26	27	0
cg14311946	30	31	100
cg14311946	33	34	100
cg14311946	35	36	100
cg14311946	36	37	100
cg14311946	39	40	33.3333333333333
cg14334315	63	64	100
cg14334315	64	65	0
cg14334315	66	67	0
cg14334315	67	68	0
cg14334315	69	70	0
cg14334315	73	74	100
cg14334315	75	76	0
cg14360629	6	7	0
cg14360629	7	8	100
cg14360629	9	10	66.6666666666667
cg14360629	11	12	83.3333333333333
cg14360629	13	14	55.5555555555556
cg14360629	15	16	70
cg14360629	17	18	66.6666666666667
cg14360629	18	19	55.5555555555556
cg14360629	19	20	66.6666666666667
cg14360629	20	21	62.5
cg14360629	22	23	71.4285714285714
cg14363797	1	2	100
cg14363797	3	4	100
cg14363797	5	6	0
cg14363797	6	7	0
cg14363797	7	8	100
cg14363797	8	9	100
cg14363797	71	72	0
cg14467787	6	7	100
cg14467787	10	11	100
cg14467787	13	14	0
cg14660630	28	29	0
cg14660630	32	33	0
cg14660630	35	36	0
cg14660630	69	70	0
cg14660630	72	73	0
cg14660630	73	74	0
cg14783231	41	42	100
cg14783231	42	43	100
cg14783231	44	45	100
cg14788180	5	6	0
cg14788180	62	63	0
cg14788180	63	64	0
cg14788180	69	70	0
cg14788180	71	72	0
cg14880389	2	3	100
cg14880389	5	6	50
cg14880389	8	9	50
cg14880389	11	12	100
cg14880389	14	15	66.6666666666667
cg14880389	17	18	100
cg14880389	35	36	0
cg14890920	4	5	100
cg14890920	54	55	100
cg14890920	56	57	100
cg14890920	59	60	100
cg14973588	57	58	0
cg14973588	59	60	100
cg14973588	73	74	100
cg14973588	77	78	100
cg14977462	44	45	0
cg14977462	46	47	100
cg14977462	54	55	0
cg15221079	36	37	100
cg15221079	37	38	0
cg15234261	19	20	0
cg15234261	62	63	0
cg15234261	64	65	0
cg15262576	12	13	100
cg15262576	35	36	66.6666666666667
cg15262576	36	37	75
cg15262576	39	40	50
cg15262576	41	42	75
cg15262576	43	44	25
cg15262576	44	45	66.6666666666667
cg15262576	45	46	66.6666666666667
cg15262576	66	67	50
cg15385409	14	15	0
cg15385409	18	19	0
cg15385409	19	20	0
cg15385409	21	22	0
cg15469181	2	3	100
cg15469181	4	5	100
cg15469181	5	6	50
cg15469181	6	7	100
cg15469181	8	9	100
cg15469181	9	10	100
cg15469181	15	16	100
cg15469181	17	18	100
cg15516833	47	48	0
cg15566115	4	5	100
cg15566115	7	8	100
cg15566115	8	9	50
cg15566115	11	12	75
cg15566115	13	14	60
cg15566115	16	17	20
cg15566115	19	20	66.6666666666667
cg15566115	20	21	66.6666666666667
cg15566115	58	59	100
cg15566115	69	70	50
cg15566115	71	72	66.6666666666667
cg15566115	72	73	100
cg15597792	68	69	0
cg15597792	69	70	0
cg15597792	70	71	0
cg15597792	73	74	0
cg15597792	75	76	0
cg15723222	20	21	100
cg15723222	21	22	100
cg15723222	27	28	100
cg15823859	37	38	100
cg15823859	40	41	100
cg15823859	41	42	33.3333333333333
cg15823859	43	44	100
cg15823859	48	49	100
cg15823859	49	50	100
cg15823859	50	51	0
cg15823859	59	60	0
cg15823859	60	61	100
cg15823859	63	64	100
cg15823859	64	65	100
cg15823859	65	66	100
cg15890010	31	32	100
cg15890010	33	34	100
cg15890010	35	36	100
cg15890010	37	38	100
cg15890010	39	40	100
cg15890010	47	48	0
cg15890010	50	51	0
cg15890010	51	52	0
cg15932297	13	14	100
cg15932297	20	21	100
cg15932297	23	24	100
cg15932297	33	34	100
cg15988120	1	2	0
cg15988120	6	7	100
cg15988120	9	10	100
cg15988120	11	12	0
cg15988120	12	13	100
cg15988120	14	15	100
cg15988120	15	16	0
cg15988120	19	20	0
cg16124154	22	23	100
cg16124154	23	24	100
cg16124154	27	28	100
cg16124154	49	50	100
cg16124154	51	52	100
cg16124154	52	53	0
cg16124154	55	56	100
cg16124154	58	59	100
cg16188689	6	7	0
cg16188689	42	43	0
cg16188689	45	46	100
cg16188689	47	48	50
cg16188689	51	52	0
cg16188689	52	53	0
cg16277100	61	62	0
cg16277100	62	63	0
cg16442395	4	5	0
cg16442395	27	28	100
cg16456627	10	11	75
cg16456627	11	12	75
cg16456627	12	13	25
cg16456627	21	22	87.5
cg16456627	23	24	87.5
cg16456627	24	25	72
cg16456627	28	29	74.0740740740741
cg16456627	29	30	75
cg16456627	31	32	84
cg16456627	36	37	77.7777777777778
cg16456627	62	63	100
cg16456627	65	66	0
cg16456627	66	67	100
cg16456627	67	68	100
cg16550733	59	60	0
cg16550733	62	63	0
cg16550733	63	64	100
cg16550733	65	66	100
cg16606195	11	12	50
cg16606195	57	58	100
cg16606195	65	66	50
cg16606195	67	68	0
cg16606195	70	71	0
cg16625559	52	53	100
cg16625559	54	55	100
cg16658659	21	22	0
cg16658659	25	26	0
cg16658659	27	28	0
cg16658659	64	65	0
cg16744551	2	3	100
cg16744551	5	6	100
cg16744551	6	7	100
cg16744551	11	12	100
cg16744551	31	32	100
cg16744551	33	34	100
cg16744551	34	35	100
cg16744551	37	38	100
cg16862911	13	14	0
cg16862911	16	17	100
cg16862911	24	25	0
cg16862911	43	44	100
cg16862911	45	46	0
cg16862911	47	48	0
cg16862911	53	54	0
cg16925789	25	26	0
cg16925789	26	27	0
cg16925789	27	28	0
cg17329011	13	14	0
cg17329011	14	15	0
cg17329011	15	16	0
cg17329011	17	18	0
cg17329011	22	23	0
cg17426532	38	39	0
cg17426532	40	41	0
cg17426532	42	43	66.6666666666667
cg17426532	43	44	66.6666666666667
cg17426532	45	46	0
cg17426532	47	48	100
cg17426532	50	51	50
cg17426532	59	60	100
cg17426532	64	65	100
cg17426532	66	67	100
cg17548032	59	60	0
cg17548032	62	63	0
cg17548032	63	64	0
cg17548032	67	68	100
cg17548032	69	70	50
cg17548032	72	73	100
cg17644722	5	6	0
cg17644722	11	12	0
cg17711361	10	11	50
cg17711361	12	13	0
cg17711361	14	15	50
cg17711361	19	20	50
cg17711361	25	26	100
cg17711361	26	27	100
cg17840681	4	5	100
cg17840681	14	15	100
cg17840681	19	20	83.3333333333333
cg17840681	21	22	71.4285714285714
cg17840681	22	23	62.5
cg17840681	25	26	100
cg17840681	30	31	100
cg17840681	41	42	100
cg17942396	5	6	100
cg17942396	27	28	0
cg18135595	37	38	50
cg18135595	39	40	0
cg18135595	40	41	0
cg18135595	41	42	100
cg18266944	4	5	100
cg18266944	7	8	0
cg18266944	11	12	0
cg18266944	34	35	0
cg18266944	35	36	0
cg18266944	39	40	0
cg18271715	27	28	0
cg18271715	29	30	0
cg18271715	35	36	0
cg18271715	39	40	0
cg18277399	22	23	0
cg18277399	47	48	0
cg18277399	48	49	0
cg18277399	52	53	100
cg18278971	56	57	0
cg18278971	57	58	100
cg18278971	63	64	100
cg18306254	4	5	100
cg18306254	5	6	100
cg18306254	6	7	100
cg18306254	8	9	100
cg18306254	9	10	100
cg18306254	13	14	100
cg18306254	15	16	0
cg18306254	31	32	100
cg18342041	58	59	0
cg18342041	64	65	0
cg18342041	65	66	0
cg18480384	57	58	100
cg18480384	58	59	0
cg18480384	65	66	0
cg18743610	61	62	0
cg18743610	62	63	0
cg18743610	67	68	0
cg18743610	71	72	0
cg18815657	40	41	100
cg18815657	42	43	50
cg18815657	47	48	75
cg18815657	49	50	77.7777777777778
cg18815657	51	52	50
cg18815657	52	53	62.5
cg18815657	57	58	100
cg18906085	48	49	0
cg18906085	50	51	100
cg18906085	55	56	0
cg18906085	65	66	0
cg18906085	67	68	0
cg18906085	71	72	0
cg18934851	36	37	100
cg18934851	37	38	100
cg18934851	40	41	100
cg18934851	41	42	100
cg18934851	42	43	0
cg18934851	43	44	100
cg18934851	45	46	100
cg18968947	20	21	0
cg18968947	27	28	100
cg18968947	29	30	66.6666666666667
cg18968947	31	32	66.6666666666667
cg18968947	32	33	50
cg18968947	50	51	100
cg19011483	4	5	0
cg19011483	10	11	0
cg19011483	55	56	0
cg19028261	18	19	0
cg19028261	23	24	0
cg19028261	25	26	0
cg19117962	39	40	53.8461538461538
cg19117962	41	42	85.7142857142857
cg19117962	45	46	57.1428571428571
cg19117962	47	48	87.5
cg19117962	49	50	55.2631578947368
cg19117962	51	52	75
cg19117962	53	54	75
cg19117962	55	56	56.25
cg19117962	57	58	65.3846153846154
cg19117962	59	60	82.6086956521739
cg19117962	61	62	50
cg19117962	63	64	66.6666666666667
cg19175123	62	63	0
cg19175123	64	65	50
cg19175123	65	66	50
cg19175123	67	68	0
cg19314788	20	21	0
cg19314788	21	22	0
cg19314788	23	24	0
cg19314788	26	27	0
cg19314788	31	32	50
cg19314788	55	56	0
cg19314788	56	57	0
cg19314788	57	58	0
cg19314788	63	64	66.6666666666667
cg19314788	65	66	33.3333333333333
cg19314788	72	73	100
cg19345073	29	30	100
cg19345073	31	32	100
cg19345073	35	36	100
cg19345073	63	64	100
cg19345073	64	65	66.6666666666667
cg19345073	65	66	100
cg19345073	67	68	100
cg19345073	69	70	100
cg19345073	71	72	100
cg19345073	72	73	100
cg19560915	40	41	100
cg19560915	59	60	0
cg19560915	60	61	0
cg19560915	61	62	0
cg19615998	2	3	100
cg19615998	3	4	100
cg19615998	4	5	100
cg19615998	6	7	0
cg19615998	8	9	100
cg19615998	10	11	100
cg19615998	11	12	100
cg19615998	13	14	100
cg19615998	14	15	100
cg19615998	36	37	100
cg19615998	38	39	100
cg19615998	41	42	100
cg19615998	46	47	100
cg19615998	47	48	100
cg19615998	50	51	100
cg19680012	36	37	100
cg19680012	39	40	100
cg19702779	16	17	100
cg19702779	20	21	100
cg19702779	66	67	100
cg19702779	68	69	0
cg19702779	71	72	100
cg19702779	72	73	100
cg19702779	74	75	100
cg19860820	46	47	0
cg19860820	47	48	100
cg19860820	49	50	66.6666666666667
cg19860820	51	52	50
cg19860820	53	54	100
cg19860820	55	56	85.7142857142857
cg19860820	56	57	100
cg19860820	62	63	100
cg19860820	64	65	100
cg19939065	12	13	0
cg19939065	13	14	0
cg19939065	40	41	0
cg19939065	43	44	0
cg19939065	46	47	0
cg19981759	49	50	0
cg19981759	74	75	0
cg20167583	15	16	100
cg20167583	17	18	100
cg20167583	18	19	16.6666666666667
cg20167583	20	21	16.6666666666667
cg20167583	22	23	14.2857142857143
cg20167583	26	27	42.8571428571429
cg20167583	29	30	0
cg20167583	31	32	0
cg20167583	33	34	0
cg20167583	34	35	0
cg20169907	9	10	0
cg20169907	60	61	0
cg20169907	64	65	0
cg20169907	66	67	0
cg20169907	69	70	0
cg20199880	62	63	0
cg20199880	72	73	100
cg20199880	74	75	100
cg20233387.1	53	54	100
cg20233387.1	58	59	100
cg20233387.1	61	62	100
cg20488057	28	29	100
cg20488057	34	35	50
cg20488057	36	37	50
cg20488057	40	41	100
cg20568292	53	54	100
cg20568292	59	60	66.6666666666667
cg20568292	60	61	33.3333333333333
cg20568292	62	63	50
cg20568292	65	66	40
cg20568292	68	69	60
cg20568292	69	70	60
cg20568292	74	75	50
cg20568292	77	78	100
cg20568292	78	79	0
cg20568292	79	80	100
cg20609321	38	39	0
cg20609321	44	45	100
cg20609321	45	46	0
cg20609321	49	50	100
cg20609321	52	53	100
cg20609321	53	54	100
cg20609321	58	59	100
cg20609321	60	61	50
cg20804050	51	52	0
cg20804050	52	53	0
cg20804050	59	60	0
cg20821442	33	34	66.6666666666667
cg20821442	35	36	60
cg20821442	39	40	66.6666666666667
cg20821442	40	41	66.6666666666667
cg20821442	51	52	0
cg20829742	12	13	100
cg20829742	19	20	100
cg20829742	24	25	100
cg20829742	26	27	100
cg20872072	9	10	33.3333333333333
cg20872072	12	13	66.6666666666667
cg20872072	13	14	33.3333333333333
cg20872072	15	16	33.3333333333333
cg20872072	18	19	33.3333333333333
cg20872072	19	20	33.3333333333333
cg20872072	21	22	33.3333333333333
cg20872072	22	23	50
cg20872072	27	28	100
cg20872072	28	29	100
cg20872072	72	73	0
cg20960545	9	10	100
cg20960545	10	11	0
cg20960545	14	15	0
cg20960545	70	71	0
cg20960545	73	74	100
cg20960545	74	75	100
cg20960545	75	76	0
cg20960545	76	77	0
cg20960545	78	79	100
cg21027178	9	10	100
cg21027178	13	14	0
cg21027178	14	15	50
cg21027178	15	16	100
cg21027178	18	19	0
cg21027178	19	20	0
cg21027178	55	56	0
cg21027178	56	57	0
cg21027178	58	59	0
cg21097283	9	10	100
cg21097283	16	17	100
cg21097283	36	37	75
cg21097283	58	59	100
cg21097283	62	63	66.6666666666667
cg21107288	4	5	0
cg21107288	7	8	100
cg21107288	9	10	0
cg21107288	11	12	100
cg21107288	15	16	100
cg21115959	26	27	0
cg21115959	28	29	0
cg21115959	30	31	0
cg21115959	35	36	0
cg21166964	30	31	100
cg21166964	39	40	100
cg21166964	40	41	100
cg21166964	41	42	100
cg21258436	55	56	0
cg21258436	56	57	0
cg21258436	58	59	0
cg21314020	14	15	100
cg21314020	53	54	0
cg21516079	5	6	100
cg21516079	9	10	0
cg21516079	11	12	0
cg21516079	13	14	0
cg21520769	6	7	0
cg21520769	9	10	100
cg21520769	13	14	66.6666666666667
cg21520769	14	15	0
cg21520769	16	17	66.6666666666667
cg21520769	18	19	0
cg21520769	20	21	0
cg21520769	71	72	0
cg21520769	72	73	0
cg21520769	75	76	0
cg21639837	5	6	0
cg21639837	10	11	0
cg21664322	1	2	0
cg21664322	3	4	0
cg21664322	5	6	100
cg21664322	24	25	100
cg21664322	29	30	100
cg21664322	35	36	100
cg21664322	36	37	100
cg21664322	65	66	0
cg21668347	47	48	100
cg21668347	49	50	0
cg21668347	54	55	100
cg21668347	55	56	100
cg21668347	59	60	100
cg21668347	66	67	0
cg21684886	45	46	100
cg21684886	48	49	50
cg21684886	49	50	100
cg21684886	58	59	100
cg21820842	24	25	0
cg21820842	25	26	0
cg21820842	27	28	0
cg21820842	29	30	100
cg21820842	50	51	0
cg21836885	44	45	66.6666666666667
cg21836885	50	51	76.9230769230769
cg21836885	52	53	74.5098039215686
cg21836885	54	55	54
cg21836885	58	59	67.3913043478261
cg21836885	59	60	80.4347826086957
cg21836885	60	61	59.5744680851064
cg21836885	64	65	65
cg21836885	65	66	66.6666666666667
cg21836885	67	68	60
cg21836885	68	69	61.7647058823529
cg21836885	75	76	50
cg21836885	76	77	0
cg21836885	77	78	0
cg21881832	26	27	100
cg21881832	27	28	100
cg21881832	28	29	100
cg21881832	38	39	0
cg21973311	15	16	0
cg21973311	65	66	0
cg22029297	16	17	100
cg22029297	18	19	100
cg22029297	21	22	100
cg22029297	22	23	75
cg22029297	27	28	66.6666666666667
cg22029297	29	30	100
cg22029297	30	31	100
cg22029297	31	32	50
cg22097199	50	51	100
cg22097199	53	54	100
cg22097199	55	56	100
cg22310761	20	21	0
cg22310761	53	54	0
cg22310761	54	55	0
cg22316499	19	20	100
cg22316499	21	22	100
cg22316499	23	24	100
cg22316499	25	26	100
cg22320967	32	33	0
cg22320967	41	42	100
cg22320967	43	44	33.3333333333333
cg22320967	45	46	100
cg22320967	48	49	100
cg22381406	13	14	100
cg22381406	32	33	100
cg22409694	29	30	100
cg22409694	32	33	100
cg22409694	33	34	100
cg22409694	64	65	0
cg22409694	67	68	0
cg22409694	69	70	100
cg22409694	71	72	0
cg22409694	72	73	0
cg23076498	2	3	0
cg23076498	4	5	0
cg23076498	6	7	0
cg23076498	7	8	100
cg23076498	9	10	0
cg23076498	11	12	100
cg23076498	13	14	100
cg23076498	17	18	100
cg23076498	18	19	0
cg23091488	32	33	100
cg23091488	33	34	100
cg23091488	34	35	100
cg23091488	38	39	0
cg23091488	39	40	100
cg23091488	60	61	100
cg23091488	61	62	100
cg23091488	63	64	100
cg23091488	64	65	100
cg23091488	66	67	100
cg23091488	67	68	100
cg23146472	59	60	50
cg23146472	61	62	100
cg23146472	62	63	100
cg23146472	63	64	0
cg23146472	64	65	66.6666666666667
cg23146472	66	67	100
cg23146472	67	68	66.6666666666667
cg23146472	68	69	75
cg23146472	69	70	100
cg23146472	70	71	75
cg23146472	72	73	100
cg23146472	74	75	100
cg23146717	24	25	100
cg23384377	17	18	100
cg23384377	18	19	100
cg23384377	20	21	100
cg23384377	21	22	100
cg23384377	59	60	100
cg23384377	60	61	100
cg23384377	65	66	100
cg23384377	69	70	100
cg23384377	70	71	100
cg23626248	5	6	100
cg23626248	58	59	100
cg23778391	7	8	100
cg23778391	33	34	100
cg23778391	35	36	100
cg23778391	40	41	66.6666666666667
cg23778391	41	42	71.4285714285714
cg23778391	42	43	85.7142857142857
cg23778391	51	52	42.8571428571429
cg23778391	52	53	71.4285714285714
cg23778391	53	54	85.7142857142857
cg23778391	67	68	0
cg23797553	37	38	100
cg23829949	2	3	100
cg23829949	3	4	100
cg23829949	5	6	100
cg23829949	7	8	100
cg23829949	14	15	33.3333333333333
cg23829949	17	18	100
cg23829949	19	20	0
cg23829949	20	21	50
cg23829949	22	23	100
cg23829949	47	48	0
cg23829949	55	56	50
cg23829949	56	57	100
cg24082948	17	18	0
cg24082948	19	20	0
cg24117712	14	15	0
cg24117712	33	34	0
cg24117712	34	35	0
cg24117712	50	51	0
cg24117712	51	52	0
cg24117712	52	53	0
cg24117712	63	64	0
cg24178740	29	30	0
cg24178740	31	32	100
cg24178740	34	35	100
cg24178740	37	38	100
cg24181917	67	68	0
cg24181917	68	69	0
cg24181917	74	75	0
cg24184266	23	24	100
cg24184266	24	25	100
cg24184266	25	26	100
cg24184266	49	50	100
cg24184266	51	52	100
cg24226527	21	22	0
cg24226527	22	23	0
cg24226527	51	52	0
cg24240262	7	8	100
cg24240262	12	13	0
cg24240262	50	51	100
cg24240262	53	54	0
cg24240262	55	56	0
cg24240262	58	59	100
cg24653257	32	33	0
cg24713149	9	10	100
cg24717141	61	62	0
cg24717141	69	70	0
cg24746619	65	66	0
cg24746619	76	77	50
cg24782168	19	20	100
cg24840164	6	7	100
cg24840164	7	8	0
cg24840164	11	12	0
cg24840164	13	14	100
cg24840164	15	16	100
cg24840164	16	17	100
cg24840164	78	79	100
cg24905735	58	59	100
cg24905735	59	60	100
cg24905735	60	61	0
cg24905735	66	67	100
cg25001128	59	60	0
cg25001128	65	66	0
cg25020809	29	30	100
cg25020809	33	34	50
cg25020809	40	41	50
cg25020809	56	57	0
cg25061778	27	28	100
cg25061778	29	30	0
cg25061778	32	33	0
cg25061778	36	37	100
cg25209681	10	11	100
cg25209681	13	14	100
cg25226813	30	31	0
cg25226813	31	32	0
cg25226813	33	34	100
cg25226813	40	41	100
cg25226813	42	43	100
cg25226813	46	47	100
cg25273233	16	17	100
cg25273233	18	19	100
cg25379954	18	19	0
cg25379954	20	21	0
cg25379954	21	22	0
cg25379954	45	46	0
cg25379954	63	64	100
cg25379954	67	68	100
cg25379954	68	69	100
cg25379954	69	70	0
cg25379954	70	71	0
cg25398727	51	52	100
cg25398727	53	54	100
cg25398727	63	64	100
cg25398727	66	67	100
cg25398727	68	69	100
cg25398727	71	72	100
cg25398727	72	73	100
cg25398727	74	75	100
cg25398727	77	78	100
cg25398727	79	80	0
cg25502186	15	16	0
cg25502186	17	18	100
cg25502186	18	19	100
cg25502186	20	21	0
cg25502186	53	54	100
cg25693396	5	6	0
cg25693396	8	9	0
cg25693396	49	50	0
cg25743059	8	9	100
cg25743059	14	15	100
cg25743059	39	40	100
cg25743059	41	42	100
cg25743059	42	43	100
cg25831669	28	29	0
cg25831669	31	32	0
cg25831669	35	36	88.8888888888889
cg25831669	41	42	55.5555555555556
cg25831669	42	43	100
cg25831669	45	46	100
cg25831669	47	48	100
cg25857570	41	42	0
cg25857570	44	45	33.3333333333333
cg25857570	45	46	33.3333333333333
cg25857570	47	48	0
cg25857570	49	50	100
cg25857570	67	68	0
cg25857570	69	70	0
cg25857570	71	72	0
cg25878799	24	25	100
cg25878799	25	26	0
cg25878799	62	63	100
cg25878799	64	65	100
cg25943464	32	33	100
cg25943464	68	69	0
cg26024182	16	17	0
cg26024182	18	19	0
cg26024182	61	62	0
cg26024182	65	66	0
cg26155008	2	3	100
cg26155008	3	4	0
cg26155008	52	53	100
cg26155008	55	56	0
cg26155008	63	64	50
cg26155008	64	65	0
cg26155008	65	66	100
cg26155008	66	67	100
cg26155008	70	71	50
cg26155008	72	73	50
cg26226211	14	15	100
cg26226211	23	24	0
cg26226211	30	31	0
cg26226211	33	34	50
cg26226211	35	36	100
cg26226211	36	37	0
cg26226211	39	40	0
cg26226211	40	41	0
cg26226211	42	43	0
cg26313355	21	22	0
cg26313355	24	25	0
cg26452091	52	53	100
cg26452091	63	64	100
cg26457229	59	60	0
cg26507427	27	28	100
cg26507427	35	36	100
cg26507427	36	37	0
cg26507427	40	41	100
cg26507427	41	42	100
cg26507427	42	43	100
cg26507427	45	46	0
cg26507427	46	47	100
cg26530991	26	27	0
cg26530991	27	28	100
cg26530991	40	41	100
cg26530991	43	44	100
cg26603143	66	67	0
cg26603143	68	69	100
cg26603143	69	70	0
cg26603143	70	71	100
cg26603143	71	72	100
cg26603143	72	73	0
cg26690989	18	19	100
cg26690989	19	20	100
cg26690989	20	21	100
cg26690989	23	24	100
cg26690989	25	26	0
cg26690989	67	68	100
cg26690989	68	69	0
cg26690989	71	72	100
cg26718996	7	8	100
cg26830742	33	34	100
cg26927472	44	45	100
cg26927472	47	48	75
cg26927472	49	50	100
cg26927472	55	56	100
cg26973329	35	36	0
cg26973329	51	52	0
cg26973329	53	54	0
cg26973329	54	55	0
cg27088374	17	18	50
cg27088374	20	21	50
cg27088374	22	23	50
cg27088374	23	24	100
cg27088374	46	47	0
cg27121137	2	3	0
cg27121137	38	39	0
cg27149782	15	16	0
cg27149782	16	17	100
cg27149782	19	20	100
cg27159708	16	17	100
cg27159708	19	20	50
cg27159708	25	26	0
cg27159708	33	34	66.6666666666667
cg27159708	50	51	0
cg27213895	46	47	100
cg27213895	48	49	100
cg27213895	51	52	100
cg27213895	53	54	100
cg27213895	54	55	100
cg27213895	57	58	100
cg27213895	58	59	100
cg27257879	60	61	100
cg27257879	61	62	100
cg27257879	63	64	100
cg27389123	3	4	100
cg27389123	42	43	0
cg27389123	48	49	100
cg27389123	49	50	100
cg27389123	57	58	100
cg27389123	59	60	100
cg27389123	60	61	100
cg27389123	61	62	100
cg27389123	63	64	100
cg27389123	64	65	100
cg27425459	67	68	0
cg27425459	75	76	0
cg27455566	3	4	0
cg27455566	40	41	0
cg27455566	52	53	100
cg27455566	57	58	0
cg27639460	34	35	0
cg27639460	39	40	0
cg27639460	61	62	0
