track type=bedGraph
cg00012879	37	38	100
cg00012879	39	40	50
cg00012879	40	41	0
cg00012879	42	43	100
cg00012879	44	45	0
cg00012879	46	47	100
cg00027863	40	41	0
cg00027863	43	44	0
cg00045149	11	12	100
cg00045149	12	13	0
cg00045149	13	14	100
cg00045149	15	16	100
cg00045149	51	52	100
cg00045149	53	54	100
cg00045149	55	56	100
cg00045149	57	58	100
cg00153046	9	10	100
cg00153046	16	17	50
cg00153046	61	62	0
cg00153046	62	63	0
cg00153046	65	66	100
cg00153046	66	67	50
cg00153046	71	72	0
cg00279752	40	41	100
cg00279752	41	42	100
cg00279752	44	45	100
cg00279752	45	46	75
cg00279752	51	52	100
cg00300211	52	53	0
cg00300211	61	62	0
cg00384342	36	37	0
cg00384342	37	38	0
cg00384342	41	42	50
cg00384342	45	46	100
cg00384342	49	50	100
cg00820579	32	33	0
cg00820579	33	34	50
cg00820579	35	36	0
cg00820579	36	37	0
cg00820579	37	38	100
cg00820579	39	40	50
cg00820579	45	46	100
cg00820579	46	47	100
cg00820579	47	48	50
cg00820579	48	49	50
cg00820579	51	52	0
cg00820579	52	53	100
cg00820579	53	54	0
cg01008025	12	13	50
cg01008025	15	16	100
cg01008025	21	22	100
cg01027323	25	26	100
cg01027323	62	63	0
cg01027323	64	65	0
cg01099625	0	1	100
cg01099625	1	2	100
cg01099625	3	4	100
cg01099625	9	10	100
cg01099625	22	23	100
cg01099625	24	25	100
cg01099625	44	45	100
cg01099625	45	46	83.3333333333333
cg01099625	48	49	100
cg01099625	57	58	78.5714285714286
cg01099625	58	59	83.3333333333333
cg01099625	61	62	40
cg01105418	40	41	100
cg01105418	48	49	100
cg01105418	52	53	100
cg01105418	54	55	100
cg01187271	19	20	100
cg01187271	27	28	100
cg01187271	40	41	60
cg01187271	42	43	100
cg01187271	44	45	50
cg01187271	59	60	88.8888888888889
cg01187271	61	62	55.5555555555556
cg01187271	63	64	63.6363636363636
cg01187271	66	67	80
cg01187271	67	68	80
cg01368226	30	31	100
cg01368226	31	32	100
cg01368226	33	34	0
cg01368226	35	36	100
cg01368226	36	37	100
cg01368226	37	38	100
cg01368226	40	41	100
cg01368226	68	69	100
cg01368226	72	73	100
cg01620430	9	10	100
cg01620430	11	12	50
cg01620430	12	13	50
cg01620430	18	19	100
cg01620430	20	21	100
cg01620430	63	64	0
cg01620430	64	65	100
cg01831882	19	20	100
cg01831882	24	25	0
cg01831882	27	28	0
cg01831882	28	29	100
cg01831882	29	30	0
cg01831882	45	46	0
cg01831882	47	48	100
cg01831882	48	49	0
cg01831882	49	50	100
cg01831882	51	52	0
cg01831882	66	67	0
cg01831882	69	70	0
cg01831882	70	71	100
cg01831882	72	73	50
cg01831882	74	75	100
cg01831882	75	76	0
cg01856529	1	2	0
cg01856529	2	3	100
cg01856529	3	4	100
cg01856529	4	5	75
cg01856529	6	7	83.3333333333333
cg01856529	7	8	66.6666666666667
cg01856529	8	9	100
cg01856529	9	10	100
cg01856529	11	12	71.4285714285714
cg01856529	12	13	100
cg01856529	13	14	57.1428571428571
cg01856529	14	15	100
cg01856529	15	16	100
cg01856529	17	18	66.6666666666667
cg01856529	19	20	33.3333333333333
cg01856529	21	22	100
cg01856529	22	23	50
cg01883716	41	42	100
cg01883716	51	52	0
cg01883716	52	53	100
cg01935699	22	23	100
cg01935699	23	24	100
cg01935699	24	25	100
cg01935699	71	72	100
cg01935699	77	78	100
cg01935699	78	79	50
cg02000659	11	12	50
cg02000659	15	16	50
cg02000659	43	44	100
cg02000659	59	60	100
cg02000659	61	62	100
cg02000659	63	64	100
cg02000659	65	66	0
cg02000659	66	67	0
cg02000659	67	68	100
cg02017717	41	42	85.7142857142857
cg02017717	42	43	57.1428571428571
cg02017717	43	44	75
cg02017717	45	46	0
cg02017717	52	53	0
cg02017717	53	54	50
cg02040823	62	63	0
cg02040823	65	66	100
cg02231183	19	20	0
cg02231183	21	22	0
cg02231183	22	23	50
cg02231183	26	27	100
cg02231183	30	31	100
cg02286774	8	9	71.4285714285714
cg02286774	12	13	57.1428571428571
cg02286774	13	14	90
cg02286774	17	18	83.3333333333333
cg02321644	15	16	100
cg02321644	17	18	0
cg02321644	18	19	0
cg02321644	51	52	0
cg02334049	26	27	100
cg02334049	30	31	100
cg02334049	35	36	100
cg02334049	36	37	0
cg02343568	11	12	0
cg02343568	13	14	100
cg02343568	19	20	100
cg02343568	27	28	100
cg02343568	30	31	100
cg02379880	43	44	100
cg02379880	53	54	100
cg02386994	25	26	0
cg02386994	26	27	0
cg02386994	29	30	0
cg02386994	30	31	0
cg02386994	43	44	0
cg02486904	64	65	100
cg02486904	65	66	100
cg02486904	70	71	100
cg02486904	77	78	100
cg02486904	78	79	100
cg02554345	36	37	0
cg02554345	37	38	0
cg02554345	41	42	0
cg02582875	14	15	100
cg02582875	18	19	0
cg02582875	19	20	0
cg02602455	4	5	100
cg02602455	9	10	100
cg02602455	12	13	100
cg02602455	68	69	100
cg02602455	70	71	100
cg02602455	72	73	100
cg02602455	73	74	100
cg02688223	49	50	75
cg02688223	52	53	0
cg02688223	54	55	60
cg02688223	58	59	100
cg02688223	60	61	40
cg02688223	66	67	66.6666666666667
cg02688223	67	68	100
cg02688223	74	75	100
cg02737031	43	44	100
cg02737031	47	48	100
cg02737031	53	54	100
cg02737031	59	60	0
cg02737031	60	61	100
cg02895393	23	24	0
cg02895393	25	26	0
cg02895393	26	27	100
cg02895393	27	28	100
cg02895393	47	48	100
cg02895393	48	49	100
cg02895393	50	51	0
cg02905739	33	34	0
cg02905739	38	39	0
cg02905739	39	40	0
cg02905739	41	42	50
cg02905739	42	43	0
cg02905739	45	46	0
cg02905739	49	50	0
cg02972618	1	2	100
cg02972618	3	4	100
cg02972618	4	5	100
cg02972618	6	7	100
cg02972618	65	66	100
cg02972618	67	68	100
cg02972618	69	70	100
cg02972618	71	72	50
cg02972618	75	76	100
cg03077729	43	44	100
cg03077729	46	47	100
cg03077729	57	58	100
cg03077729	63	64	50
cg03077729	65	66	100
cg03077729	69	70	100
cg03077729	70	71	33.3333333333333
cg03077729	71	72	66.6666666666667
cg03163633	36	37	0
cg03163633	41	42	50
cg03163633	42	43	0
cg03163633	44	45	100
cg03174933	26	27	100
cg03174933	27	28	100
cg03174933	30	31	100
cg03174933	35	36	100
cg03174933	37	38	100
cg03174933	41	42	0
cg03174933	42	43	0
cg03597059	58	59	100
cg03597059	61	62	50
cg03597059	62	63	50
cg03639871	36	37	100
cg03639871	37	38	100
cg03639871	38	39	0
cg03639871	40	41	100
cg03639871	43	44	100
cg03639871	44	45	100
cg03650138	11	12	100
cg03650138	14	15	100
cg03650138	16	17	100
cg03650138	17	18	100
cg03650138	18	19	100
cg03650138	20	21	100
cg03650138	21	22	100
cg03650138	22	23	100
cg03650138	25	26	100
cg03767531	25	26	100
cg03767531	29	30	0
cg03767531	31	32	100
cg03767531	32	33	0
cg03787614	34	35	0
cg03787614	41	42	100
cg03787614	45	46	0
cg03787614	46	47	100
cg03787614	48	49	100
cg03787614	51	52	0
cg03787614	52	53	100
cg03787614	54	55	100
cg03938432	26	27	100
cg03938432	28	29	100
cg03938432	61	62	100
cg03938432	63	64	83.3333333333333
cg03938432	64	65	66.6666666666667
cg03938432	67	68	50
cg03938432	68	69	83.3333333333333
cg03938432	72	73	75
cg03938432	73	74	100
cg03938432	76	77	33.3333333333333
cg03938432	77	78	100
cg03938432	78	79	100
cg03938432	79	80	66.6666666666667
cg03957108	47	48	0
cg03957108	50	51	100
cg03957108	51	52	100
cg03957108	53	54	100
cg03957108	54	55	0
cg03957108	55	56	0
cg03972287	45	46	0
cg03972287	49	50	0
cg03972287	51	52	100
cg03972287	55	56	100
cg04087693	42	43	0
cg04087693	48	49	100
cg04093430	26	27	50
cg04093430	29	30	100
cg04093430	36	37	100
cg04093430	37	38	100
cg04093430	38	39	100
cg04093430	39	40	100
cg04124389	14	15	50
cg04124389	16	17	100
cg04124389	18	19	50
cg04124389	19	20	100
cg04124389	21	22	0
cg04124389	22	23	0
cg04124389	32	33	0
cg04124389	33	34	0
cg04124389	34	35	100
cg04124389	37	38	0
cg04124389	39	40	100
cg04168436	39	40	0
cg04168436	45	46	0
cg04245317	10	11	100
cg04245317	11	12	0
cg04245317	14	15	100
cg04245317	16	17	100
cg04245317	20	21	100
cg04245317	22	23	100
cg04245317	24	25	0
cg04245317	27	28	100
cg04245317	28	29	100
cg04245317	29	30	100
cg04336027	8	9	0
cg04336027	18	19	100
cg04336027	22	23	100
cg04336027	27	28	100
cg04336027	29	30	100
cg04336027	35	36	0
cg04336027	37	38	0
cg04336027	41	42	0
cg04336027	42	43	50
cg04348533	15	16	0
cg04348533	16	17	0
cg04348533	26	27	100
cg04348533	42	43	0
cg04348533	45	46	50
cg04348533	49	50	0
cg04348533	50	51	0
cg04348533	51	52	0
cg04348533	59	60	0
cg04348533	60	61	0
cg04802182	15	16	100
cg04802182	18	19	0
cg04802182	19	20	0
cg04802182	21	22	100
cg04802182	22	23	100
cg04802182	23	24	100
cg04802182	25	26	100
cg04802182	64	65	100
cg04802182	66	67	100
cg04802182	69	70	100
cg04802182	70	71	100
cg04802182	71	72	50
cg04802182	72	73	100
cg04802182	74	75	100
cg04804914	52	53	100
cg04804914	54	55	100
cg04804914	56	57	100
cg04804914	58	59	100
cg04804914	60	61	100
cg04804914	66	67	100
cg04804914	67	68	100
cg04804914	72	73	50
cg04804914	74	75	0
cg04804914	76	77	0
cg04804914	77	78	100
cg04804914	78	79	0
cg04878542	1	2	100
cg04878542	2	3	100
cg04878542	4	5	100
cg04878542	14	15	0
cg04878542	15	16	100
cg04878542	16	17	0
cg04878542	17	18	100
cg04878542	19	20	100
cg04878542	20	21	0
cg04878542	22	23	0
cg04878542	23	24	100
cg04878542	25	26	100
cg04878542	26	27	0
cg04878542	28	29	100
cg04878542	29	30	100
cg04965129	73	74	100
cg05060618	53	54	100
cg05060618	58	59	100
cg05060618	60	61	0
cg05060618	63	64	100
cg05121253	34	35	100
cg05121253	40	41	100
cg05121253	42	43	100
cg05121253	45	46	100
cg05121253	47	48	100
cg05121253	51	52	100
cg05121253	56	57	50
cg05121253	58	59	100
cg05190315	55	56	50
cg05190315	61	62	100
cg05190315	62	63	100
cg05229784	31	32	100
cg05229784	33	34	0
cg05229784	36	37	100
cg05229784	37	38	100
cg05229784	39	40	0
cg05229784	50	51	0
cg05229784	51	52	0
cg05229784	52	53	0
cg05229784	54	55	0
cg05229784	57	58	0
cg05260361	18	19	100
cg05260361	21	22	100
cg05260361	23	24	75
cg05260361	25	26	100
cg05260361	28	29	100
cg05308374	1	2	100
cg05308374	2	3	100
cg05308374	7	8	100
cg05308374	8	9	100
cg05308374	11	12	100
cg05308374	12	13	100
cg05331950	62	63	0
cg05331950	64	65	100
cg05331950	65	66	0
cg05331950	71	72	100
cg05396320	9	10	100
cg05396320	10	11	100
cg05396320	11	12	0
cg05396320	50	51	100
cg05396320	51	52	100
cg05396320	52	53	0
cg05396320	55	56	100
cg05396320	56	57	0
cg05491758	21	22	0
cg05491758	25	26	0
cg05491758	44	45	0
cg05491758	45	46	50
cg05491758	46	47	50
cg05497416	24	25	100
cg05497416	40	41	0
cg05497416	41	42	100
cg05497416	44	45	0
cg05497416	48	49	0
cg05497416	49	50	0
cg05533382	32	33	100
cg05533382	50	51	100
cg05533382	51	52	100
cg05533382	52	53	100
cg05533382	53	54	100
cg05533382	57	58	0
cg05533382	58	59	100
cg05688812	35	36	0
cg05688812	36	37	100
cg05688812	39	40	0
cg05688812	42	43	100
cg05725590	66	67	0
cg05725590	67	68	0
cg05765439	17	18	0
cg05765439	44	45	50
cg05765439	48	49	50
cg05765439	49	50	50
cg05765439	50	51	50
cg05765439	58	59	0
cg05765439	61	62	0
cg05765439	67	68	0
cg05886164	24	25	100
cg05886164	25	26	100
cg05886164	26	27	100
cg05886164	28	29	100
cg05886164	29	30	100
cg05886164	45	46	100
cg05886164	47	48	100
cg05886164	52	53	100
cg05933419	60	61	0
cg05933419	61	62	50
cg05933419	67	68	0
cg06023028	17	18	50
cg06023028	18	19	100
cg06023028	20	21	50
cg06023028	21	22	0
cg06023028	22	23	100
cg06023028	24	25	50
cg06023028	25	26	0
cg06023028	36	37	50
cg06023028	38	39	100
cg06023028	39	40	100
cg06023028	40	41	100
cg06055418	6	7	100
cg06055418	17	18	0
cg06055418	18	19	0
cg06055418	19	20	0
cg06055418	20	21	100
cg06097717	9	10	100
cg06097717	58	59	100
cg06097717	64	65	100
cg06097717	65	66	100
cg06097717	68	69	100
cg06166108	44	45	100
cg06166108	48	49	0
cg06166108	51	52	100
cg06166108	52	53	0
cg06166108	54	55	50
cg06166108	57	58	0
cg06242145	23	24	100
cg06242145	25	26	0
cg06242145	27	28	100
cg06272543	40	41	0
cg06272543	41	42	100
cg06292880	10	11	50
cg06292880	14	15	64.2857142857143
cg06292880	18	19	61.9047619047619
cg06292880	26	27	58.0246913580247
cg06292880	27	28	58.4415584415584
cg06292880	31	32	60.7142857142857
cg06292880	34	35	77.7777777777778
cg06292880	55	56	75
cg06360155	7	8	100
cg06360155	24	25	0
cg06360155	26	27	0
cg06360155	27	28	100
cg06360155	29	30	100
cg06360155	32	33	100
cg06392318	6	7	100
cg06392318	7	8	100
cg06392318	34	35	100
cg06392318	36	37	100
cg06392318	37	38	0
cg06392318	38	39	0
cg06392318	40	41	100
cg06392318	44	45	0
cg06392318	45	46	0
cg06392318	46	47	100
cg06392318	48	49	100
cg06400713	35	36	0
cg06400713	36	37	0
cg06412376	14	15	100
cg06412376	16	17	50
cg06412376	18	19	100
cg06412376	20	21	100
cg06538073	51	52	0
cg06550953	41	42	100
cg06550953	59	60	100
cg06550953	61	62	100
cg06617495	36	37	0
cg06617495	43	44	0
cg06617495	67	68	0
cg06633079	6	7	100
cg06633079	7	8	0
cg06633079	11	12	0
cg06633079	12	13	100
cg06633079	13	14	100
cg06708132	2	3	100
cg06708132	3	4	100
cg06708132	6	7	100
cg06708132	8	9	100
cg06708132	10	11	100
cg06708132	20	21	100
cg06708132	24	25	100
cg06812724	18	19	0
cg06812724	23	24	100
cg06812724	24	25	100
cg06812724	54	55	100
cg06812724	56	57	100
cg06812724	57	58	100
cg06812724	58	59	100
cg06813117	65	66	100
cg06813117	70	71	33.3333333333333
cg06813117	74	75	50
cg06813117	75	76	100
cg06839075	19	20	100
cg06839075	21	22	50
cg06839075	23	24	100
cg06839075	25	26	50
cg06878766	21	22	100
cg06878766	22	23	100
cg06878766	23	24	100
cg06907391	28	29	0
cg06907391	30	31	100
cg06907391	49	50	100
cg06907391	50	51	0
cg06907391	56	57	100
cg07171305	20	21	100
cg07171305	23	24	100
cg07171305	24	25	100
cg07171305	25	26	0
cg07171305	27	28	100
cg07171305	28	29	50
cg07171305	29	30	50
cg07171305	32	33	100
cg07171305	59	60	100
cg07171305	60	61	100
cg07171305	61	62	50
cg07171305	62	63	50
cg07171305	64	65	100
cg07171305	67	68	75
cg07171305	68	69	75
cg07171305	71	72	66.6666666666667
cg07254032	33	34	100
cg07254032	34	35	0
cg07254032	36	37	0
cg07254032	39	40	0
cg07254032	40	41	100
cg07254032	42	43	100
cg07254032	46	47	0
cg07254032	51	52	100
cg07254032	52	53	100
cg07629125	33	34	100
cg07629125	34	35	100
cg07629125	57	58	100
cg07629125	59	60	100
cg07644544	9	10	100
cg07644544	25	26	0
cg07644544	27	28	0
cg07644544	47	48	0
cg07645671	26	27	100
cg07645671	45	46	100
cg07645671	46	47	100
cg07645671	52	53	100
cg07645671	55	56	71.4285714285714
cg07645671	56	57	71.4285714285714
cg07645671	58	59	83.3333333333333
cg07645671	61	62	100
cg07648871	57	58	0
cg07704742	22	23	0
cg07704742	24	25	100
cg07704742	25	26	100
cg07704742	26	27	0
cg07704742	27	28	0
cg07704742	29	30	100
cg07795407	1	2	100
cg07795407	2	3	100
cg07795407	5	6	100
cg07795407	9	10	100
cg07795407	13	14	100
cg07795407	15	16	0
cg07875786	69	70	0
cg07875786	70	71	100
cg07875786	71	72	0
cg07875786	72	73	0
cg07875786	73	74	0
cg08060524	21	22	100
cg08060524	26	27	100
cg08060524	31	32	100
cg08194812	14	15	0
cg08194812	25	26	100
cg08194812	28	29	0
cg08315393	39	40	50
cg08315393	40	41	50
cg08315393	42	43	100
cg08315393	43	44	50
cg08315393	68	69	100
cg08315393	69	70	100
cg08315393	71	72	0
cg08315393	72	73	100
cg08315393	73	74	0
cg08372705	10	11	100
cg08372705	15	16	100
cg08372705	16	17	100
cg08372705	21	22	100
cg08372705	22	23	50
cg08566450	35	36	100
cg08566450	36	37	100
cg08566450	37	38	100
cg08566450	39	40	100
cg08566450	40	41	100
cg08566450	45	46	100
cg08566450	46	47	100
cg08566450	47	48	100
cg08566450	48	49	100
cg08566450	50	51	100
cg08566450	53	54	0
cg08566450	55	56	100
cg08659076	15	16	100
cg08659076	16	17	0
cg08659076	19	20	100
cg08659076	70	71	100
cg08659076	71	72	0
cg08659076	76	77	100
cg08855194	30	31	100
cg08855194	35	36	0
cg08855194	43	44	100
cg08921975	39	40	100
cg08921975	41	42	100
cg08921975	44	45	0
cg08921975	45	46	100
cg08921975	47	48	100
cg08921975	48	49	0
cg08921975	50	51	0
cg08921975	51	52	0
cg08921975	53	54	0
cg08921975	55	56	0
cg08921975	57	58	50
cg08921975	61	62	50
cg08921975	62	63	100
cg08921975	67	68	100
cg08979438	20	21	0
cg08979438	21	22	0
cg08979438	24	25	50
cg08979438	28	29	100
cg09026530	43	44	100
cg09026530	47	48	100
cg09103452	30	31	100
cg09103452	36	37	100
cg09103452	37	38	100
cg09103452	41	42	100
cg09207493	30	31	100
cg09207493	31	32	100
cg09207493	32	33	0
cg09207493	56	57	100
cg09207493	57	58	100
cg09207493	63	64	100
cg09244212	29	30	100
cg09244212	31	32	100
cg09244212	36	37	50
cg09244212	38	39	100
cg09244212	39	40	100
cg09244212	40	41	100
cg09244212	41	42	100
cg09244212	42	43	0
cg09376856	6	7	0
cg09376856	13	14	0
cg09376856	21	22	100
cg09376856	25	26	100
cg09376856	26	27	100
cg09376856	31	32	100
cg09376856	62	63	100
cg09400505	34	35	100
cg09400505	38	39	100
cg09400505	57	58	0
cg09559982	24	25	0
cg09559982	27	28	0
cg09559982	34	35	100
cg09559982	45	46	100
cg09646359	21	22	100
cg09646359	23	24	0
cg09646359	70	71	0
cg09646359	76	77	100
cg09646359	78	79	0
cg09682305	11	12	0
cg09682305	12	13	60
cg09682305	14	15	92.8571428571429
cg09682305	17	18	79.1666666666667
cg09682305	20	21	96.4285714285714
cg09682305	23	24	86.2068965517241
cg09682305	26	27	93.3333333333333
cg09682305	27	28	58.6206896551724
cg09682305	29	30	96.2962962962963
cg09682305	31	32	76.1904761904762
cg09682305	32	33	95
cg09682305	35	36	70
cg09789765	65	66	0
cg09816507	17	18	0
cg09816507	18	19	100
cg09816507	19	20	0
cg09816507	21	22	100
cg09816507	22	23	0
cg09816507	31	32	0
cg09816507	33	34	0
cg09816507	34	35	0
cg09816507	37	38	0
cg09816507	40	41	0
cg09816507	43	44	0
cg09816507	47	48	100
cg09817427	11	12	100
cg09817427	12	13	100
cg09817427	13	14	66.6666666666667
cg09817427	17	18	0
cg09817427	23	24	0
cg09962606	16	17	100
cg09962606	19	20	100
cg09962606	20	21	100
cg09962606	48	49	100
cg09962606	50	51	100
cg09985753	16	17	0
cg09985753	17	18	100
cg09985753	19	20	0
cg09985753	22	23	100
cg09985753	23	24	100
cg09985753	35	36	0
cg09985753	38	39	100
cg09985753	39	40	0
cg10024790	18	19	83.3333333333333
cg10024790	21	22	100
cg10024790	22	23	86.6666666666667
cg10024790	25	26	100
cg10024790	26	27	93.3333333333333
cg10024790	29	30	94.4444444444444
cg10064809	5	6	33.3333333333333
cg10064809	7	8	75
cg10064809	10	11	42.8571428571429
cg10064809	11	12	28.5714285714286
cg10064809	13	14	81.8181818181818
cg10064809	14	15	90.9090909090909
cg10064809	15	16	50
cg10064809	20	21	100
cg10064809	25	26	100
cg10131194	55	56	40
cg10131194	57	58	40
cg10131194	59	60	100
cg10131194	60	61	60
cg10131194	61	62	100
cg10131194	65	66	40
cg10131194	67	68	100
cg10131194	69	70	0
cg10182925	6	7	0
cg10182925	11	12	100
cg10182925	13	14	50
cg10182925	16	17	100
cg10182925	19	20	100
cg10287351	12	13	100
cg10287351	14	15	100
cg10287351	17	18	100
cg10287351	49	50	100
cg10414374	42	43	100
cg10414374	43	44	0
cg10414374	44	45	100
cg10414374	48	49	100
cg10414374	49	50	100
cg10414374	54	55	0
cg10414374	57	58	100
cg10414374	61	62	50
cg10414374	65	66	100
cg10451848	33	34	100
cg10451848	36	37	100
cg10451848	38	39	50
cg10451848	42	43	100
cg10451848	44	45	100
cg10503757	8	9	0
cg10604668	14	15	100
cg10604668	29	30	76.3888888888889
cg10604668	30	31	54.7945205479452
cg10604668	34	35	52
cg10604668	36	37	51.2820512820513
cg10604668	37	38	77.3333333333333
cg10604668	38	39	53.9473684210526
cg10604668	39	40	64.4736842105263
cg10604668	40	41	57.6923076923077
cg10604668	41	42	73.0769230769231
cg10604668	44	45	55.5555555555556
cg10604668	46	47	52
cg10604668	47	48	68.4931506849315
cg10604668	49	50	77.7777777777778
cg10775708	22	23	100
cg10873006	55	56	100
cg10873006	57	58	100
cg10873006	58	59	50
cg10873006	60	61	100
cg10873006	61	62	100
cg10873006	63	64	50
cg10873006	64	65	100
cg11034948	11	12	75
cg11034948	13	14	100
cg11034948	14	15	75
cg11034948	15	16	75
cg11034948	16	17	77.7777777777778
cg11034948	19	20	100
cg11034948	20	21	57.1428571428571
cg11034948	21	22	44.4444444444444
cg11034948	23	24	83.3333333333333
cg11034948	25	26	60
cg11034948	28	29	100
cg11058785	28	29	100
cg11058785	37	38	75
cg11058785	39	40	50
cg11058785	42	43	33.3333333333333
cg11058785	49	50	50
cg11058785	51	52	50
cg11058785	52	53	50
cg11058785	59	60	100
cg11156486	20	21	0
cg11156486	22	23	100
cg11156486	72	73	100
cg11156486	75	76	100
cg11156486	76	77	100
cg11156486	77	78	100
cg11171400	9	10	100
cg11171400	13	14	100
cg11279021	64	65	0
cg11279021	65	66	100
cg11279021	69	70	0
cg11319388	4	5	100
cg11319388	10	11	75
cg11319388	11	12	75
cg11319388	13	14	87.5
cg11319388	16	17	60
cg11319388	17	18	81.25
cg11319388	32	33	0
cg11410180	20	21	100
cg11410180	21	22	100
cg11410180	55	56	100
cg11461434	21	22	100
cg11461434	23	24	100
cg11461434	24	25	0
cg11461434	29	30	100
cg11461434	30	31	0
cg11461434	70	71	100
cg11461434	72	73	100
cg11461434	73	74	100
cg11493105	40	41	0
cg11493105	41	42	0
cg11493105	47	48	0
cg11672180	32	33	100
cg11672180	69	70	100
cg11672180	72	73	100
cg11672180	75	76	100
cg11672180	77	78	100
cg11728741	1	2	50
cg11728741	2	3	33.3333333333333
cg11728741	4	5	100
cg11728741	5	6	66.6666666666667
cg11728741	8	9	66.6666666666667
cg11728741	10	11	100
cg11728741	11	12	75
cg11728741	17	18	100
cg11728741	19	20	50
cg11729098	39	40	100
cg11729098	42	43	66.6666666666667
cg11729098	43	44	66.6666666666667
cg11729098	44	45	100
cg11729098	54	55	100
cg11729098	55	56	100
cg11729098	59	60	100
cg11729098	60	61	100
cg11729098	62	63	71.4285714285714
cg11729098	67	68	100
cg11729098	68	69	100
cg11729098	70	71	0
cg11741231	11	12	20
cg11741231	14	15	100
cg11741231	17	18	75
cg11741231	24	25	0
cg11741231	25	26	100
cg11741231	26	27	100
cg11741231	75	76	0
cg11741231	77	78	100
cg11807038	52	53	80
cg11807038	54	55	57.1428571428571
cg11807038	59	60	50
cg11807038	63	64	100
cg11807038	64	65	100
cg11875079	35	36	60
cg11875079	48	49	50
cg11875079	51	52	60
cg11875079	52	53	60
cg11875079	55	56	96
cg11875079	57	58	7.14285714285714
cg11875079	60	61	100
cg11875079	63	64	3.57142857142857
cg11875079	66	67	100
cg11875079	67	68	100
cg11875079	68	69	100
cg11879601	55	56	100
cg11879601	61	62	50
cg11879601	62	63	100
cg11879601	64	65	50
cg11914037	6	7	0
cg11914037	9	10	100
cg11914037	10	11	100
cg11914037	13	14	0
cg11914037	32	33	100
cg11914037	33	34	100
cg11914037	34	35	100
cg12385547	24	25	100
cg12385547	25	26	100
cg12385547	27	28	50
cg12425327	9	10	100
cg12425327	11	12	0
cg12425327	12	13	0
cg12425327	28	29	100
cg12425327	36	37	100
cg12425327	45	46	100
cg12425327	46	47	0
cg12553580	2	3	25
cg12553580	4	5	75
cg12553580	6	7	100
cg12553580	7	8	50
cg12553580	8	9	100
cg12553580	9	10	50
cg12553580	11	12	100
cg12553580	12	13	60
cg12553580	14	15	50
cg12553580	15	16	66.6666666666667
cg12553580	16	17	66.6666666666667
cg12553580	17	18	20
cg12553580	74	75	100
cg12553580	76	77	100
cg12572894	0	1	100
cg12572894	4	5	66.6666666666667
cg12572894	5	6	100
cg12572894	6	7	100
cg12572894	40	41	100
cg12572894	41	42	100
cg12572894	50	51	47.0588235294118
cg12572894	52	53	75
cg12572894	53	54	85
cg12572894	54	55	38.8888888888889
cg12572894	61	62	100
cg12572894	63	64	100
cg12593479	7	8	100
cg12593479	8	9	50
cg12593479	10	11	100
cg12593479	12	13	50
cg12593479	69	70	100
cg12593479	71	72	100
cg12593479	72	73	50
cg12593479	75	76	100
cg12597232	44	45	0
cg12597232	45	46	100
cg12597232	48	49	0
cg12597232	51	52	100
cg12597232	53	54	100
cg12597232	56	57	0
cg12741020	53	54	50
cg12741020	55	56	75
cg12741020	57	58	60
cg12741020	58	59	20
cg12741020	59	60	80
cg12741020	62	63	20
cg12741020	64	65	66.6666666666667
cg12741020	65	66	100
cg12741020	66	67	25
cg12741020	67	68	100
cg12741020	68	69	50
cg12741020	70	71	50
cg12757011	29	30	100
cg12757011	31	32	0
cg12757011	34	35	100
cg12757011	36	37	100
cg12757011	37	38	100
cg12780461	65	66	100
cg12780461	71	72	66.6666666666667
cg12780461	75	76	100
cg12811128	10	11	0
cg12811128	11	12	0
cg12811128	13	14	0
cg12811128	14	15	0
cg12811128	16	17	0
cg12811128	37	38	0
cg12811630	51	52	100
cg12811630	54	55	100
cg12945120	11	12	100
cg12945120	18	19	100
cg12945120	19	20	100
cg12945120	33	34	100
cg12986671	2	3	0
cg12986671	5	6	100
cg12986671	32	33	100
cg12986671	33	34	100
cg12986671	35	36	100
cg12986671	38	39	100
cg12986671	40	41	100
cg12986671	41	42	100
cg12986671	44	45	100
cg13011653	44	45	100
cg13011653	45	46	100
cg13011653	46	47	0
cg13011653	49	50	0
cg13011653	53	54	100
cg13082504	6	7	0
cg13082504	11	12	100
cg13082504	15	16	100
cg13107977	13	14	100
cg13107977	21	22	100
cg13132580	40	41	100
cg13143654	7	8	66.6666666666667
cg13143654	8	9	66.6666666666667
cg13143654	10	11	85.7142857142857
cg13143654	11	12	37.5
cg13143654	13	14	55.5555555555556
cg13143654	14	15	77.7777777777778
cg13143654	16	17	42.8571428571429
cg13143654	19	20	38.4615384615385
cg13143654	20	21	61.5384615384615
cg13143654	22	23	60
cg13143654	23	24	30
cg13143654	25	26	50
cg13143654	26	27	70
cg13143654	27	28	60
cg13143654	28	29	62.5
cg13143654	29	30	57.1428571428571
cg13181002	15	16	100
cg13181002	19	20	100
cg13181002	34	35	100
cg13181002	36	37	100
cg13181002	38	39	100
cg13181002	45	46	100
cg13181002	49	50	0
cg13181002	50	51	100
cg13181002	51	52	100
cg13181002	56	57	50
cg13181002	58	59	100
cg13181002	69	70	100
cg13181002	71	72	100
cg13181002	74	75	100
cg13300506	15	16	0
cg13300506	27	28	100
cg13300506	30	31	0
cg13300506	31	32	100
cg13366102	35	36	0
cg13366102	39	40	0
cg13366102	40	41	0
cg13366102	42	43	100
cg13366102	43	44	0
cg13366102	45	46	50
cg13486820	69	70	75
cg13486820	72	73	66.6666666666667
cg13486820	74	75	73.3333333333333
cg13486820	75	76	57.1428571428571
cg13486820	77	78	55.5555555555556
cg13486820	78	79	62.5
cg13604683	43	44	0
cg13660279	22	23	100
cg13660279	23	24	100
cg13660279	26	27	100
cg13660279	28	29	100
cg13660279	29	30	100
cg13660279	31	32	0
cg13660279	37	38	100
cg13702567	22	23	100
cg13702567	24	25	100
cg13702567	25	26	100
cg13702567	27	28	0
cg13702567	28	29	0
cg13702567	33	34	0
cg13702567	40	41	100
cg13702567	58	59	0
cg13702567	67	68	100
cg13702567	69	70	100
cg13702567	72	73	0
cg13702567	73	74	100
cg13702567	74	75	0
cg13739934	30	31	0
cg13739934	35	36	0
cg13739934	39	40	50
cg13739934	40	41	0
cg13766016	32	33	0
cg13766016	57	58	100
cg13922229	23	24	100
cg13922229	25	26	100
cg13922229	27	28	100
cg13922229	30	31	100
cg13922229	31	32	100
cg13922229	35	36	50
cg14012997	12	13	100
cg14012997	17	18	100
cg14012997	45	46	0
cg14012997	48	49	0
cg14043264	24	25	0
cg14043264	37	38	100
cg14255803	23	24	50
cg14255803	29	30	100
cg14255803	30	31	100
cg14255803	32	33	100
cg14311946	10	11	50
cg14311946	11	12	66.6666666666667
cg14311946	13	14	75
cg14311946	14	15	25
cg14311946	15	16	75
cg14311946	18	19	33.3333333333333
cg14311946	20	21	50
cg14311946	26	27	0
cg14311946	30	31	0
cg14311946	33	34	60
cg14311946	35	36	66.6666666666667
cg14311946	36	37	66.6666666666667
cg14311946	39	40	100
cg14360629	6	7	45.4545454545455
cg14360629	7	8	64.7058823529412
cg14360629	9	10	69.5652173913043
cg14360629	11	12	52
cg14360629	13	14	59.2592592592593
cg14360629	15	16	60.6060606060606
cg14360629	17	18	66.6666666666667
cg14360629	18	19	78.7878787878788
cg14360629	19	20	37.5
cg14360629	20	21	73.3333333333333
cg14360629	22	23	56
cg14361875	35	36	0
cg14361875	36	37	0
cg14361875	41	42	0
cg14523578	43	44	0
cg14523578	50	51	0
cg14523578	57	58	0
cg14562454	42	43	100
cg14562454	69	70	100
cg14562454	70	71	100
cg14562454	71	72	100
cg14562454	72	73	100
cg14562454	74	75	100
cg14562454	75	76	100
cg14726968	16	17	100
cg14726968	23	24	50
cg14726968	25	26	100
cg14726968	27	28	100
cg14726968	29	30	100
cg14728698	28	29	0
cg14728698	44	45	0
cg14728698	45	46	0
cg14737427	6	7	100
cg14737427	7	8	100
cg14737427	8	9	100
cg14783231	41	42	66.6666666666667
cg14783231	42	43	66.6666666666667
cg14783231	44	45	0
cg14783231	50	51	100
cg14880389	5	6	100
cg14880389	8	9	100
cg14880389	11	12	100
cg14880389	14	15	100
cg14880389	17	18	100
cg14880389	20	21	50
cg14880389	23	24	100
cg14890920	21	22	100
cg14890920	24	25	100
cg14890920	25	26	100
cg14890920	54	55	0
cg14890920	56	57	100
cg15075184	48	49	0
cg15075184	49	50	100
cg15189202	29	30	0
cg15189202	35	36	0
cg15189202	36	37	0
cg15189202	42	43	0
cg15214658	25	26	0
cg15214658	27	28	100
cg15214658	29	30	100
cg15214658	31	32	100
cg15214658	33	34	100
cg15214658	34	35	100
cg15214658	36	37	100
cg15214658	40	41	100
cg15214658	42	43	100
cg15214658	71	72	0
cg15214658	72	73	0
cg15262576	27	28	100
cg15262576	35	36	75
cg15262576	36	37	50
cg15262576	39	40	50
cg15262576	41	42	50
cg15262576	43	44	66.6666666666667
cg15262576	44	45	100
cg15262576	45	46	0
cg15416058	29	30	0
cg15416058	30	31	100
cg15416058	32	33	0
cg15416058	53	54	100
cg15416058	58	59	100
cg15416058	59	60	100
cg15469181	2	3	100
cg15469181	4	5	100
cg15469181	5	6	100
cg15469181	6	7	100
cg15469181	8	9	100
cg15469181	9	10	100
cg15469181	15	16	100
cg15566115	4	5	80
cg15566115	7	8	50
cg15566115	8	9	72.7272727272727
cg15566115	11	12	54.5454545454545
cg15566115	13	14	72.7272727272727
cg15566115	16	17	70
cg15566115	19	20	62.5
cg15566115	20	21	57.1428571428571
cg15566115	69	70	33.3333333333333
cg15566115	71	72	83.3333333333333
cg15566115	72	73	50
cg15566115	76	77	50
cg15566115	77	78	100
cg15566115	78	79	0
cg15639204	22	23	0
cg15658912	32	33	0
cg15658912	36	37	100
cg15658912	37	38	100
cg15658912	38	39	100
cg15658912	40	41	100
cg15658912	41	42	100
cg15693666	12	13	100
cg15693666	14	15	0
cg15693666	15	16	100
cg15693666	16	17	100
cg15693666	25	26	100
cg15693666	26	27	0
cg15693666	28	29	100
cg15693666	29	30	0
cg15693666	39	40	0
cg15693666	44	45	100
cg15693666	47	48	100
cg15693666	52	53	100
cg15823859	37	38	50
cg15823859	40	41	83.3333333333333
cg15823859	41	42	50
cg15823859	43	44	50
cg15823859	48	49	100
cg15823859	49	50	28.5714285714286
cg15823859	50	51	0
cg15823859	59	60	50
cg15823859	60	61	100
cg15823859	63	64	50
cg15823859	64	65	50
cg15823859	65	66	0
cg15890010	47	48	100
cg15890010	50	51	0
cg15890010	51	52	0
cg15913680	4	5	0
cg15913680	5	6	100
cg15913680	7	8	100
cg15913680	10	11	100
cg15913680	11	12	50
cg15913680	13	14	50
cg15913680	25	26	100
cg15913680	26	27	100
cg15913680	31	32	100
cg15913680	32	33	100
cg15913680	52	53	100
cg15913680	55	56	0
cg15913680	56	57	100
cg15913680	58	59	100
cg15932297	13	14	33.3333333333333
cg15932297	20	21	81.8181818181818
cg15932297	23	24	100
cg15932297	33	34	100
cg15981352	46	47	100
cg15988120	1	2	100
cg15988120	6	7	0
cg15988120	9	10	0
cg15988120	11	12	100
cg15988120	12	13	100
cg15988120	14	15	100
cg15988120	15	16	100
cg16103501	22	23	0
cg16124154	47	48	100
cg16124154	49	50	50
cg16124154	51	52	50
cg16124154	52	53	100
cg16124154	55	56	100
cg16188689	32	33	0
cg16188689	42	43	0
cg16188689	63	64	100
cg16267458	50	51	100
cg16267458	53	54	100
cg16267458	55	56	100
cg16267458	63	64	0
cg16290725	3	4	100
cg16290725	4	5	100
cg16290725	5	6	100
cg16290725	7	8	0
cg16290725	8	9	100
cg16290725	11	12	100
cg16290725	13	14	100
cg16290725	18	19	100
cg16456627	10	11	56.25
cg16456627	11	12	75
cg16456627	12	13	76.4705882352941
cg16456627	21	22	45.4545454545455
cg16456627	23	24	72.7272727272727
cg16456627	24	25	74.2857142857143
cg16456627	28	29	78.3783783783784
cg16456627	29	30	62.1621621621622
cg16456627	31	32	69.6969696969697
cg16456627	36	37	93.3333333333333
cg16456627	55	56	100
cg16456627	56	57	100
cg16456627	57	58	0
cg16456627	58	59	0
cg16456627	59	60	50
cg16456627	62	63	100
cg16456627	65	66	100
cg16524928	12	13	0
cg16524928	14	15	0
cg16524928	15	16	0
cg16524928	17	18	100
cg16524928	31	32	100
cg16524928	32	33	100
cg16606195	33	34	100
cg16606195	34	35	100
cg16606195	35	36	0
cg16675686	25	26	0
cg16675686	32	33	0
cg16678811	14	15	0
cg16678811	16	17	100
cg16678811	22	23	100
cg16678811	26	27	100
cg16678811	27	28	100
cg16678811	28	29	100
cg16678811	29	30	100
cg16678811	31	32	100
cg16678811	33	34	100
cg16744551	2	3	100
cg16744551	5	6	100
cg16744551	6	7	100
cg16744551	11	12	100
cg16744551	13	14	0
cg16744551	17	18	0
cg16744551	19	20	50
cg16744551	45	46	0
cg16744551	50	51	0
cg16744551	51	52	0
cg16862911	16	17	0
cg16862911	24	25	100
cg16862911	30	31	100
cg16948650	41	42	100
cg16948650	42	43	0
cg16948650	46	47	100
cg16948650	47	48	100
cg16948650	49	50	100
cg16948650	50	51	0
cg16948650	73	74	100
cg16948650	76	77	100
cg16948650	77	78	100
cg17137627	43	44	0
cg17137627	44	45	0
cg17137627	48	49	0
cg17137627	57	58	50
cg17137627	59	60	100
cg17257156	13	14	100
cg17257156	14	15	100
cg17257156	17	18	100
cg17257156	31	32	0
cg17257156	36	37	100
cg17257156	37	38	100
cg17257156	38	39	0
cg17257156	42	43	0
cg17257156	44	45	100
cg17329011	13	14	100
cg17329011	14	15	0
cg17329011	15	16	0
cg17329011	17	18	0
cg17329011	22	23	0
cg17329011	25	26	0
cg17426532	45	46	100
cg17426532	47	48	100
cg17426532	59	60	100
cg17426532	64	65	100
cg17426532	66	67	100
cg17435471	5	6	100
cg17435471	7	8	100
cg17435471	9	10	100
cg17435471	42	43	0
cg17435471	44	45	100
cg17435471	46	47	100
cg17435471	47	48	100
cg17435471	50	51	100
cg17644722	18	19	50
cg17644722	19	20	50
cg17644722	22	23	50
cg17644722	50	51	100
cg17644722	53	54	50
cg17644722	54	55	100
cg17644722	57	58	0
cg17711361	10	11	100
cg17711361	12	13	100
cg17711361	14	15	100
cg17711361	19	20	100
cg17711361	25	26	100
cg17711361	26	27	0
cg17779362	30	31	0
cg17779362	37	38	0
cg17779362	38	39	0
cg17779362	40	41	0
cg17779362	43	44	100
cg17840681	14	15	100
cg17840681	19	20	40
cg17840681	21	22	100
cg17840681	22	23	100
cg17840681	25	26	50
cg17942396	60	61	0
cg17961335	8	9	0
cg17961335	9	10	100
cg17961335	26	27	100
cg17961335	30	31	100
cg17961335	32	33	100
cg18135595	51	52	0
cg18135595	53	54	100
cg18135595	60	61	100
cg18135595	63	64	0
cg18149227	8	9	80
cg18149227	12	13	83.3333333333333
cg18149227	15	16	25
cg18149227	17	18	100
cg18149227	20	21	50
cg18266944	19	20	0
cg18266944	21	22	0
cg18266944	22	23	0
cg18266944	24	25	0
cg18266944	28	29	0
cg18271715	35	36	100
cg18271715	39	40	100
cg18271715	40	41	100
cg18271715	59	60	0
cg18278971	27	28	0
cg18278971	37	38	100
cg18278971	46	47	100
cg18278971	63	64	0
cg18278971	64	65	100
cg18278971	66	67	100
cg18284930	15	16	0
cg18284930	18	19	100
cg18284930	19	20	100
cg18284930	20	21	100
cg18284930	21	22	100
cg18284930	46	47	100
cg18306254	4	5	100
cg18306254	5	6	0
cg18306254	6	7	50
cg18306254	8	9	100
cg18306254	9	10	0
cg18306254	13	14	0
cg18306254	15	16	100
cg18306254	24	25	100
cg18306254	31	32	100
cg18532887	46	47	0
cg18532887	54	55	100
cg18532887	58	59	50
cg18532887	60	61	100
cg18815657	40	41	75
cg18815657	42	43	100
cg18815657	47	48	15.3846153846154
cg18815657	49	50	92.8571428571429
cg18815657	51	52	78.5714285714286
cg18815657	52	53	92.3076923076923
cg18815657	57	58	71.4285714285714
cg18815657	65	66	100
cg18845660	10	11	0
cg18845660	65	66	0
cg18845660	66	67	0
cg18845660	69	70	0
cg18845660	70	71	0
cg18845660	71	72	50
cg18906085	48	49	0
cg18906085	50	51	100
cg18922837	1	2	100
cg18922837	12	13	100
cg18937940	50	51	100
cg18937940	68	69	100
cg18937940	70	71	100
cg18937940	72	73	100
cg18940406	3	4	100
cg18940406	7	8	100
cg18940406	10	11	100
cg18940406	13	14	100
cg18940406	14	15	0
cg18940406	15	16	100
cg18940406	17	18	100
cg19117962	39	40	60.4651162790698
cg19117962	41	42	62.5
cg19117962	45	46	55.7894736842105
cg19117962	47	48	61.1111111111111
cg19117962	49	50	57.6576576576577
cg19117962	51	52	64.6017699115044
cg19117962	53	54	61.1650485436893
cg19117962	55	56	58.5106382978723
cg19117962	57	58	52.5641025641026
cg19117962	59	60	71.1864406779661
cg19117962	61	62	59.4594594594595
cg19117962	63	64	54.5454545454545
cg19169532	42	43	100
cg19169532	47	48	100
cg19169532	49	50	100
cg19169532	51	52	100
cg19169532	54	55	100
cg19169532	55	56	100
cg19219102	69	70	100
cg19219102	70	71	100
cg19219102	71	72	100
cg19314788	31	32	100
cg19314788	35	36	100
cg19314788	36	37	100
cg19314788	55	56	100
cg19314788	56	57	33.3333333333333
cg19314788	57	58	80
cg19314788	63	64	71.4285714285714
cg19314788	65	66	28.5714285714286
cg19314788	72	73	33.3333333333333
cg19510557	42	43	0
cg19510557	43	44	0
cg19510557	45	46	100
cg19510557	47	48	0
cg19510557	67	68	100
cg19510557	69	70	0
cg19510557	72	73	0
cg19549894	52	53	100
cg19549894	54	55	100
cg19549894	56	57	50
cg19549894	57	58	100
cg19549894	58	59	100
cg19549894	60	61	0
cg19555331	11	12	100
cg19555331	15	16	100
cg19615998	2	3	100
cg19615998	3	4	100
cg19615998	4	5	100
cg19615998	6	7	100
cg19615998	8	9	100
cg19615998	10	11	100
cg19615998	11	12	100
cg19615998	13	14	33.3333333333333
cg19615998	14	15	100
cg19615998	36	37	100
cg19615998	38	39	50
cg19615998	41	42	100
cg19615998	46	47	66.6666666666667
cg19615998	47	48	100
cg19615998	50	51	100
cg19658834	42	43	100
cg19658834	44	45	0
cg19658834	47	48	100
cg19658834	52	53	0
cg19658834	53	54	0
cg19658834	54	55	100
cg19702779	16	17	100
cg19702779	20	21	100
cg19702779	66	67	100
cg19702779	68	69	100
cg19702779	71	72	100
cg19702779	72	73	100
cg19702779	74	75	100
cg19860820	46	47	100
cg19860820	47	48	50
cg19860820	49	50	50
cg19860820	51	52	75
cg19860820	53	54	66.6666666666667
cg19860820	55	56	75
cg19860820	56	57	100
cg19860820	62	63	100
cg19860820	64	65	100
cg19929340	27	28	100
cg19929340	34	35	100
cg20042949	14	15	0
cg20042949	53	54	0
cg20126035	2	3	0
cg20126035	35	36	0
cg20126035	39	40	0
cg20126035	44	45	0
cg20167583	11	12	0
cg20167583	15	16	91.6666666666667
cg20167583	17	18	91.6666666666667
cg20167583	18	19	61.5384615384615
cg20167583	20	21	43.75
cg20167583	22	23	42.8571428571429
cg20167583	26	27	58.3333333333333
cg20167583	29	30	57.1428571428571
cg20167583	31	32	33.3333333333333
cg20167583	33	34	25
cg20167583	34	35	100
cg20167583	56	57	50
cg20167583	60	61	0
cg20167583	62	63	100
cg20169907	22	23	0
cg20169907	77	78	100
cg20233387.1	53	54	0
cg20233387.1	58	59	100
cg20233387.1	61	62	100
cg20425337	17	18	0
cg20425337	18	19	0
cg20425337	26	27	100
cg20425337	49	50	100
cg20425337	50	51	100
cg20425337	52	53	100
cg20425337	56	57	100
cg20425337	58	59	50
cg20425337	59	60	0
cg20488057	13	14	100
cg20488057	15	16	100
cg20488057	17	18	0
cg20488057	20	21	100
cg20568292	53	54	0
cg20568292	59	60	0
cg20568292	60	61	0
cg20568292	62	63	100
cg20568292	65	66	100
cg20568292	68	69	0
cg20568292	69	70	100
cg20609321	25	26	100
cg20609321	49	50	100
cg20609321	52	53	100
cg20609321	53	54	100
cg20609321	58	59	100
cg20609321	60	61	100
cg20615449	7	8	0
cg20615449	14	15	0
cg20615449	16	17	0
cg20615449	17	18	0
cg20615449	31	32	100
cg20615601	46	47	100
cg20615601	47	48	100
cg20615601	55	56	100
cg20615601	56	57	100
cg20615601	57	58	50
cg20785169	21	22	0
cg20785169	25	26	100
cg20785169	27	28	0
cg20805191	14	15	100
cg20805191	15	16	100
cg20826688	41	42	100
cg20826688	51	52	0
cg20872072	9	10	100
cg20872072	12	13	50
cg20872072	13	14	77.7777777777778
cg20872072	15	16	60
cg20872072	18	19	71.4285714285714
cg20872072	19	20	57.1428571428571
cg20872072	21	22	64.2857142857143
cg20872072	22	23	64.2857142857143
cg20872072	27	28	88.8888888888889
cg20872072	28	29	85.7142857142857
cg20872072	30	31	50
cg20872072	39	40	100
cg20872072	42	43	0
cg20872072	43	44	0
cg20872072	45	46	0
cg20872072	52	53	100
cg20872072	54	55	100
cg20950377	22	23	0
cg20950377	24	25	100
cg20950377	25	26	100
cg20950377	31	32	100
cg20950377	34	35	100
cg20950377	35	36	0
cg21027178	68	69	0
cg21097283	36	37	40
cg21097283	46	47	0
cg21097283	58	59	100
cg21097283	62	63	100
cg21166964	24	25	100
cg21166964	30	31	100
cg21166964	39	40	100
cg21166964	40	41	100
cg21177673	45	46	100
cg21177673	46	47	100
cg21177673	50	51	100
cg21177673	54	55	100
cg21294440	69	70	100
cg21294440	71	72	50
cg21294440	72	73	0
cg21294440	73	74	100
cg21294440	75	76	50
cg21294440	76	77	0
cg21392555	2	3	100
cg21392555	4	5	0
cg21392555	6	7	100
cg21392555	8	9	0
cg21392555	9	10	100
cg21419180	11	12	100
cg21419180	15	16	100
cg21542900	30	31	0
cg21542900	31	32	0
cg21542900	42	43	100
cg21542900	43	44	100
cg21542900	44	45	0
cg21542900	46	47	100
cg21542900	47	48	100
cg21639837	35	36	100
cg21639837	37	38	100
cg21639837	43	44	100
cg21639837	46	47	100
cg21639837	48	49	100
cg21664322	65	66	100
cg21668347	54	55	100
cg21668347	55	56	0
cg21668347	59	60	100
cg21668347	62	63	0
cg21668347	63	64	0
cg21668347	66	67	0
cg21684886	5	6	100
cg21684886	11	12	100
cg21684886	48	49	100
cg21684886	49	50	100
cg21684886	58	59	100
cg21797039	8	9	0
cg21797039	10	11	0
cg21797039	11	12	0
cg21797039	63	64	0
cg21797039	68	69	50
cg21797039	71	72	50
cg21797039	73	74	50
cg21797039	74	75	100
cg21820842	11	12	0
cg21820842	59	60	100
cg21820842	62	63	0
cg21820842	63	64	100
cg21836885	44	45	50
cg21836885	50	51	67.1641791044776
cg21836885	52	53	71.9512195121951
cg21836885	54	55	60
cg21836885	58	59	56.5217391304348
cg21836885	59	60	72.0588235294118
cg21836885	60	61	69.1176470588235
cg21836885	64	65	61.2903225806452
cg21836885	65	66	70
cg21836885	67	68	67.8571428571429
cg21836885	68	69	57.1428571428571
cg21836885	75	76	66.6666666666667
cg21836885	76	77	80
cg21836885	77	78	100
cg21893671	68	69	0
cg21893671	71	72	100
cg21893671	72	73	100
cg21893671	74	75	100
cg22029297	16	17	100
cg22029297	18	19	100
cg22029297	21	22	66.6666666666667
cg22029297	22	23	100
cg22029297	27	28	100
cg22029297	29	30	100
cg22029297	30	31	40
cg22029297	31	32	60
cg22069272	2	3	100
cg22069272	3	4	100
cg22069272	32	33	100
cg22069272	34	35	66.6666666666667
cg22069272	36	37	75
cg22069272	38	39	71.4285714285714
cg22069272	39	40	100
cg22069272	40	41	71.4285714285714
cg22069272	42	43	40
cg22069272	45	46	100
cg22069272	46	47	60
cg22070406	11	12	100
cg22070406	18	19	100
cg22070406	20	21	100
cg22097199	35	36	0
cg22097199	50	51	100
cg22097199	53	54	100
cg22097199	55	56	100
cg22316499	19	20	83.3333333333333
cg22316499	21	22	38.4615384615385
cg22316499	23	24	100
cg22316499	25	26	40
cg22316499	42	43	100
cg22316499	44	45	0
cg22320967	9	10	0
cg22320967	32	33	100
cg22320967	41	42	83.3333333333333
cg22320967	43	44	16.6666666666667
cg22320967	45	46	71.4285714285714
cg22320967	48	49	71.4285714285714
cg22320967	58	59	50
cg22320967	59	60	100
cg22469358	52	53	0
cg22469358	54	55	0
cg22469358	55	56	100
cg22469358	62	63	50
cg22469358	67	68	100
cg22469358	70	71	100
cg22469358	71	72	100
cg22472903	20	21	100
cg22472903	21	22	100
cg22472903	25	26	0
cg22472903	26	27	100
cg22472903	57	58	100
cg22472903	62	63	100
cg22527167	54	55	0
cg22527167	61	62	100
cg22527167	62	63	100
cg22527167	63	64	100
cg22529808	46	47	100
cg22529808	48	49	100
cg22529808	49	50	100
cg22529808	52	53	50
cg22719669	55	56	0
cg22719669	67	68	0
cg23004138	52	53	100
cg23004138	54	55	100
cg23076498	2	3	0
cg23076498	4	5	100
cg23076498	6	7	100
cg23076498	7	8	100
cg23076498	9	10	100
cg23076498	11	12	50
cg23076498	13	14	100
cg23076498	17	18	0
cg23076498	18	19	100
cg23146472	3	4	100
cg23146472	5	6	0
cg23146472	7	8	100
cg23146472	8	9	50
cg23146472	10	11	100
cg23146472	11	12	100
cg23146472	14	15	100
cg23146472	59	60	100
cg23146472	61	62	50
cg23146472	62	63	66.6666666666667
cg23146472	63	64	100
cg23146472	64	65	66.6666666666667
cg23146472	66	67	100
cg23146472	67	68	100
cg23146472	68	69	33.3333333333333
cg23146472	69	70	33.3333333333333
cg23146472	70	71	100
cg23146472	72	73	50
cg23146472	74	75	0
cg23281380	3	4	100
cg23281380	10	11	100
cg23281380	35	36	100
cg23281380	36	37	100
cg23281380	52	53	0
cg23281380	58	59	0
cg23281380	62	63	0
cg23281380	75	76	0
cg23778391	33	34	100
cg23778391	35	36	100
cg23778391	40	41	55.5555555555556
cg23778391	41	42	80
cg23778391	42	43	54.5454545454545
cg23778391	51	52	75
cg23778391	52	53	69.2307692307692
cg23778391	53	54	72.7272727272727
cg23829949	2	3	0
cg23829949	3	4	100
cg23829949	5	6	0
cg23829949	7	8	100
cg23829949	11	12	100
cg23829949	14	15	0
cg23829949	17	18	100
cg23829949	19	20	50
cg23829949	20	21	50
cg23829949	22	23	100
cg23829949	47	48	100
cg23829949	55	56	50
cg23829949	56	57	100
cg23871832	8	9	100
cg23871832	46	47	100
cg23925685	1	2	0
cg24178740	6	7	0
cg24178740	7	8	100
cg24178740	8	9	100
cg24178740	10	11	0
cg24178740	11	12	100
cg24178740	12	13	100
cg24178740	15	16	0
cg24178740	29	30	100
cg24186396	21	22	100
cg24240262	70	71	100
cg24240262	74	75	100
cg24240262	77	78	0
cg24265558	32	33	0
cg24265558	36	37	100
cg24265558	44	45	50
cg24265558	45	46	100
cg24265558	48	49	100
cg24265558	49	50	100
cg24570563	42	43	100
cg24570563	47	48	100
cg24573918	46	47	0
cg24573918	48	49	0
cg24573918	57	58	0
cg24573918	63	64	0
cg24686610	21	22	0
cg24717141	38	39	100
cg24746619	65	66	0
cg24746619	76	77	100
cg24930802	53	54	100
cg24930802	67	68	100
cg25020809	33	34	0
cg25020809	40	41	0
cg25211765	20	21	0
cg25211765	23	24	100
cg25211765	52	53	0
cg25211765	55	56	0
cg25211765	57	58	100
cg25211765	58	59	100
cg25226813	23	24	100
cg25226813	25	26	100
cg25226813	27	28	100
cg25226813	30	31	100
cg25226813	31	32	100
cg25226813	33	34	0
cg25226813	40	41	0
cg25226813	42	43	100
cg25226813	63	64	0
cg25226813	67	68	100
cg25226813	68	69	0
cg25285936	19	20	100
cg25285936	59	60	0
cg25332315	9	10	100
cg25354602	12	13	100
cg25354602	29	30	0
cg25354602	34	35	100
cg25363348	39	40	0
cg25363348	40	41	0
cg25363348	43	44	100
cg25363348	44	45	0
cg25363348	66	67	0
cg25363348	67	68	0
cg25398727	26	27	0
cg25398727	29	30	100
cg25398727	32	33	100
cg25398727	33	34	100
cg25398727	51	52	100
cg25398727	53	54	100
cg25430089	10	11	50
cg25430089	12	13	100
cg25430089	13	14	100
cg25430089	15	16	50
cg25430089	19	20	100
cg25430089	21	22	80
cg25430089	22	23	50
cg25430089	24	25	33.3333333333333
cg25430089	26	27	100
cg25636884	6	7	0
cg25636884	8	9	100
cg25636884	9	10	0
cg25636884	10	11	0
cg25636884	14	15	0
cg25636884	62	63	100
cg25642165	1	2	50
cg25642165	3	4	100
cg25642165	4	5	100
cg25642165	5	6	50
cg25642165	7	8	100
cg25642165	9	10	0
cg25642165	10	11	75
cg25642165	11	12	100
cg25642165	14	15	100
cg25642165	15	16	100
cg25642165	16	17	100
cg25642165	17	18	66.6666666666667
cg25642165	20	21	50
cg25693396	1	2	100
cg25693396	5	6	100
cg25693396	44	45	100
cg25693396	45	46	0
cg25693396	46	47	0
cg25693396	49	50	100
cg25732341	61	62	0
cg25732341	62	63	0
cg25732341	65	66	0
cg25732341	66	67	0
cg25732341	69	70	100
cg25831669	35	36	100
cg25831669	41	42	100
cg25831669	42	43	100
cg25831669	45	46	100
cg25831669	47	48	100
cg25857570	12	13	100
cg25857570	16	17	50
cg25857570	20	21	0
cg25857570	67	68	100
cg25857570	69	70	100
cg25857570	71	72	100
cg26161880	10	11	0
cg26161880	12	13	0
cg26161880	36	37	100
cg26161880	37	38	0
cg26174523	38	39	0
cg26174523	40	41	0
cg26174523	46	47	0
cg26174523	77	78	100
cg26192895	9	10	100
cg26192895	12	13	100
cg26192895	14	15	100
cg26192895	16	17	0
cg26192895	68	69	100
cg26192895	69	70	100
cg26192895	71	72	100
cg26286303	32	33	100
cg26286303	34	35	100
cg26286303	35	36	0
cg26286303	36	37	100
cg26286303	37	38	100
cg26352306	48	49	100
cg26352306	49	50	33.3333333333333
cg26352306	57	58	50
cg26352306	58	59	50
cg26352306	74	75	100
cg26491213	30	31	0
cg26491213	32	33	100
cg26491213	33	34	100
cg26491213	34	35	0
cg26491213	35	36	0
cg26566168	60	61	100
cg26566168	61	62	100
cg26566168	63	64	100
cg26566168	65	66	0
cg26566168	68	69	50
cg26566168	69	70	50
cg26566168	70	71	50
cg26581639	15	16	100
cg26581639	17	18	100
cg26581639	40	41	100
cg26581639	42	43	100
cg26581639	49	50	75
cg26581639	50	51	33.3333333333333
cg26581639	51	52	66.6666666666667
cg26581639	63	64	100
cg26581639	71	72	0
cg26644063	15	16	0
cg26644063	25	26	100
cg26644063	26	27	100
cg26718996	20	21	0
cg26718996	23	24	0
cg26718996	25	26	50
cg26718996	26	27	100
cg26718996	28	29	100
cg26718996	29	30	100
cg26927472	47	48	100
cg26927472	49	50	50
cg26927472	55	56	100
cg27088374	15	16	0
cg27088374	17	18	100
cg27088374	20	21	100
cg27088374	22	23	100
cg27088374	23	24	100
cg27101921	15	16	100
cg27101921	22	23	100
cg27101921	23	24	50
cg27101921	25	26	0
cg27101921	27	28	100
cg27196467	9	10	100
cg27196467	12	13	100
cg27196467	17	18	100
cg27196467	21	22	0
cg27196467	24	25	100
cg27257879	14	15	0
cg27257879	17	18	100
cg27323505	26	27	0
cg27323505	41	42	100
cg27323505	43	44	100
cg27323505	44	45	0
cg27344974	38	39	100
cg27344974	42	43	100
cg27344974	43	44	0
cg27344974	52	53	100
cg27389123	42	43	100
cg27389123	48	49	100
cg27389123	49	50	100
cg27389123	59	60	100
cg27389123	60	61	0
cg27389123	61	62	0
cg27389123	63	64	100
cg27389123	64	65	100
cg27582648	15	16	100
cg27582648	17	18	0
cg27582648	23	24	100
cg27582648	29	30	100
cg27582648	31	32	0
cg27582648	34	35	100
cg27590908	13	14	100
cg27590908	53	54	0
cg27626343	18	19	100
cg27626343	24	25	100
cg27626343	63	64	100
cg27626343	64	65	0
cg27639460	12	13	0
cg27639460	17	18	100
cg27639460	22	23	0
cg27664916	18	19	100
cg27664916	19	20	100
cg27664916	22	23	100
cg27664916	69	70	0
