track type=bedGraph
cg00008998	33	34	0
cg00008998	65	66	50
cg00027863	8	9	0
cg00027863	10	11	0
cg00027863	11	12	0
cg00027863	13	14	0
cg00027863	69	70	0
cg00029553	58	59	0
cg00138195	44	45	0
cg00138195	57	58	0
cg00138195	67	68	0
cg00158333	19	20	0
cg00158333	26	27	0
cg00200899	51	52	33.3333333333333
cg00300211	10	11	0
cg00300211	13	14	0
cg00300211	16	17	0
cg00300211	24	25	0
cg00300211	30	31	0
cg00362487	44	45	0
cg00362487	53	54	0
cg00362487	57	58	50
cg00370791	6	7	0
cg00370791	17	18	14.2857142857143
cg00370791	42	43	0
cg00370791	49	50	0
cg00370791	54	55	0
cg00370791	75	76	100
cg00384342	34	35	0
cg00389116	52	53	0
cg00389116	56	57	0
cg00447136	6	7	100
cg00523855	23	24	0
cg00523855	31	32	0
cg00523855	33	34	0
cg00523855	43	44	0
cg00546693	18	19	0
cg00546693	31	32	0
cg00546693	50	51	0
cg00546693	53	54	0
cg00595237	65	66	0
cg00595237	69	70	0
cg00611149	9	10	0
cg00611149	46	47	0
cg00745868	8	9	0
cg00745868	29	30	0
cg00745868	32	33	0
cg00745868	61	62	0
cg00777340	23	24	50
cg00777340	49	50	0
cg00820579	22	23	0
cg00820579	72	73	0
cg00842325	16	17	0
cg00842325	19	20	0
cg00842325	74	75	0
cg00860838	38	39	0
cg00872748	25	26	0
cg00872748	36	37	0
cg00872748	54	55	0
cg00987824	24	25	0
cg00987824	26	27	0
cg00987824	31	32	0
cg00987824	33	34	0
cg00987824	35	36	0
cg00987824	45	46	0
cg00987824	47	48	0
cg00987824	54	55	0
cg00987824	56	57	0
cg00992842	26	27	50
cg01005773	42	43	0
cg01005773	57	58	0
cg01008025	31	32	0
cg01008025	44	45	0
cg01008025	60	61	0
cg01008025	69	70	0
cg01049141	14	15	0
cg01049141	71	72	0
cg01049141	76	77	0
cg01049455	28	29	0
cg01049455	35	36	0
cg01049455	48	49	0
cg01049455	52	53	0
cg01049455	56	57	0
cg01079812	17	18	100
cg01090774	63	64	100
cg01099625	35	36	0
cg01099625	37	38	0
cg01105418	11	12	33.3333333333333
cg01105418	16	17	0
cg01105418	19	20	0
cg01105418	23	24	0
cg01105418	27	28	0
cg01105418	36	37	0
cg01105418	38	39	0
cg01105418	58	59	0
cg01105418	62	63	0
cg01134518	7	8	0
cg01134518	21	22	0
cg01134518	26	27	0
cg01134518	31	32	0
cg01134518	36	37	0
cg01134518	37	38	0
cg01134518	39	40	0
cg01134518	50	51	0
cg01134518	52	53	0
cg01145031	9	10	0
cg01145031	44	45	0
cg01161204	50	51	0
cg01187271	28	29	0
cg01187271	30	31	0
cg01187271	52	53	0
cg01227361	21	22	100
cg01227361	31	32	0
cg01272334	22	23	100
cg01429475	11	12	0
cg01429507	44	45	100
cg01522923	28	29	0
cg01522923	41	42	0
cg01562774	16	17	0
cg01562774	18	19	0
cg01562774	19	20	0
cg01562774	21	22	0
cg01562774	39	40	0
cg01562774	53	54	0
cg01562774	62	63	0
cg01594757	4	5	0
cg01594757	39	40	0
cg01594757	69	70	0
cg01603001	16	17	0
cg01603001	53	54	0
cg01603001	66	67	0
cg01603001	69	70	0
cg01620430	38	39	100
cg01675333	53	54	100
cg01676370	14	15	0
cg01676370	18	19	0
cg01676370	40	41	0
cg01676370	45	46	0
cg01676370	56	57	50
cg01733991	37	38	0
cg01733991	64	65	33.3333333333333
cg01831882	15	16	0
cg01831882	21	22	0
cg01831882	40	41	0
cg01831882	52	53	0
cg01846532	34	35	0
cg01846532	41	42	0
cg01846532	47	48	0
cg01846532	65	66	0
cg01856529	32	33	0
cg01856529	41	42	0
cg01856529	46	47	0
cg01856529	63	64	100
cg01856529	74	75	100
cg01881437	22	23	0
cg01881437	25	26	0
cg01881437	38	39	0
cg01881437	40	41	0
cg01881437	45	46	0
cg01881437	47	48	0
cg01881437	50	51	0
cg01881437	52	53	0
cg01881437	57	58	0
cg01881437	59	60	0
cg01881437	61	62	0
cg01881437	63	64	0
cg01901522	42	43	0
cg01901522	47	48	0
cg01939843	23	24	0
cg01939843	33	34	0
cg01939843	38	39	0
cg01939843	40	41	0
cg01939843	60	61	0
cg01992907	59	60	100
cg02000659	76	77	0
cg02017717	71	72	0
cg02023768	11	12	0
cg02023768	40	41	0
cg02083803	29	30	0
cg02153512	14	15	100
cg02153512	16	17	0
cg02153512	58	59	100
cg02153665	54	55	0
cg02153665	56	57	0
cg02161890	29	30	0
cg02193885	27	28	0
cg02193885	37	38	0
cg02221888	9	10	0
cg02221888	27	28	0
cg02221888	42	43	0
cg02221888	57	58	0
cg02231183	35	36	0
cg02231183	39	40	0
cg02231183	43	44	0
cg02231183	61	62	0
cg02246955	46	47	0
cg02247164	12	13	0
cg02247164	55	56	0
cg02273345	18	19	100
cg02273345	20	21	0
cg02273345	48	49	0
cg02273345	55	56	0
cg02273345	57	58	100
cg02320179	10	11	0
cg02320179	14	15	0
cg02320179	17	18	0
cg02320179	23	24	9.09090909090909
cg02320179	31	32	0
cg02320179	70	71	11.1111111111111
cg02320179	75	76	14.2857142857143
cg02321644	42	43	0
cg02321644	54	55	0
cg02321644	70	71	0
cg02334049	21	22	0
cg02343568	45	46	0
cg02343936	48	49	0
cg02343936	50	51	100
cg02351382	22	23	0
cg02351382	24	25	0
cg02351382	29	30	0
cg02379880	66	67	100
cg02379880	68	69	100
cg02389125	33	34	0
cg02389125	69	70	0
cg02427264	19	20	0
cg02427264	21	22	0
cg02455094	16	17	0
cg02455094	22	23	0
cg02455094	25	26	0
cg02455094	44	45	0
cg02486904	23	24	100
cg02540142	6	7	100
cg02540142	18	19	0
cg02540142	20	21	0
cg02540142	30	31	0
cg02540142	32	33	50
cg02540142	47	48	0
cg02540142	49	50	0
cg02540142	60	61	0
cg02540142	62	63	0
cg02540142	69	70	0
cg02540142	71	72	0
cg02540142	72	73	0
cg02554923	6	7	0
cg02554923	25	26	100
cg02593513	55	56	100
cg02593513	57	58	0
cg02593513	60	61	0
cg02593513	71	72	0
cg02602455	24	25	0
cg02602455	28	29	0
cg02602455	39	40	0
cg02602455	41	42	0
cg02602455	47	48	0
cg02602455	58	59	0
cg02602455	62	63	0
cg02602455	77	78	0
cg02676375	11	12	0
cg02676375	13	14	0
cg02676375	21	22	0
cg02676375	23	24	0
cg02676375	26	27	0
cg02676375	29	30	0
cg02676375	42	43	0
cg02676375	54	55	0
cg02697105	34	35	12.5
cg02714609	7	8	0
cg02714609	69	70	0
cg02737031	15	16	0
cg02737031	23	24	0
cg02737031	25	26	0
cg02762509	11	12	0
cg02762509	13	14	0
cg02762509	17	18	0
cg02762509	18	19	0
cg02762509	20	21	0
cg02762509	23	24	0
cg02762509	42	43	0
cg02762509	44	45	0
cg02762509	51	52	0
cg02762509	54	55	0
cg02762509	57	58	0
cg02762509	62	63	0
cg02762509	64	65	0
cg02805342	30	31	100
cg02865946	28	29	0
cg02865946	31	32	0
cg02865946	62	63	0
cg02873524	20	21	0
cg02873524	28	29	0
cg02873524	33	34	0
cg02873524	46	47	0
cg02873524	52	53	0
cg02873524	58	59	0
cg02873524	61	62	0
cg02873524	73	74	0
cg02894112	32	33	0
cg02894112	34	35	0
cg02894112	46	47	0
cg02894112	49	50	0
cg02894112	53	54	0
cg02894112	56	57	0
cg02895393	21	22	0
cg02895393	43	44	0
cg02905739	59	60	0
cg02926165	21	22	0
cg02926165	69	70	0
cg02928435	41	42	100
cg02932095	11	12	0
cg02932095	15	16	0
cg02932095	24	25	0
cg02932095	35	36	0
cg02932095	37	38	0
cg02951552	66	67	0
cg02968414	63	64	0
cg02972618	32	33	100
cg03064169	5	6	0
cg03064169	14	15	0
cg03064169	26	27	0
cg03064169	49	50	0
cg03077729	74	75	50
cg03094159	47	48	100
cg03133310	41	42	0
cg03133310	47	48	0
cg03144020	21	22	0
cg03144020	23	24	0
cg03144020	25	26	0
cg03144020	30	31	0
cg03144020	32	33	0
cg03144020	39	40	0
cg03144020	41	42	0
cg03144020	43	44	0
cg03144020	70	71	0
cg03169371	31	32	0
cg03169371	36	37	50
cg03187378	20	21	0
cg03187378	38	39	0
cg03187378	44	45	0
cg03187378	71	72	0
cg03196097	20	21	0
cg03196097	55	56	0
cg03196097	63	64	0
cg03252517	57	58	0
cg03252517	59	60	0
cg03260249	40	41	0
cg03260249	56	57	0
cg03265102	64	65	0
cg03265102	74	75	0
cg03295083	34	35	0
cg03338794	41	42	0
cg03338794	55	56	0
cg03338794	59	60	0
cg03350186	19	20	0
cg03350186	69	70	0
cg03391684	29	30	0
cg03391684	41	42	0
cg03458585	20	21	0
cg03458585	39	40	100
cg03469153	4	5	0
cg03469153	9	10	0
cg03469153	14	15	0
cg03469153	19	20	0
cg03469153	21	22	0
cg03469153	30	31	0
cg03469153	32	33	0
cg03469153	51	52	0
cg03469153	60	61	0
cg03469153	64	65	0
cg03469153	68	69	0
cg03536788	37	38	0
cg03536971	26	27	0
cg03557129	50	51	0
cg03557129	62	63	0
cg03582041	2	3	0
cg03582041	42	43	0
cg03582041	55	56	0
cg03582041	59	60	0
cg03597059	44	45	66.6666666666667
cg03597491	12	13	0
cg03597491	26	27	0
cg03597491	28	29	0
cg03597491	33	34	0
cg03597491	45	46	0
cg03597491	47	48	0
cg03603997	30	31	0
cg03603997	50	51	50
cg03603997	58	59	0
cg03639871	18	19	100
cg03639871	20	21	0
cg03639871	29	30	0
cg03639871	49	50	0
cg03639871	51	52	0
cg03639871	75	76	0
cg03646571	46	47	0
cg03676512	6	7	0
cg03686643	10	11	0
cg03686643	23	24	0
cg03686643	26	27	0
cg03686643	31	32	0
cg03686643	35	36	0
cg03697136	76	77	0
cg03787614	38	39	0
cg03787614	40	41	33.3333333333333
cg03837769	26	27	0
cg03837769	44	45	0
cg03843323	37	38	0
cg03843323	54	55	0
cg03843323	74	75	0
cg03843323	76	77	100
cg03847707	39	40	0
cg03880910	6	7	0
cg03880910	45	46	0
cg03880910	60	61	0
cg03904814	19	20	0
cg03904814	30	31	50
cg03904814	50	51	100
cg03909395	7	8	0
cg03909395	44	45	0
cg03938432	7	8	0
cg03938432	20	21	50
cg03938432	59	60	0
cg03957108	35	36	0
cg03957108	41	42	0
cg03957108	60	61	0
cg03957108	62	63	0
cg03957964	3	4	0
cg03957964	17	18	0
cg03957964	32	33	0
cg03957964	36	37	0
cg03957964	41	42	0
cg03957964	60	61	50
cg03960951	28	29	0
cg03960951	48	49	0
cg03960951	63	64	0
cg03960951	72	73	0
cg03972287	28	29	0
cg04016956	31	32	100
cg04016956	40	41	0
cg04016956	42	43	0
cg04016956	68	69	0
cg04016956	70	71	0
cg04025518	39	40	0
cg04071434	29	30	0
cg04071434	38	39	33.3333333333333
cg04071434	56	57	0
cg04087693	51	52	0
cg04168436	24	25	0
cg04168436	36	37	50
cg04245317	57	58	0
cg04428702	33	34	0
cg04449703	13	14	0
cg04449703	24	25	0
cg04449703	38	39	0
cg04449703	45	46	0
cg04449703	48	49	25
cg04449703	63	64	0
cg04477010	10	11	0
cg04477010	14	15	0
cg04477010	21	22	0
cg04477010	31	32	0
cg04477010	44	45	0
cg04477010	72	73	0
cg04504700	30	31	0
cg04504700	50	51	0
cg04504700	55	56	0
cg04504700	61	62	0
cg04583031	32	33	0
cg04583031	63	64	0
cg04585419	52	53	0
cg04585419	62	63	0
cg04585419	72	73	0
cg04627377	38	39	0
cg04627377	41	42	0
cg04627377	43	44	0
cg04627377	59	60	0
cg04627377	64	65	0
cg04627377	68	69	0
cg04627479	11	12	0
cg04691337	16	17	0
cg04691337	35	36	0
cg04691337	59	60	0
cg04735310	29	30	0
cg04735310	48	49	0
cg04759874	21	22	0
cg04769815	5	6	0
cg04769815	48	49	0
cg04769815	50	51	0
cg04802182	8	9	0
cg04802182	37	38	0
cg04802182	41	42	0
cg04802182	49	50	0
cg04802182	51	52	0
cg04804914	33	34	0
cg04804914	50	51	0
cg04804914	64	65	50
cg04863645	75	76	100
cg04878542	5	6	100
cg04878542	8	9	100
cg04878542	31	32	50
cg04891368	12	13	0
cg04951214	31	32	100
cg04951214	58	59	100
cg04951214	62	63	100
cg04956792	2	3	0
cg04956792	41	42	0
cg04998737	49	50	0
cg04998737	65	66	0
cg05010579	46	47	0
cg05010579	56	57	0
cg05035791	12	13	0
cg05035791	58	59	100
cg05060618	40	41	100
cg05087350	11	12	0
cg05087350	21	22	0
cg05087350	26	27	0
cg05087350	30	31	0
cg05087350	33	34	0
cg05087350	39	40	0
cg05087350	46	47	0
cg05087350	55	56	0
cg05087350	62	63	0
cg05108018	24	25	0
cg05119060	10	11	0
cg05119060	18	19	0
cg05119060	57	58	0
cg05119060	62	63	0
cg05119060	75	76	0
cg05124292	17	18	0
cg05124292	23	24	0
cg05124292	28	29	0
cg05167834	27	28	0
cg05173279	11	12	0
cg05173279	13	14	0
cg05173279	16	17	0
cg05173279	18	19	50
cg05173279	25	26	0
cg05173279	27	28	20
cg05173279	28	29	0
cg05173279	30	31	28.5714285714286
cg05173279	37	38	0
cg05173279	39	40	0
cg05173279	43	44	0
cg05173279	53	54	0
cg05173279	55	56	0
cg05173279	74	75	0
cg05190315	33	34	0
cg05194810	33	34	0
cg05194810	46	47	0
cg05194810	51	52	0
cg05234920	18	19	0
cg05260361	35	36	100
cg05261870	14	15	100
cg05261870	18	19	100
cg05273495	51	52	0
cg05273495	73	74	0
cg05275337	23	24	0
cg05275337	26	27	0
cg05275337	31	32	0
cg05275337	54	55	0
cg05275337	68	69	0
cg05275337	70	71	100
cg05303018	17	18	100
cg05308374	55	56	0
cg05308374	59	60	0
cg05308374	62	63	0
cg05359706	16	17	100
cg05359706	31	32	100
cg05372644	57	58	0
cg05387438	42	43	0
cg05387438	52	53	100
cg05387438	65	66	100
cg05406154	11	12	0
cg05406154	24	25	0
cg05406154	25	26	0
cg05406154	28	29	0
cg05406154	35	36	0
cg05406154	43	44	0
cg05406154	47	48	0
cg05406154	49	50	0
cg05433039	10	11	0
cg05433039	29	30	0
cg05433039	34	35	0
cg05433039	79	80	0
cg05434345	36	37	0
cg05497416	50	51	0
cg05506365	15	16	0
cg05506365	17	18	0
cg05506365	28	29	0
cg05506365	30	31	0
cg05506365	40	41	0
cg05506365	43	44	0
cg05506365	49	50	0
cg05506365	51	52	0
cg05506365	55	56	0
cg05532671	32	33	0
cg05532671	69	70	0
cg05533382	2	3	0
cg05533382	5	6	0
cg05533382	21	22	0
cg05533382	26	27	100
cg05533382	44	45	0
cg05533382	46	47	100
cg05546219	5	6	0
cg05546219	8	9	0
cg05546219	34	35	0
cg05562063	7	8	0
cg05562063	16	17	0
cg05562063	20	21	0
cg05562063	23	24	0
cg05562063	30	31	0
cg05562063	33	34	0
cg05562063	53	54	0
cg05562063	69	70	0
cg05575054	20	21	0
cg05575054	23	24	0
cg05641937	11	12	100
cg05641937	58	59	0
cg05641937	63	64	0
cg05642042	7	8	0
cg05642042	15	16	0
cg05642042	25	26	50
cg05642042	31	32	33.3333333333333
cg05642042	38	39	0
cg05642042	40	41	0
cg05660816	74	75	0
cg05693178	44	45	0
cg05693178	68	69	100
cg05706365	22	23	0
cg05706365	31	32	0
cg05706365	42	43	0
cg05725590	18	19	0
cg05725590	20	21	20
cg05725590	26	27	0
cg05725590	28	29	0
cg05725590	34	35	0
cg05725590	36	37	0
cg05725590	70	71	0
cg05725590	72	73	0
cg05725590	75	76	0
cg05730460	24	25	100
cg05730460	26	27	0
cg05770325	34	35	0
cg05821475	37	38	0
cg05821475	54	55	0
cg05847336	23	24	0
cg05847336	28	29	0
cg05879189	11	12	0
cg05884078	5	6	0
cg05886164	42	43	0
cg05886164	44	45	0
cg05886164	64	65	0
cg05886164	66	67	0
cg05886164	70	71	0
cg05886164	72	73	0
cg05907933	19	20	100
cg05907933	21	22	0
cg05907933	31	32	0
cg05907933	45	46	0
cg05913350	17	18	0
cg05913350	24	25	0
cg05913350	43	44	0
cg05913350	47	48	0
cg05913350	57	58	0
cg05913350	63	64	0
cg05928030	10	11	0
cg05933419	45	46	0
cg05977669	53	54	0
cg05977669	70	71	0
cg06023028	28	29	33.3333333333333
cg06023028	47	48	0
cg06037672	37	38	0
cg06037672	48	49	0
cg06037672	65	66	0
cg06097717	55	56	100
cg06113157	38	39	0
cg06115225	12	13	0
cg06115225	14	15	0
cg06115225	22	23	0
cg06115225	24	25	0
cg06115225	34	35	0
cg06115225	36	37	0
cg06115225	51	52	0
cg06115225	64	65	0
cg06132693	46	47	0
cg06132693	49	50	0
cg06132693	61	62	0
cg06132693	65	66	0
cg06132693	72	73	0
cg06166108	42	43	0
cg06184939	37	38	0
cg06242145	45	46	0
cg06242145	66	67	0
cg06242145	69	70	0
cg06245691	21	22	0
cg06245691	41	42	0
cg06245691	60	61	0
cg06310881	34	35	0
cg06343950	4	5	0
cg06343950	21	22	0
cg06343950	31	32	0
cg06343950	35	36	0
cg06343950	44	45	0
cg06343950	47	48	0
cg06343950	70	71	0
cg06360155	15	16	0
cg06360155	39	40	100
cg06363517	24	25	25
cg06363517	26	27	0
cg06363517	35	36	0
cg06363517	36	37	0
cg06363517	38	39	0
cg06363517	41	42	0
cg06363517	56	57	0
cg06363517	60	61	0
cg06363517	70	71	0
cg06412376	5	6	0
cg06412376	9	10	0
cg06414149	14	15	0
cg06414149	26	27	0
cg06414149	28	29	0
cg06414149	31	32	0
cg06414149	36	37	0
cg06414149	43	44	0
cg06414149	45	46	0
cg06520369	15	16	100
cg06520369	43	44	0
cg06538073	24	25	0
cg06538073	36	37	0
cg06540073	21	22	0
cg06540073	25	26	0
cg06550953	5	6	0
cg06550953	7	8	0
cg06550953	22	23	50
cg06550953	24	25	0
cg06557369	50	51	0
cg06557369	62	63	0
cg06564900	27	28	50
cg06569016	22	23	0
cg06569016	37	38	0
cg06569016	42	43	0
cg06569016	47	48	0
cg06569016	53	54	0
cg06569016	65	66	0
cg06569016	67	68	0
cg06587088	23	24	0
cg06587088	34	35	100
cg06587088	59	60	100
cg06587088	70	71	0
cg06610975	31	32	0
cg06610975	50	51	0
cg06708132	35	36	0
cg06708132	39	40	0
cg06718658	38	39	0
cg06718658	57	58	100
cg06736685	44	45	0
cg06736685	54	55	0
cg06736685	68	69	0
cg06736685	74	75	0
cg06762071	7	8	25
cg06762071	16	17	0
cg06762071	30	31	0
cg06762071	37	38	0
cg06762071	39	40	0
cg06762071	48	49	0
cg06762071	67	68	0
cg06764225	16	17	100
cg06778417	22	23	0
cg06778417	24	25	0
cg06778417	72	73	0
cg06812724	20	21	0
cg06812724	31	32	0
cg06812724	39	40	0
cg06812724	60	61	0
cg06813117	55	56	100
cg06813117	58	59	0
cg06821075	10	11	0
cg06821075	65	66	0
cg06821075	69	70	0
cg06839075	16	17	0
cg06839075	33	34	0
cg06839075	35	36	0
cg06839075	38	39	0
cg06839075	52	53	0
cg06839075	62	63	0
cg06839075	68	69	0
cg06878766	3	4	0
cg06878766	49	50	0
cg06878766	58	59	100
cg06878766	69	70	0
cg06878766	75	76	0
cg06944510	9	10	0
cg06944510	50	51	0
cg06944510	67	68	14.2857142857143
cg07001053	7	8	0
cg07001053	14	15	0
cg07001053	36	37	0
cg07005811	13	14	0
cg07005811	24	25	0
cg07005811	44	45	0
cg07005811	59	60	0
cg07005811	71	72	0
cg07005858	26	27	0
cg07005858	28	29	0
cg07005858	73	74	0
cg07026794	36	37	0
cg07026794	47	48	0
cg07026794	54	55	0
cg07026794	69	70	0
cg07031988	4	5	100
cg07031988	49	50	0
cg07094804	41	42	0
cg07104706	19	20	0
cg07104706	62	63	0
cg07107529	44	45	0
cg07158747	12	13	0
cg07158747	16	17	0
cg07171305	58	59	66.6666666666667
cg07171305	79	80	0
cg07226063	17	18	50
cg07232817	38	39	0
cg07254032	6	7	0
cg07254032	24	25	0
cg07254032	31	32	0
cg07254032	45	46	0
cg07254032	61	62	0
cg07254032	62	63	0
cg07254032	69	70	0
cg07254032	71	72	0
cg07300517	19	20	0
cg07300517	35	36	0
cg07309253	66	67	0
cg07332354	75	76	0
cg07336259	11	12	0
cg07336259	14	15	0
cg07336259	23	24	100
cg07336259	29	30	0
cg07336259	43	44	0
cg07336259	51	52	100
cg07336259	53	54	0
cg07373698	77	78	0
cg07383477	19	20	0
cg07404009	32	33	0
cg07404009	34	35	0
cg07404009	45	46	100
cg07423797	19	20	0
cg07423797	25	26	0
cg07423797	27	28	0
cg07423797	47	48	100
cg07423797	50	51	0
cg07423797	55	56	0
cg07423797	58	59	33.3333333333333
cg07423797	64	65	25
cg07517669	35	36	0
cg07517669	38	39	100
cg07562874	26	27	0
cg07562874	31	32	100
cg07588415	3	4	0
cg07588415	25	26	0
cg07588415	27	28	0
cg07588415	47	48	0
cg07588415	60	61	0
cg07588415	70	71	0
cg07610132	30	31	0
cg07610132	47	48	0
cg07610132	70	71	0
cg07625659	66	67	0
cg07648871	11	12	0
cg07648871	42	43	0
cg07648871	47	48	0
cg07648871	63	64	0
cg07648871	72	73	0
cg07648871	75	76	33.3333333333333
cg07676047	54	55	0
cg07774376	17	18	100
cg07795407	28	29	0
cg07875786	52	53	100
cg07893689	74	75	100
cg07933997	24	25	0
cg07940754	14	15	0
cg07940754	17	18	0
cg07966323	36	37	0
cg07990641	35	36	0
cg07990641	39	40	0
cg08005992	52	53	0
cg08005992	73	74	100
cg08005992	76	77	0
cg08013479	57	58	0
cg08013479	69	70	0
cg08060524	38	39	0
cg08071998	7	8	0
cg08071998	9	10	0
cg08071998	29	30	0
cg08071998	33	34	0
cg08071998	41	42	0
cg08129342	60	61	0
cg08152447	17	18	0
cg08152447	22	23	0
cg08152447	69	70	0
cg08194812	17	18	0
cg08194812	23	24	0
cg08194812	33	34	0
cg08194812	50	51	0
cg08215774	10	11	0
cg08215774	28	29	0
cg08215774	45	46	0
cg08215774	64	65	0
cg08268145	12	13	0
cg08271353	12	13	100
cg08271353	15	16	0
cg08285141	39	40	0
cg08285141	56	57	0
cg08285141	69	70	0
cg08285141	72	73	0
cg08285141	75	76	0
cg08315393	53	54	0
cg08372705	34	35	0
cg08372705	42	43	0
cg08389403	36	37	0
cg08389403	38	39	0
cg08389403	42	43	0
cg08395267	11	12	0
cg08395267	14	15	0
cg08395267	27	28	0
cg08395267	36	37	0
cg08395267	50	51	0
cg08454381	55	56	0
cg08454381	57	58	0
cg08454381	62	63	0
cg08454381	68	69	0
cg08454381	72	73	0
cg08460572	21	22	0
cg08519469	9	10	0
cg08519469	11	12	0
cg08519469	49	50	0
cg08519469	73	74	0
cg08519469	75	76	0
cg08563010	9	10	0
cg08563010	15	16	100
cg08563010	18	19	0
cg08563010	28	29	100
cg08588194	21	22	0
cg08588194	26	27	0
cg08588194	52	53	0
cg08629602	6	7	0
cg08629602	12	13	0
cg08629602	15	16	0
cg08629602	19	20	0
cg08629602	31	32	0
cg08641508	11	12	0
cg08662919	7	8	0
cg08662919	33	34	0
cg08683365	18	19	0
cg08731364	55	56	0
cg08766215	4	5	0
cg08766215	49	50	0
cg08766215	51	52	0
cg08811838	7	8	0
cg08811838	21	22	0
cg08811838	38	39	0
cg08854986	28	29	0
cg08854986	66	67	50
cg08854986	69	70	100
cg08855194	58	59	0
cg08855449	25	26	0
cg08855449	42	43	100
cg08888677	8	9	0
cg08888677	36	37	0
cg08888677	46	47	0
cg08918617	42	43	0
cg08921975	5	6	0
cg08921975	24	25	0
cg08921975	26	27	0
cg08921975	28	29	0
cg08921975	33	34	0
cg08921975	35	36	0
cg08921975	36	37	0
cg08921975	38	39	0
cg08921975	71	72	0
cg08924167	66	67	0
cg08933507	28	29	0
cg08933507	43	44	0
cg08938156	31	32	0
cg08938156	54	55	0
cg08938156	57	58	0
cg08979438	61	62	0
cg08981690	14	15	0
cg08981690	36	37	0
cg08987848	34	35	0
cg09026530	18	19	0
cg09026530	65	66	0
cg09026530	70	71	0
cg09071556	14	15	0
cg09071556	23	24	0
cg09071556	33	34	0
cg09072617	32	33	0
cg09072617	59	60	0
cg09072617	61	62	0
cg09093115	18	19	0
cg09093115	20	21	0
cg09093115	40	41	0
cg09093115	43	44	0
cg09093115	58	59	0
cg09093115	61	62	0
cg09097835	23	24	0
cg09097835	28	29	0
cg09097835	51	52	0
cg09097835	61	62	0
cg09102690	13	14	0
cg09102690	22	23	0
cg09102690	24	25	0
cg09102690	26	27	0
cg09102690	36	37	0
cg09102690	38	39	0
cg09102690	45	46	0
cg09102690	60	61	0
cg09103452	32	33	0
cg09103452	58	59	33.3333333333333
cg09103452	66	67	0
cg09105275	21	22	0
cg09113585	13	14	0
cg09113585	41	42	0
cg09113585	44	45	0
cg09113585	55	56	0
cg09141122	9	10	0
cg09141122	11	12	0
cg09141122	18	19	0
cg09141122	20	21	0
cg09141122	22	23	0
cg09141122	24	25	0
cg09141122	27	28	0
cg09141122	29	30	0
cg09141122	36	37	0
cg09141122	38	39	0
cg09141122	49	50	0
cg09141122	51	52	0
cg09141122	57	58	0
cg09141122	59	60	0
cg09141122	67	68	0
cg09207493	21	22	0
cg09207493	40	41	0
cg09207493	71	72	0
cg09228164	21	22	0
cg09228164	23	24	0
cg09228164	38	39	0
cg09238852	28	29	0
cg09238852	30	31	0
cg09238852	33	34	0
cg09238852	35	36	0
cg09238852	44	45	0
cg09238852	46	47	0
cg09238852	52	53	0
cg09238852	55	56	0
cg09238852	74	75	0
cg09238852	76	77	0
cg09244212	51	52	0
cg09244212	67	68	0
cg09252678	30	31	0
cg09276953	34	35	0
cg09280663	27	28	0
cg09280663	33	34	0
cg09280663	47	48	0
cg09280663	51	52	0
cg09280663	54	55	0
cg09280663	62	63	0
cg09283583	38	39	0
cg09289224	13	14	0
cg09289224	24	25	0
cg09289224	45	46	0
cg09300249	25	26	0
cg09313308	47	48	0
cg09317554	16	17	0
cg09327310	31	32	0
cg09327310	52	53	0
cg09367901	12	13	0
cg09367901	39	40	0
cg09367901	71	72	0
cg09367901	73	74	0
cg09376856	35	36	0
cg09376856	41	42	0
cg09376856	67	68	0
cg09392026	33	34	0
cg09392026	68	69	0
cg09399982	46	47	0
cg09399982	49	50	0
cg09407361	35	36	0
cg09407361	46	47	100
cg09408404	41	42	0
cg09408404	43	44	0
cg09408404	53	54	0
cg09408404	55	56	0
cg09452015	25	26	100
cg09461098	1	2	0
cg09461098	5	6	0
cg09461098	13	14	0
cg09461098	15	16	0
cg09461098	19	20	0
cg09461098	21	22	0
cg09461098	32	33	0
cg09461098	34	35	0
cg09461098	65	66	0
cg09461098	67	68	0
cg09461098	74	75	0
cg09510409	19	20	0
cg09559229	50	51	0
cg09559229	55	56	0
cg09559229	58	59	0
cg09559229	61	62	0
cg09559229	69	70	0
cg09578221	8	9	0
cg09578221	10	11	0
cg09578221	21	22	0
cg09578221	23	24	0
cg09578221	28	29	0
cg09578221	31	32	0
cg09578221	33	34	0
cg09578221	35	36	0
cg09578221	69	70	0
cg09578221	71	72	0
cg09579869	53	54	100
cg09606853	39	40	0
cg09647169	20	21	0
cg09647169	35	36	0
cg09661809	22	23	0
cg09692769	12	13	0
cg09692769	16	17	0
cg09699229	32	33	0
cg09699229	62	63	0
cg09706122	19	20	0
cg09706122	42	43	0
cg09706122	60	61	0
cg09731012	22	23	100
cg09782540	21	22	0
cg09782540	36	37	0
cg09789765	7	8	0
cg09789765	9	10	0
cg09789765	20	21	0
cg09789765	31	32	0
cg09789765	33	34	0
cg09789765	51	52	0
cg09789765	53	54	0
cg09816507	1	2	0
cg09816507	12	13	0
cg09817553	19	20	0
cg09817553	24	25	0
cg09817553	31	32	0
cg09817553	54	55	0
cg09817553	57	58	0
cg09817553	66	67	0
cg09817553	69	70	0
cg09841954	13	14	0
cg09841954	15	16	100
cg09841954	43	44	0
cg09841954	48	49	0
cg09841958	17	18	0
cg09841958	28	29	0
cg09841958	38	39	0
cg09879356	23	24	0
cg09879356	49	50	0
cg09899564	20	21	0
cg09899564	29	30	0
cg09899564	47	48	0
cg09899564	71	72	0
cg09945801	33	34	0
cg09962606	11	12	0
cg09962606	21	22	0
cg09977861	8	9	0
cg09977861	30	31	0
cg09977861	41	42	0
cg09977861	53	54	0
cg09977861	67	68	0
cg09977861	71	72	0
cg09985350	32	33	0
cg09985350	38	39	0
cg09985753	42	43	0
cg10024790	8	9	0
cg10024790	12	13	0
cg10024790	16	17	100
cg10040493	6	7	0
cg10040493	22	23	0
cg10064809	47	48	0
cg10064809	50	51	50
cg10104432	5	6	0
cg10104432	20	21	0
cg10104432	26	27	0
cg10104432	31	32	0
cg10104432	35	36	25
cg10104432	46	47	0
cg10104432	61	62	0
cg10118204	64	65	0
cg10125423	59	60	0
cg10131194	14	15	100
cg10131194	53	54	0
cg10157506	22	23	0
cg10157506	37	38	0
cg10157506	50	51	0
cg10157506	61	62	0
cg10157506	64	65	0
cg10182925	50	51	0
cg10182925	69	70	100
cg10182925	72	73	0
cg10289720	19	20	25
cg10289720	31	32	0
cg10289720	55	56	0
cg10289720	76	77	0
cg10324939	46	47	0
cg10342649	36	37	0
cg10392713	18	19	0
cg10392713	20	21	0
cg10392713	33	34	0
cg10392713	35	36	0
cg10392713	41	42	0
cg10392713	69	70	0
cg10392713	71	72	0
cg10414374	5	6	100
cg10414374	25	26	0
cg10414374	31	32	0
cg10427592	11	12	0
cg10427592	28	29	0
cg10427592	46	47	0
cg10437271	28	29	100
cg10437271	64	65	0
cg10441680	15	16	0
cg10441680	70	71	0
cg10441680	72	73	0
cg10441680	73	74	0
cg10441680	75	76	0
cg10451848	20	21	100
cg10451848	47	48	0
cg10451848	49	50	0
cg10451848	64	65	0
cg10491556	7	8	0
cg10491556	26	27	0
cg10491556	31	32	0
cg10491556	43	44	0
cg10503757	4	5	0
cg10503757	6	7	0
cg10566829	66	67	100
cg10583873	72	73	100
cg10604668	18	19	0
cg10604668	58	59	0
cg10604668	60	61	0
cg10606240	34	35	100
cg10620475	9	10	0
cg10620475	11	12	0
cg10620475	33	34	0
cg10620475	35	36	0
cg10620475	49	50	0
cg10620475	61	62	25
cg10624665	5	6	0
cg10624665	27	28	0
cg10624665	32	33	0
cg10624665	42	43	0
cg10624665	58	59	0
cg10643442	5	6	0
cg10643442	21	22	0
cg10643442	25	26	0
cg10643442	37	38	0
cg10643442	76	77	0
cg10644072	20	21	0
cg10644072	64	65	0
cg10680513	31	32	0
cg10680513	46	47	0
cg10680513	54	55	0
cg10680513	70	71	0
cg10736991	24	25	0
cg10736991	26	27	0
cg10736991	37	38	0
cg10736991	39	40	0
cg10736991	50	51	100
cg10774906	10	11	0
cg10774906	18	19	0
cg10779098	46	47	0
cg10779098	48	49	0
cg10779098	58	59	0
cg10779098	60	61	0
cg10779098	68	69	0
cg10788097	55	56	100
cg10873006	9	10	0
cg10873006	43	44	0
cg10893516	60	61	0
cg10893516	73	74	0
cg10901415	28	29	100
cg10901415	52	53	0
cg10918079	53	54	0
cg11000391	13	14	0
cg11000391	21	22	0
cg11011976	4	5	0
cg11011976	65	66	0
cg11011976	69	70	0
cg11058785	9	10	0
cg11058785	13	14	25
cg11058785	25	26	0
cg11066411	32	33	0
cg11066411	34	35	0
cg11105656	31	32	0
cg11105656	33	34	0
cg11105656	35	36	0
cg11105656	37	38	0
cg11105656	39	40	0
cg11105656	53	54	0
cg11105656	55	56	0
cg11105656	71	72	0
cg11105656	74	75	0
cg11150973	37	38	0
cg11156486	7	8	0
cg11156486	60	61	0
cg11156486	62	63	0
cg11167025	50	51	0
cg11167025	53	54	0
cg11201611	7	8	50
cg11201611	22	23	0
cg11201611	34	35	0
cg11201611	36	37	50
cg11214667	23	24	0
cg11214667	53	54	0
cg11214667	66	67	0
cg11251215	32	33	0
cg11279021	32	33	0
cg11290305	43	44	0
cg11290305	45	46	0
cg11290305	49	50	0
cg11290305	51	52	0
cg11290305	63	64	0
cg11290305	75	76	0
cg11319388	24	25	0
cg11319388	31	32	100
cg11339341	30	31	0
cg11346223	9	10	0
cg11346223	23	24	0
cg11346223	33	34	0
cg11346223	57	58	0
cg11346223	72	73	50
cg11352219	43	44	0
cg11352219	45	46	100
cg11411958	19	20	0
cg11411958	39	40	0
cg11411958	42	43	0
cg11411958	57	58	0
cg11437639	53	54	0
cg11458204	9	10	0
cg11465136	34	35	0
cg11465136	67	68	0
cg11465136	69	70	100
cg11493105	32	33	0
cg11525285	73	74	0
cg11551236	32	33	0
cg11584091	6	7	0
cg11584091	15	16	0
cg11584091	31	32	0
cg11584091	44	45	0
cg11584091	46	47	0
cg11584091	50	51	0
cg11584091	52	53	0
cg11584091	58	59	0
cg11584091	60	61	0
cg11584091	75	76	0
cg11647274	20	21	0
cg11647274	22	23	0
cg11647274	33	34	0
cg11666770	43	44	0
cg11666770	46	47	0
cg11672180	23	24	0
cg11690941	9	10	0
cg11690941	62	63	0
cg11700079	20	21	0
cg11700079	47	48	0
cg11700079	53	54	0
cg11700079	55	56	0
cg11700079	66	67	0
cg11728741	56	57	100
cg11758048	18	19	0
cg11758048	25	26	0
cg11758048	28	29	0
cg11758048	31	32	0
cg11758048	48	49	0
cg11772199	12	13	100
cg11792642	42	43	0
cg11818729	29	30	0
cg11818729	37	38	0
cg11818729	53	54	0
cg11818729	59	60	0
cg11827910	28	29	0
cg11827910	40	41	0
cg11827910	51	52	0
cg11827910	53	54	0
cg11848212	2	3	0
cg11848212	16	17	100
cg11875079	6	7	0
cg11875079	8	9	0
cg11875079	15	16	0
cg11875079	17	18	0
cg11875079	19	20	0
cg11875079	21	22	0
cg11875079	27	28	33.3333333333333
cg11875079	29	30	0
cg11879601	52	53	100
cg11905658	10	11	0
cg11908885	7	8	0
cg11908885	19	20	0
cg11908885	31	32	0
cg11908885	36	37	0
cg11914037	42	43	0
cg11939159	5	6	100
cg11960934	11	12	0
cg12031700	26	27	50
cg12031700	28	29	100
cg12046720	50	51	100
cg12053353	10	11	0
cg12053353	38	39	0
cg12053353	69	70	0
cg12056279	5	6	0
cg12056279	9	10	0
cg12056279	34	35	0
cg12145907	7	8	0
cg12145907	13	14	0
cg12187762	42	43	0
cg12187762	46	47	0
cg12187762	52	53	0
cg12187762	54	55	0
cg12187762	63	64	0
cg12187762	65	66	0
cg12187762	72	73	0
cg12187762	74	75	0
cg12204620	36	37	0
cg12204620	38	39	100
cg12204620	41	42	0
cg12204620	69	70	0
cg12241489	68	69	0
cg12241489	73	74	0
cg12306961	70	71	0
cg12309991	45	46	0
cg12338604	40	41	0
cg12338604	48	49	0
cg12338604	53	54	0
cg12406333	10	11	0
cg12406333	38	39	0
cg12406333	42	43	0
cg12406333	56	57	0
cg12428624	15	16	0
cg12428624	17	18	0
cg12428624	19	20	0
cg12428624	21	22	0
cg12428624	23	24	0
cg12428624	25	26	0
cg12428624	27	28	0
cg12428624	35	36	0
cg12428624	37	38	0
cg12428624	50	51	0
cg12428624	52	53	0
cg12428624	60	61	0
cg12428624	62	63	0
cg12428624	63	64	0
cg12428624	65	66	0
cg12434982	10	11	0
cg12434982	26	27	0
cg12469785	38	39	100
cg12469785	54	55	100
cg12501356	29	30	0
cg12501356	37	38	0
cg12501356	42	43	0
cg12501356	53	54	0
cg12501356	57	58	0
cg12537145	49	50	0
cg12537145	69	70	0
cg12553580	35	36	0
cg12553580	38	39	0
cg12553580	59	60	0
cg12572894	27	28	0
cg12572894	33	34	100
cg12572894	35	36	0
cg12572894	39	40	0
cg12600648	10	11	0
cg12600648	17	18	0
cg12600648	19	20	0
cg12600648	21	22	0
cg12600648	23	24	0
cg12600648	36	37	0
cg12600648	58	59	0
cg12649001	5	6	0
cg12649001	21	22	0
cg12649001	39	40	0
cg12649001	49	50	0
cg12649001	55	56	100
cg12741020	44	45	0
cg12741020	72	73	0
cg12774174	15	16	50
cg12774174	21	22	0
cg12774174	37	38	0
cg12797828	9	10	0
cg12797828	19	20	0
cg12797828	54	55	0
cg12798259	15	16	0
cg12798259	20	21	0
cg12798259	34	35	0
cg12798259	44	45	0
cg12798259	50	51	0
cg12798259	72	73	0
cg12799227	23	24	0
cg12799227	32	33	0
cg12799227	34	35	0
cg12841266	4	5	0
cg12841266	19	20	0
cg12841266	33	34	0
cg12841266	50	51	0
cg12841266	65	66	0
cg12841266	73	74	0
cg12841266	76	77	0
cg12856514	2	3	0
cg12856514	10	11	0
cg12856514	33	34	0
cg12856514	43	44	0
cg12856514	60	61	0
cg12856514	68	69	0
cg12856514	73	74	0
cg12879445	2	3	0
cg12879445	5	6	0
cg12879445	6	7	0
cg12879445	8	9	0
cg12879445	18	19	0
cg12879445	20	21	0
cg12879445	23	24	0
cg12879445	43	44	0
cg12879445	45	46	0
cg12879445	48	49	0
cg12879445	50	51	0
cg12879445	74	75	0
cg12880090	11	12	0
cg12899502	12	13	0
cg12899502	19	20	0
cg12899502	48	49	0
cg12910788	7	8	100
cg12910788	69	70	100
cg12927674	6	7	0
cg12927674	8	9	0
cg12927674	11	12	0
cg12927674	13	14	33.3333333333333
cg12927674	57	58	0
cg12935350	31	32	0
cg12935350	39	40	0
cg12935350	50	51	0
cg12959926	28	29	0
cg12959926	35	36	0
cg12959926	51	52	0
cg12959926	71	72	50
cg12981876	8	9	0
cg12981876	14	15	0
cg12981876	44	45	0
cg12981876	56	57	0
cg12981876	60	61	0
cg12986671	9	10	0
cg12986671	11	12	0
cg12986671	15	16	0
cg12986671	16	17	0
cg12986671	31	32	0
cg12986671	49	50	0
cg12986671	67	68	0
cg12986671	74	75	0
cg13011653	14	15	0
cg13011653	55	56	0
cg13029792	18	19	0
cg13029792	20	21	0
cg13029792	25	26	0
cg13029792	32	33	0
cg13029792	41	42	0
cg13029792	71	72	0
cg13029792	73	74	0
cg13107977	36	37	0
cg13107977	38	39	0
cg13132580	46	47	0
cg13143654	33	34	0
cg13143654	35	36	0
cg13143654	45	46	0
cg13143654	47	48	0
cg13143654	53	54	0
cg13145648	65	66	0
cg13151303	19	20	0
cg13151303	21	22	0
cg13151303	61	62	0
cg13151947	37	38	0
cg13151947	40	41	0
cg13153497	11	12	0
cg13153497	14	15	0
cg13153497	30	31	0
cg13153497	45	46	0
cg13153497	51	52	100
cg13153497	53	54	0
cg13153497	56	57	0
cg13153497	59	60	0
cg13153497	63	64	0
cg13165311	16	17	0
cg13165311	33	34	0
cg13181002	30	31	0
cg13181002	32	33	0
cg13181002	59	60	0
cg13181002	61	62	100
cg13192313	3	4	0
cg13192313	33	34	0
cg13192313	61	62	0
cg13193455	14	15	0
cg13193455	68	69	0
cg13194536	48	49	0
cg13228882	29	30	0
cg13228882	36	37	0
cg13288931	6	7	100
cg13288931	13	14	100
cg13300506	21	22	0
cg13300506	36	37	0
cg13331682	37	38	0
cg13366102	15	16	0
cg13459593	71	72	0
cg13486820	3	4	100
cg13486820	9	10	100
cg13486820	39	40	100
cg13486820	47	48	0
cg13487071	31	32	0
cg13487071	65	66	0
cg13487071	77	78	0
cg13551010	14	15	100
cg13604683	55	56	0
cg13694139	34	35	0
cg13694139	51	52	0
cg13694139	66	67	0
cg13702567	31	32	0
cg13821797	5	6	0
cg13821797	29	30	0
cg13821797	54	55	0
cg13834844	10	11	0
cg13834844	26	27	0
cg13834844	35	36	0
cg13834844	48	49	0
cg13837730	52	53	100
cg13848598	10	11	0
cg13848598	57	58	0
cg14001847	6	7	0
cg14001847	36	37	0
cg14005972	8	9	0
cg14005972	19	20	0
cg14005972	23	24	0
cg14005972	25	26	0
cg14005972	68	69	0
cg14012997	24	25	100
cg14012997	71	72	0
cg14019317	10	11	0
cg14019317	14	15	0
cg14019317	18	19	0
cg14019317	26	27	0
cg14019317	28	29	0
cg14019317	34	35	0
cg14019317	36	37	0
cg14019317	46	47	0
cg14019317	49	50	0
cg14020187	21	22	0
cg14033937	35	36	0
cg14033937	37	38	0
cg14033937	38	39	0
cg14033937	40	41	0
cg14033937	62	63	0
cg14043264	17	18	0
cg14043264	44	45	0
cg14043264	59	60	0
cg14044818	55	56	100
cg14100627	24	25	0
cg14100627	48	49	0
cg14100627	65	66	0
cg14136831	22	23	0
cg14136831	37	38	0
cg14244296	9	10	0
cg14244296	23	24	0
cg14297772	8	9	0
cg14306227	15	16	0
cg14306227	23	24	0
cg14306227	44	45	0
cg14311946	41	42	100
cg14311946	43	44	0
cg14311946	51	52	0
cg14311946	65	66	25
cg14311946	77	78	0
cg14333709	52	53	100
cg14333709	55	56	0
cg14333709	76	77	0
cg14360629	3	4	0
cg14360629	26	27	0
cg14361875	25	26	0
cg14361875	27	28	0
cg14415958	14	15	0
cg14415958	37	38	0
cg14415958	50	51	0
cg14415958	57	58	0
cg14415958	69	70	0
cg14427009	38	39	0
cg14427009	73	74	0
cg14444723	43	44	0
cg14503550	8	9	33.3333333333333
cg14503550	22	23	0
cg14503550	28	29	0
cg14503550	41	42	0
cg14503550	59	60	0
cg14503550	70	71	0
cg14518260	7	8	0
cg14518260	19	20	0
cg14518260	24	25	0
cg14518260	34	35	0
cg14518260	56	57	0
cg14518260	69	70	0
cg14518260	74	75	0
cg14525247	1	2	0
cg14525247	9	10	0
cg14525247	15	16	0
cg14525247	23	24	0
cg14525247	43	44	0
cg14525247	46	47	0
cg14660630	24	25	0
cg14660630	27	28	0
cg14660630	41	42	0
cg14660630	60	61	0
cg14660630	68	69	0
cg14676415	32	33	0
cg14702498	9	10	0
cg14702498	11	12	0
cg14702498	13	14	0
cg14702498	26	27	0
cg14702498	32	33	0
cg14702498	54	55	50
cg14702498	56	57	0
cg14702498	58	59	0
cg14702498	60	61	0
cg14702498	71	72	0
cg14702498	73	74	0
cg14715530	8	9	0
cg14715530	11	12	0
cg14715530	13	14	0
cg14715530	16	17	50
cg14715530	18	19	0
cg14715530	30	31	0
cg14715530	32	33	0
cg14715530	36	37	0
cg14715530	38	39	0
cg14715530	46	47	0
cg14715530	48	49	0
cg14778330	8	9	0
cg14778330	14	15	0
cg14778330	18	19	100
cg14778330	35	36	0
cg14778330	37	38	0
cg14778330	42	43	0
cg14778330	44	45	0
cg14778330	53	54	0
cg14778330	55	56	0
cg14778330	58	59	0
cg14783231	4	5	0
cg14783231	6	7	0
cg14783231	60	61	0
cg14788180	38	39	0
cg14788180	43	44	0
cg14788180	72	73	0
cg14815482	52	53	0
cg14815482	55	56	0
cg14815482	70	71	0
cg14824014	60	61	0
cg14824014	62	63	0
cg14824014	64	65	0
cg14824014	66	67	0
cg14880272	4	5	0
cg14880272	16	17	0
cg14880272	24	25	0
cg14880272	28	29	0
cg14880272	51	52	0
cg14880272	70	71	0
cg14903956	13	14	0
cg14903956	72	73	0
cg14940505	7	8	0
cg14940505	9	10	0
cg14940505	13	14	0
cg14940505	17	18	0
cg14940505	19	20	0
cg14940505	31	32	0
cg14940505	40	41	0
cg14940505	46	47	0
cg14940505	49	50	0
cg14940505	56	57	0
cg14940505	71	72	0
cg14977462	8	9	0
cg14977462	10	11	50
cg14977462	35	36	50
cg14977462	40	41	0
cg14977462	42	43	100
cg14977462	57	58	0
cg14977462	66	67	0
cg14991487	24	25	0
cg14991487	52	53	0
cg14991487	63	64	0
cg14991487	75	76	0
cg15012446	74	75	0
cg15028045	10	11	0
cg15028045	14	15	33.3333333333333
cg15028045	57	58	0
cg15028045	65	66	0
cg15043841	23	24	0
cg15043841	26	27	0
cg15043841	63	64	0
cg15043841	67	68	0
cg15075184	38	39	50
cg15099692	41	42	0
cg15099692	49	50	0
cg15099692	56	57	0
cg15109083	43	44	0
cg15109083	47	48	50
cg15109083	58	59	0
cg15166827	20	21	0
cg15189202	68	69	0
cg15214658	21	22	0
cg15214658	23	24	0
cg15234261	59	60	0
cg15566115	33	34	0
cg15566115	40	41	0
cg15566115	54	55	0
cg15597792	27	28	14.2857142857143
cg15597792	43	44	0
cg15597792	45	46	0
cg15597792	57	58	0
cg15597792	59	60	0
cg15597792	65	66	0
cg15597792	67	68	0
cg15608939	31	32	0
cg15608939	55	56	0
cg15608939	58	59	0
cg15608939	67	68	0
cg15639204	2	3	0
cg15639204	15	16	0
cg15639204	18	19	0
cg15639204	33	34	0
cg15639204	35	36	0
cg15639204	39	40	0
cg15639204	41	42	0
cg15639204	48	49	0
cg15639204	50	51	0
cg15639204	55	56	0
cg15639204	57	58	0
cg15658912	31	32	0
cg15682828	8	9	0
cg15682828	10	11	0
cg15682828	24	25	0
cg15682828	39	40	0
cg15682828	59	60	0
cg15682828	62	63	0
cg15682828	69	70	0
cg15693666	73	74	0
cg15711227	26	27	100
cg15711227	28	29	100
cg15711227	47	48	100
cg15711227	49	50	0
cg15713129	47	48	0
cg15723222	40	41	0
cg15723222	72	73	0
cg15723222	75	76	0
cg15726426	32	33	0
cg15726426	34	35	0
cg15726426	35	36	0
cg15726426	37	38	0
cg15726426	47	48	0
cg15726426	57	58	0
cg15741341	8	9	0
cg15741341	10	11	0
cg15741341	12	13	0
cg15741341	23	24	0
cg15741341	40	41	0
cg15741341	42	43	0
cg15788732	62	63	0
cg15823859	1	2	0
cg15823859	9	10	0
cg15823859	22	23	0
cg15823859	33	34	100
cg15846956	13	14	100
cg15846956	23	24	100
cg15890010	12	13	0
cg15890010	52	53	25
cg15903069	12	13	0
cg15913680	20	21	0
cg15913680	34	35	0
cg15913680	36	37	0
cg15913680	40	41	14.2857142857143
cg15913680	46	47	0
cg15913680	49	50	0
cg15913680	65	66	0
cg15932297	5	6	0
cg15932297	7	8	0
cg15932297	59	60	100
cg15952296	38	39	50
cg15988120	26	27	0
cg15988120	61	62	0
cg16006022	46	47	0
cg16006022	55	56	0
cg16006022	69	70	0
cg16046465	12	13	0
cg16046465	13	14	0
cg16046465	15	16	0
cg16046465	16	17	0
cg16046465	18	19	0
cg16046465	19	20	0
cg16046465	21	22	0
cg16046465	26	27	0
cg16046465	28	29	0
cg16046465	40	41	0
cg16046465	42	43	0
cg16046465	43	44	0
cg16046465	45	46	0
cg16046465	48	49	0
cg16046465	55	56	0
cg16046465	56	57	0
cg16046465	58	59	0
cg16046465	59	60	0
cg16046465	61	62	0
cg16046465	67	68	0
cg16046465	69	70	0
cg16073238	58	59	0
cg16095149	67	68	0
cg16102371	18	19	0
cg16102371	22	23	0
cg16102371	54	55	100
cg16103501	70	71	0
cg16111936	2	3	0
cg16111936	28	29	0
cg16111936	39	40	0
cg16111936	60	61	0
cg16113298	8	9	0
cg16113298	20	21	0
cg16113298	27	28	0
cg16113298	29	30	0
cg16113298	45	46	0
cg16113298	57	58	0
cg16113298	69	70	0
cg16188689	12	13	0
cg16188689	19	20	0
cg16188689	24	25	0
cg16264705	9	10	0
cg16264705	12	13	0
cg16264705	35	36	0
cg16264705	43	44	50
cg16264705	59	60	0
cg16290482	44	45	0
cg16290725	35	36	0
cg16290725	37	38	100
cg16290725	59	60	0
cg16290725	61	62	100
cg16290725	63	64	0
cg16290725	65	66	0
cg16313026	69	70	100
cg16346788	3	4	0
cg16346788	46	47	0
cg16346788	57	58	0
cg16346788	61	62	0
cg16384721	26	27	0
cg16384721	39	40	0
cg16384721	46	47	0
cg16384721	51	52	0
cg16384721	58	59	0
cg16391501	31	32	0
cg16427848	20	21	0
cg16427848	26	27	0
cg16427848	40	41	0
cg16427848	72	73	0
cg16427848	77	78	0
cg16435898	31	32	0
cg16435898	35	36	0
cg16435898	37	38	0
cg16435898	42	43	0
cg16435898	44	45	0
cg16435898	58	59	0
cg16435898	61	62	0
cg16442395	40	41	100
cg16442395	42	43	100
cg16456408	20	21	0
cg16456408	31	32	0
cg16456408	37	38	0
cg16456408	41	42	0
cg16456408	50	51	0
cg16456408	64	65	100
cg16456408	66	67	0
cg16456627	45	46	0
cg16456627	69	70	0
cg16456627	74	75	0
cg16501308	14	15	0
cg16501308	17	18	0
cg16524928	20	21	0
cg16524928	34	35	0
cg16524928	72	73	0
cg16524928	75	76	0
cg16550733	5	6	0
cg16550733	21	22	0
cg16550733	54	55	0
cg16550733	57	58	0
cg16550733	72	73	100
cg16606195	53	54	0
cg16625559	32	33	0
cg16625559	34	35	0
cg16625559	63	64	50
cg16632407	40	41	0
cg16632407	44	45	0
cg16632407	64	65	0
cg16633088	18	19	0
cg16672799	59	60	0
cg16672799	75	76	0
cg16675686	4	5	0
cg16675686	17	18	0
cg16675686	47	48	0
cg16684539	21	22	0
cg16684539	30	31	0
cg16692317	11	12	0
cg16692317	19	20	0
cg16692317	25	26	0
cg16692317	31	32	0
cg16692317	41	42	0
cg16692317	46	47	0
cg16692317	54	55	0
cg16736307	34	35	0
cg16744551	39	40	0
cg16744551	41	42	0
cg16744551	58	59	0
cg16744551	60	61	0
cg16761811	41	42	0
cg16848740	45	46	33.3333333333333
cg16848740	63	64	0
cg16848740	71	72	0
cg16862911	33	34	0
cg16873877	9	10	0
cg16873877	15	16	0
cg16873877	28	29	0
cg16873877	72	73	0
cg16908172	9	10	0
cg16908172	19	20	0
cg16908172	29	30	0
cg16908172	58	59	0
cg16908172	68	69	0
cg16908172	76	77	0
cg16925789	11	12	0
cg16965558	18	19	100
cg16986738	73	74	100
cg17037716	18	19	0
cg17037716	22	23	0
cg17037716	76	77	0
cg17137627	55	56	100
cg17137627	73	74	0
cg17177168	23	24	0
cg17212850	6	7	0
cg17212850	30	31	0
cg17212850	40	41	0
cg17212850	42	43	0
cg17212850	48	49	0
cg17212850	50	51	0
cg17212850	54	55	0
cg17215796	70	71	0
cg17329011	19	20	0
cg17417202	45	46	0
cg17417202	47	48	0
cg17435471	12	13	0
cg17435471	20	21	0
cg17435471	35	36	0
cg17435471	38	39	0
cg17435471	51	52	0
cg17435471	53	54	0
cg17435471	69	70	0
cg17523323	44	45	0
cg17537062	33	34	0
cg17537062	35	36	0
cg17537062	40	41	0
cg17537062	42	43	0
cg17537062	56	57	0
cg17537062	75	76	0
cg17548032	18	19	0
cg17548032	48	49	0
cg17548032	56	57	0
cg17609931	26	27	0
cg17609931	54	55	0
cg17696987	41	42	0
cg17696987	43	44	0
cg17711361	46	47	0
cg17711361	51	52	0
cg17726355	10	11	0
cg17726355	52	53	0
cg17726355	62	63	0
cg17769560	45	46	0
cg17769560	60	61	0
cg17769560	65	66	0
cg17779362	2	3	100
cg17779362	4	5	0
cg17779362	12	13	50
cg17840681	43	44	50
cg17854644	37	38	0
cg17905888	32	33	0
cg17942031	5	6	100
cg17942031	7	8	0
cg17942031	25	26	0
cg17942031	31	32	0
cg17957186	23	24	0
cg17980056	15	16	0
cg18014720	69	70	0
cg18062440	17	18	0
cg18062440	19	20	0
cg18062440	38	39	0
cg18062440	41	42	0
cg18062440	43	44	0
cg18062440	48	49	0
cg18062440	51	52	0
cg18062440	64	65	0
cg18062440	76	77	0
cg18149227	25	26	0
cg18149227	69	70	0
cg18149227	71	72	0
cg18221275	48	49	0
cg18271715	32	33	0
cg18278083	15	16	0
cg18278083	39	40	0
cg18278971	31	32	50
cg18284930	23	24	0
cg18299578	10	11	0
cg18299578	13	14	0
cg18299578	18	19	0
cg18299578	26	27	0
cg18299578	28	29	0
cg18299578	31	32	0
cg18299578	63	64	0
cg18304538	8	9	0
cg18304538	10	11	0
cg18304538	20	21	0
cg18304538	65	66	0
cg18306254	18	19	100
cg18306254	36	37	0
cg18306254	52	53	0
cg18306254	63	64	66.6666666666667
cg18331800	12	13	0
cg18342041	9	10	0
cg18342041	12	13	0
cg18342041	39	40	0
cg18394148	24	25	0
cg18394148	32	33	0
cg18394148	40	41	0
cg18394148	49	50	0
cg18394148	62	63	0
cg18397523	21	22	0
cg18397523	24	25	0
cg18480384	12	13	0
cg18480384	23	24	0
cg18480384	32	33	0
cg18480384	34	35	0
cg18480384	36	37	0
cg18480384	44	45	0
cg18480384	48	49	0
cg18480384	52	53	0
cg18480384	56	57	0
cg18488855	8	9	0
cg18488855	16	17	0
cg18488855	26	27	0
cg18488855	43	44	0
cg18488855	54	55	0
cg18488855	59	60	0
cg18488855	62	63	0
cg18488855	73	74	0
cg18488855	76	77	0
cg18501647	32	33	0
cg18501647	38	39	0
cg18531946	10	11	0
cg18532887	18	19	0
cg18532887	63	64	50
cg18560297	10	11	100
cg18659931	4	5	100
cg18659931	21	22	0
cg18659931	47	48	33.3333333333333
cg18678822	34	35	0
cg18678822	47	48	0
cg18743610	22	23	0
cg18743610	25	26	0
cg18743610	33	34	0
cg18743610	36	37	0
cg18743610	39	40	0
cg18743610	45	46	0
cg18743610	58	59	0
cg18760617	30	31	0
cg18760617	33	34	0
cg18760617	46	47	0
cg18760617	56	57	33.3333333333333
cg18780131	14	15	0
cg18780131	28	29	0
cg18780131	49	50	0
cg18780131	57	58	0
cg18780131	59	60	0
cg18780131	73	74	0
cg18802184	14	15	0
cg18802184	25	26	0
cg18802184	32	33	0
cg18802184	57	58	0
cg18802184	77	78	0
cg18809102	17	18	0
cg18809102	19	20	0
cg18809102	23	24	0
cg18809102	25	26	0
cg18809102	26	27	0
cg18809102	29	30	0
cg18809102	37	38	0
cg18809102	40	41	0
cg18809102	42	43	0
cg18809102	44	45	0
cg18815657	12	13	0
cg18815657	19	20	0
cg18815657	30	31	0
cg18815657	58	59	0
cg18815657	60	61	0
cg18845660	47	48	0
cg18906085	8	9	0
cg18906085	28	29	0
cg18906085	32	33	0
cg18906085	35	36	0
cg18906085	37	38	0
cg18907402	36	37	0
cg18907778	11	12	0
cg18907778	29	30	0
cg18907778	34	35	0
cg18907778	47	48	0
cg18922837	67	68	100
cg18937940	14	15	0
cg18937940	36	37	100
cg18968947	60	61	0
cg18972426	8	9	0
cg18972426	15	16	0
cg18972426	26	27	0
cg18972426	44	45	0
cg18972426	61	62	0
cg18972426	66	67	0
cg18972426	71	72	0
cg18977692	4	5	0
cg19011483	27	28	0
cg19028261	4	5	0
cg19117962	12	13	0
cg19117962	35	36	0
cg19175123	23	24	0
cg19175123	73	74	0
cg19234378	3	4	0
cg19234378	13	14	0
cg19234378	34	35	0
cg19234378	42	43	0
cg19234378	56	57	0
cg19234378	70	71	0
cg19243613	20	21	0
cg19243613	22	23	0
cg19291109	40	41	0
cg19292353	41	42	0
cg19292353	54	55	0
cg19292353	68	69	0
cg19298873	23	24	0
cg19314788	11	12	0
cg19314788	42	43	0
cg19345073	49	50	0
cg19461192	55	56	0
cg19510557	6	7	0
cg19510557	20	21	0
cg19510557	23	24	0
cg19510557	37	38	0
cg19510557	78	79	0
cg19560915	53	54	0
cg19615998	26	27	0
cg19615998	28	29	0
cg19615998	53	54	0
cg19615998	63	64	100
cg19615998	65	66	0
cg19658834	13	14	0
cg19658834	15	16	0
cg19658834	16	17	0
cg19658834	18	19	0
cg19658834	39	40	0
cg19658834	41	42	0
cg19658834	72	73	100
cg19665667	32	33	0
cg19665667	36	37	0
cg19665667	48	49	0
cg19680012	17	18	0
cg19818130	13	14	0
cg19818130	35	36	0
cg19826364	27	28	0
cg19826364	32	33	0
cg19828220	10	11	100
cg19828220	64	65	0
cg19833686	11	12	0
cg19833686	16	17	0
cg19833686	38	39	0
cg19833686	58	59	0
cg19860820	76	77	0
cg19868479	10	11	0
cg19868479	21	22	0
cg19868479	29	30	0
cg19868479	31	32	0
cg19868479	32	33	0
cg19868479	34	35	0
cg19868479	56	57	0
cg19868479	60	61	0
cg19868479	68	69	0
cg19912855	46	47	0
cg19915213	12	13	0
cg19915213	15	16	0
cg19915213	18	19	0
cg19915213	39	40	0
cg19915213	42	43	0
cg19915213	46	47	0
cg19915213	71	72	0
cg19929340	54	55	0
cg19929340	67	68	0
cg19939065	8	9	100
cg19939065	28	29	0
cg19939065	38	39	0
cg19939065	48	49	0
cg19939065	73	74	0
cg20011459	44	45	0
cg20040459	40	41	0
cg20126035	8	9	0
cg20126035	18	19	0
cg20126035	25	26	0
cg20126035	38	39	0
cg20126035	55	56	0
cg20126035	58	59	0
cg20126035	61	62	0
cg20126035	65	66	0
cg20149183	33	34	0
cg20149183	41	42	0
cg20149183	45	46	0
cg20149183	55	56	0
cg20149183	62	63	100
cg20152954	49	50	0
cg20161627	46	47	100
cg20167583	35	36	50
cg20169907	26	27	0
cg20186843	16	17	100
cg20192941	36	37	0
cg20192941	51	52	0
cg20192941	73	74	0
cg20199880	14	15	0
cg20199880	49	50	100
cg20199880	54	55	0
cg20199880	61	62	0
cg20233387.1	26	27	0
cg20233387.1	28	29	20
cg20242875	53	54	100
cg20242875	56	57	0
cg20242875	63	64	0
cg20259148	30	31	0
cg20259148	54	55	0
cg20346209	41	42	0
cg20358314	57	58	0
cg20358438	16	17	0
cg20358438	22	23	0
cg20358438	25	26	0
cg20358438	68	69	0
cg20359134	61	62	0
cg20374928	4	5	0
cg20374928	13	14	0
cg20374928	69	70	0
cg20374928	79	80	0
cg20377527	20	21	100
cg20377527	28	29	0
cg20382445	41	42	0
cg20382445	55	56	100
cg20382445	57	58	0
cg20382445	62	63	0
cg20382445	65	66	0
cg20412711	42	43	0
cg20412711	45	46	0
cg20422755	11	12	0
cg20422755	14	15	0
cg20422755	31	32	0
cg20422755	44	45	0
cg20422755	47	48	0
cg20422755	55	56	0
cg20422755	61	62	0
cg20422755	67	68	0
cg20422755	70	71	0
cg20425337	62	63	0
cg20425337	66	67	0
cg20462566	29	30	0
cg20462566	39	40	0
cg20477718	18	19	0
cg20477718	34	35	0
cg20477718	36	37	0
cg20477718	60	61	0
cg20488057	24	25	0
cg20508712	15	16	100
cg20609321	64	65	0
cg20615449	26	27	0
cg20615449	36	37	0
cg20615449	42	43	0
cg20615449	48	49	0
cg20615449	50	51	0
cg20615449	68	69	0
cg20615601	69	70	0
cg20627844	23	24	0
cg20627844	25	26	0
cg20627844	34	35	0
cg20627844	68	69	100
cg20638025	30	31	0
cg20638025	42	43	0
cg20651417	15	16	0
cg20651417	23	24	50
cg20651417	28	29	0
cg20656725	4	5	0
cg20656725	40	41	0
cg20656725	54	55	0
cg20656725	61	62	0
cg20687703	13	14	0
cg20687703	22	23	0
cg20687703	33	34	0
cg20687703	35	36	0
cg20687703	41	42	0
cg20718201	21	22	0
cg20718201	62	63	0
cg20785169	38	39	0
cg20805191	18	19	0
cg20821442	22	23	0
cg20821442	55	56	0
cg20821442	57	58	0
cg20821442	64	65	0
cg20821442	66	67	0
cg20823439	0	1	0
cg20823439	8	9	0
cg20823439	15	16	0
cg20823439	35	36	0
cg20823439	44	45	0
cg20823439	53	54	0
cg20823439	65	66	0
cg20823439	70	71	0
cg20826688	21	22	0
cg20843173	38	39	0
cg20872072	24	25	0
cg20872072	35	36	0
cg20872072	49	50	0
cg20916989	20	21	0
cg20916989	34	35	0
cg20916989	53	54	0
cg20916989	58	59	0
cg20916989	61	62	0
cg20916989	65	66	0
cg20925142	11	12	0
cg20925142	23	24	0
cg20925142	32	33	0
cg20925142	38	39	0
cg20925142	52	53	0
cg20960545	4	5	0
cg20960545	67	68	0
cg21027178	22	23	0
cg21027178	28	29	0
cg21027178	47	48	50
cg21027282	15	16	0
cg21027282	18	19	0
cg21027282	21	22	0
cg21027282	34	35	0
cg21027282	50	51	0
cg21028063	16	17	0
cg21028063	24	25	0
cg21028063	68	69	0
cg21077839	31	32	0
cg21077839	33	34	0
cg21077839	44	45	0
cg21077839	51	52	0
cg21077839	62	63	0
cg21077839	64	65	0
cg21107288	24	25	0
cg21107288	34	35	0
cg21107288	41	42	0
cg21107288	52	53	0
cg21107288	60	61	0
cg21107288	62	63	0
cg21115959	14	15	100
cg21115959	78	79	0
cg21181292	10	11	100
cg21187101	39	40	0
cg21206637	17	18	0
cg21206637	20	21	0
cg21258436	25	26	0
cg21288677	14	15	0
cg21288677	22	23	0
cg21288677	33	34	0
cg21288677	41	42	0
cg21288677	46	47	0
cg21288677	51	52	0
cg21288677	54	55	0
cg21294440	42	43	0
cg21314020	15	16	100
cg21314020	36	37	0
cg21314020	40	41	0
cg21314020	42	43	100
cg21329093	19	20	0
cg21329093	22	23	0
cg21329093	36	37	0
cg21329093	38	39	33.3333333333333
cg21329093	43	44	0
cg21333598	14	15	0
cg21333598	45	46	0
cg21333598	47	48	0
cg21335694	71	72	0
cg21344984	36	37	0
cg21474882	30	31	0
cg21474882	34	35	0
cg21474882	38	39	0
cg21474882	53	54	0
cg21474882	61	62	0
cg21489919	52	53	0
cg21489919	55	56	0
cg21516079	20	21	100
cg21526720	13	14	0
cg21526720	45	46	0
cg21538469	35	36	0
cg21608575	60	61	0
cg21621248	68	69	0
cg21639837	53	54	100
cg21664322	40	41	50
cg21664322	57	58	0
cg21664322	59	60	0
cg21668347	26	27	0
cg21668347	28	29	0
cg21668347	37	38	0
cg21668347	39	40	0
cg21684886	14	15	0
cg21684886	41	42	0
cg21686577	6	7	0
cg21686577	21	22	0
cg21686577	23	24	25
cg21686577	33	34	0
cg21686577	38	39	0
cg21686577	56	57	0
cg21692288	23	24	0
cg21692288	31	32	0
cg21692288	35	36	0
cg21692288	47	48	0
cg21692288	72	73	0
cg21714079	47	48	0
cg21714079	50	51	50
cg21714079	59	60	0
cg21762820	6	7	0
cg21762820	8	9	0
cg21762820	18	19	0
cg21762820	20	21	0
cg21762820	25	26	0
cg21762820	27	28	0
cg21762820	37	38	0
cg21762820	39	40	0
cg21762820	60	61	20
cg21762820	62	63	0
cg21762820	67	68	0
cg21762820	69	70	0
cg21797039	65	66	0
cg21801378	57	58	0
cg21801378	60	61	0
cg21801378	66	67	0
cg21836885	13	14	100
cg21836885	15	16	0
cg21836885	22	23	0
cg21836885	24	25	100
cg21871721	19	20	50
cg21876626	35	36	0
cg21887986	6	7	0
cg21887986	36	37	0
cg21887986	38	39	100
cg21887986	49	50	0
cg21893671	6	7	0
cg21893671	8	9	0
cg21893671	43	44	0
cg21917706	5	6	0
cg21917706	10	11	0
cg22029297	38	39	0
cg22029297	54	55	0
cg22029297	63	64	0
cg22029297	66	67	0
cg22029297	68	69	0
cg22029297	70	71	0
cg22029297	72	73	0
cg22069272	27	28	0
cg22069272	48	49	0
cg22069272	54	55	0
cg22069272	60	61	0
cg22078760	42	43	50
cg22078760	73	74	0
cg22103215	46	47	0
cg22249391	33	34	0
cg22249391	69	70	100
cg22290035	31	32	0
cg22310761	5	6	0
cg22310761	23	24	0
cg22310761	27	28	0
cg22310761	34	35	0
cg22310761	39	40	0
cg22311716	2	3	0
cg22311716	44	45	0
cg22316499	47	48	0
cg22316499	63	64	0
cg22316499	65	66	0
cg22320967	25	26	0
cg22320967	65	66	0
cg22320967	70	71	0
cg22379728	40	41	0
cg22379728	56	57	0
cg22379728	64	65	0
cg22379728	69	70	0
cg22399626	38	39	50
cg22399626	43	44	0
cg22409694	27	28	0
cg22409694	56	57	0
cg22409694	58	59	0
cg22409694	73	74	0
cg22472903	44	45	0
cg22479030	15	16	0
cg22479030	48	49	0
cg22527167	68	69	100
cg22543683	35	36	0
cg22543683	44	45	0
cg22562422	15	16	0
cg22603530	12	13	0
cg22603530	15	16	0
cg22603530	19	20	0
cg22603530	22	23	0
cg22603530	41	42	0
cg22678587	24	25	0
cg22678587	48	49	0
cg22719669	41	42	0
cg22724078	50	51	100
cg22728816	31	32	0
cg22750057	8	9	0
cg22750057	14	15	0
cg22750057	20	21	0
cg22750057	33	34	0
cg22750057	48	49	0
cg22750057	50	51	0
cg22750057	56	57	0
cg22750057	61	62	0
cg22750057	68	69	0
cg22777952	13	14	0
cg22777952	25	26	0
cg22777952	31	32	0
cg22861867	45	46	0
cg22875689	27	28	0
cg22907348	67	68	0
cg22945864	13	14	0
cg22945864	26	27	0
cg22945864	33	34	0
cg22945864	37	38	0
cg22945864	44	45	50
cg22945864	54	55	0
cg22945864	64	65	0
cg22945864	67	68	0
cg22961850	64	65	0
cg22961850	68	69	0
cg22961850	79	80	0
cg22979709	28	29	0
cg22979709	35	36	0
cg22993731	40	41	0
cg22993731	45	46	0
cg23046555	59	60	0
cg23055029	4	5	0
cg23055029	7	8	0
cg23055029	13	14	0
cg23055029	20	21	0
cg23055029	32	33	0
cg23055029	72	73	0
cg23055029	76	77	0
cg23059642	15	16	0
cg23059642	49	50	0
cg23059642	71	72	0
cg23068674	5	6	0
cg23068674	57	58	100
cg23068674	60	61	0
cg23076498	70	71	100
cg23087015	5	6	0
cg23087015	10	11	0
cg23087015	16	17	0
cg23087015	19	20	0
cg23087015	21	22	0
cg23087015	24	25	0
cg23087015	26	27	0
cg23087015	30	31	0
cg23087015	49	50	0
cg23087015	52	53	0
cg23087015	57	58	0
cg23087015	60	61	0
cg23087015	66	67	0
cg23087015	71	72	0
cg23087015	75	76	0
cg23091488	75	76	100
cg23114866	49	50	0
cg23114866	56	57	0
cg23143204	18	19	0
cg23143204	20	21	100
cg23143204	22	23	0
cg23143204	24	25	0
cg23143204	28	29	0
cg23143204	30	31	100
cg23143204	61	62	100
cg23143204	68	69	0
cg23146472	15	16	0
cg23146472	17	18	0
cg23146472	40	41	0
cg23146472	44	45	0
cg23146472	56	57	0
cg23146717	46	47	0
cg23189934	10	11	0
cg23195996	23	24	0
cg23195996	26	27	0
cg23195996	28	29	0
cg23195996	48	49	0
cg23195996	59	60	0
cg23195996	67	68	0
cg23197154	48	49	100
cg23281380	48	49	0
cg23302461	22	23	0
cg23302461	24	25	0
cg23318877	6	7	0
cg23318877	21	22	0
cg23318877	28	29	0
cg23318877	41	42	0
cg23318877	43	44	0
cg23318877	63	64	0
cg23318877	65	66	66.6666666666667
cg23384377	24	25	0
cg23384377	61	62	0
cg23384377	63	64	50
cg23423113	7	8	100
cg23425044	10	11	0
cg23425044	44	45	0
cg23425044	56	57	0
cg23425044	58	59	0
cg23425044	63	64	0
cg23425044	65	66	0
cg23449696	11	12	0
cg23449696	26	27	0
cg23449696	56	57	0
cg23449696	61	62	0
cg23449696	73	74	0
cg23449696	79	80	0
cg23496355	49	50	0
cg23582869	2	3	0
cg23582869	72	73	0
cg23626248	21	22	0
cg23626248	45	46	0
cg23626248	64	65	0
cg23626248	70	71	0
cg23626248	73	74	0
cg23630163	20	21	0
cg23630163	23	24	0
cg23630163	26	27	0
cg23630163	28	29	0
cg23630163	44	45	0
cg23630163	66	67	0
cg23643259	15	16	100
cg23644927	6	7	0
cg23644927	11	12	50
cg23644927	20	21	0
cg23644927	23	24	0
cg23644927	35	36	0
cg23644927	39	40	0
cg23644927	63	64	0
cg23644927	69	70	0
cg23677945	12	13	0
cg23677945	21	22	0
cg23677945	54	55	0
cg23677945	74	75	0
cg23678852	54	55	0
cg23678852	63	64	0
cg23683971	60	61	0
cg23734662	33	34	0
cg23743304	9	10	0
cg23746998	5	6	0
cg23746998	15	16	0
cg23746998	36	37	0
cg23758053	4	5	0
cg23758053	9	10	0
cg23758053	29	30	0
cg23758053	31	32	0
cg23758053	56	57	0
cg23758053	67	68	0
cg23758053	72	73	0
cg23767994	54	55	0
cg23767994	56	57	0
cg23767994	58	59	0
cg23767994	60	61	0
cg23767994	67	68	0
cg23767994	69	70	0
cg23778391	30	31	0
cg23778391	32	33	0
cg23778391	61	62	100
cg23793099	3	4	0
cg23793099	5	6	0
cg23793099	7	8	0
cg23793099	18	19	0
cg23793099	29	30	0
cg23793099	31	32	0
cg23793099	35	36	0
cg23793099	37	38	0
cg23793099	39	40	0
cg23793099	43	44	0
cg23793099	64	65	0
cg23797553	13	14	0
cg23797553	27	28	0
cg23797553	30	31	0
cg23797553	46	47	0
cg23797553	48	49	0
cg23797553	50	51	0
cg23797553	52	53	100
cg23797553	62	63	0
cg23797553	71	72	0
cg23797553	76	77	0
cg23829949	32	33	0
cg23829949	46	47	0
cg23829949	58	59	0
cg23829949	69	70	0
cg23845691	25	26	0
cg23865846	49	50	0
cg23865846	59	60	100
cg23869573	6	7	0
cg23869573	30	31	0
cg23869573	32	33	0
cg23869573	62	63	0
cg23895839	37	38	0
cg23934404	56	57	0
cg23934404	74	75	0
cg23977137	14	15	0
cg23977137	16	17	0
cg23977137	39	40	0
cg23977137	58	59	0
cg24018680	5	6	0
cg24018680	7	8	0
cg24018680	8	9	0
cg24018680	20	21	0
cg24018680	44	45	0
cg24018680	65	66	0
cg24018680	68	69	0
cg24023187	3	4	0
cg24023187	46	47	0
cg24082948	9	10	0
cg24113826	12	13	100
cg24113826	33	34	0
cg24113826	62	63	0
cg24117712	31	32	0
cg24117712	69	70	0
cg24178740	18	19	25
cg24178740	38	39	0
cg24178740	47	48	0
cg24178740	51	52	0
cg24178740	65	66	0
cg24181917	29	30	0
cg24186396	51	52	0
cg24186396	59	60	0
cg24240262	20	21	0
cg24261834	11	12	0
cg24261834	25	26	0
cg24261834	31	32	0
cg24261834	37	38	0
cg24261834	51	52	0
cg24261834	56	57	0
cg24265558	53	54	0
cg24265558	55	56	0
cg24265558	73	74	0
cg24265558	75	76	50
cg24265610	24	25	0
cg24265610	44	45	0
cg24265610	68	69	0
cg24352905	18	19	0
cg24352905	66	67	0
cg24385325	58	59	0
cg24444575	17	18	0
cg24444575	22	23	0
cg24444575	27	28	0
cg24444575	33	34	0
cg24444575	43	44	0
cg24444575	56	57	0
cg24444575	72	73	0
cg24444575	76	77	0
cg24444575	79	80	0
cg24458752	9	10	0
cg24458752	25	26	0
cg24533228	5	6	0
cg24533228	16	17	0
cg24533228	41	42	0
cg24533228	46	47	0
cg24533228	52	53	0
cg24533228	68	69	0
cg24587040	22	23	0
cg24596418	29	30	0
cg24596418	42	43	0
cg24596418	48	49	0
cg24596418	50	51	0
cg24596418	63	64	0
cg24596418	65	66	0
cg24642372	26	27	0
cg24642372	28	29	0
cg24642372	71	72	50
cg24653257	30	31	100
cg24653257	46	47	0
cg24686610	59	60	100
cg24707416	27	28	0
cg24707416	31	32	0
cg24707416	33	34	0
cg24707416	44	45	0
cg24713149	43	44	0
cg24717141	57	58	50
cg24717141	70	71	0
cg24724167	32	33	0
cg24724167	42	43	0
cg24724167	61	62	0
cg24746619	36	37	100
cg24782168	3	4	100
cg24782168	12	13	0
cg24782168	14	15	0
cg24782168	41	42	0
cg24782168	56	57	100
cg24799293	26	27	0
cg24799293	38	39	0
cg24799293	41	42	0
cg24799293	45	46	0
cg24799293	49	50	0
cg24799293	52	53	0
cg24822649	54	55	0
cg24822649	57	58	0
cg24855838	9	10	0
cg24855838	12	13	0
cg24855838	60	61	0
cg24855838	66	67	0
cg24879798	64	65	0
cg24879798	67	68	0
cg24900201	72	73	0
cg25001128	32	33	0
cg25034090	63	64	100
cg25048905	28	29	0
cg25048905	40	41	0
cg25048905	54	55	0
cg25048905	73	74	0
cg25048905	75	76	0
cg25061778	12	13	0
cg25061778	44	45	100
cg25061778	68	69	0
cg25061778	70	71	0
cg25073174	21	22	0
cg25073174	31	32	0
cg25073174	58	59	0
cg25073174	61	62	0
cg25087729	4	5	0
cg25087729	6	7	0
cg25087729	50	51	0
cg25087729	54	55	0
cg25087729	70	71	0
cg25091185	5	6	0
cg25091185	15	16	0
cg25148589	41	42	0
cg25148589	48	49	0
cg25148589	68	69	0
cg25150443	65	66	0
cg25165498	4	5	100
cg25165498	11	12	0
cg25165498	55	56	0
cg25165498	58	59	0
cg25199013	24	25	100
cg25199013	29	30	100
cg25209681	8	9	50
cg25209681	34	35	0
cg25209681	49	50	0
cg25211765	46	47	0
cg25226813	4	5	0
cg25226813	7	8	0
cg25235409	53	54	0
cg25244980	14	15	0
cg25244980	16	17	0
cg25244980	41	42	33.3333333333333
cg25244980	43	44	33.3333333333333
cg25244980	67	68	0
cg25248596	42	43	0
cg25322213	9	10	0
cg25322213	13	14	0
cg25322213	17	18	0
cg25322213	21	22	0
cg25322213	25	26	0
cg25322213	38	39	0
cg25322213	53	54	0
cg25327134	18	19	0
cg25327134	23	24	0
cg25327134	30	31	0
cg25327134	36	37	0
cg25327134	53	54	0
cg25327134	63	64	0
cg25339883	19	20	0
cg25339883	39	40	0
cg25339883	42	43	0
cg25339883	44	45	0
cg25339883	50	51	0
cg25339883	52	53	0
cg25339883	58	59	0
cg25339883	60	61	0
cg25394590	57	58	0
cg25394590	60	61	0
cg25398727	62	63	0
cg25400234	37	38	0
cg25400234	42	43	0
cg25402449	15	16	0
cg25402449	40	41	0
cg25402449	44	45	0
cg25480877	66	67	0
cg25502186	42	43	0
cg25502186	57	58	0
cg25502186	71	72	100
cg25581768	10	11	0
cg25581768	22	23	0
cg25581768	38	39	0
cg25581768	45	46	0
cg25581768	65	66	0
cg25581768	67	68	0
cg25581768	77	78	0
cg25642165	44	45	0
cg25642165	48	49	33.3333333333333
cg25642165	69	70	0
cg25693396	11	12	0
cg25693396	17	18	75
cg25693396	41	42	0
cg25693396	43	44	0
cg25693396	57	58	0
cg25693396	60	61	0
cg25732341	55	56	0
cg25732341	58	59	0
cg25732341	71	72	0
cg25743059	32	33	0
cg25743059	34	35	0
cg25743059	52	53	0
cg25743059	68	69	0
cg25764105	10	11	50
cg25764105	34	35	0
cg25764105	40	41	0
cg25768681	4	5	100
cg25768681	21	22	0
cg25768681	23	24	0
cg25768681	40	41	0
cg25768681	48	49	0
cg25768681	51	52	0
cg25768681	53	54	0
cg25768681	61	62	0
cg25773519	5	6	0
cg25773519	11	12	0
cg25773519	29	30	0
cg25773519	40	41	0
cg25773519	52	53	0
cg25831669	20	21	0
cg25831669	49	50	0
cg25831669	57	58	0
cg25831669	60	61	0
cg25857570	17	18	12.5
cg25857570	59	60	0
cg25878799	20	21	0
cg25927637	31	32	0
cg25957641	16	17	0
cg25957641	35	36	0
cg25957641	37	38	0
cg25957641	56	57	25
cg25957641	58	59	0
cg25974040	35	36	0
cg25974040	37	38	0
cg25974040	50	51	0
cg25974818	11	12	33.3333333333333
cg25974818	28	29	0
cg25974818	37	38	0
cg25974818	62	63	0
cg26062249	22	23	0
cg26062249	65	66	0
cg26109480	10	11	0
cg26109480	12	13	0
cg26109480	17	18	0
cg26154615	20	21	0
cg26154615	22	23	0
cg26154615	24	25	0
cg26154615	26	27	0
cg26154615	31	32	0
cg26154615	52	53	0
cg26154615	54	55	0
cg26154615	68	69	0
cg26154615	70	71	0
cg26154615	71	72	0
cg26154615	73	74	0
cg26155008	28	29	50
cg26155008	42	43	0
cg26186239	4	5	0
cg26186239	7	8	0
cg26186239	36	37	100
cg26192895	35	36	0
cg26192895	37	38	0
cg26230100	34	35	100
cg26255127	59	60	0
cg26258498	37	38	0
cg26258498	71	72	50
cg26286303	22	23	0
cg26286303	41	42	0
cg26286303	52	53	0
cg26286303	66	67	0
cg26291907	30	31	0
cg26291907	32	33	0
cg26291907	42	43	0
cg26291907	44	45	0
cg26306124	64	65	0
cg26312920	44	45	0
cg26312920	48	49	0
cg26312920	69	70	100
cg26313355	3	4	0
cg26313355	16	17	0
cg26313355	25	26	0
cg26313355	30	31	0
cg26313355	39	40	0
cg26313355	43	44	0
cg26313355	55	56	0
cg26313355	71	72	0
cg26352306	20	21	0
cg26352306	37	38	0
cg26352306	42	43	0
cg26352306	70	71	50
cg26393176	15	16	0
cg26411343	11	12	100
cg26411343	59	60	0
cg26438612	45	46	0
cg26452091	7	8	0
cg26452091	16	17	0
cg26452091	27	28	0
cg26452091	40	41	0
cg26480565	40	41	0
cg26480565	42	43	0
cg26491213	16	17	0
cg26491213	18	19	0
cg26491213	46	47	0
cg26491213	55	56	0
cg26507427	51	52	0
cg26507427	53	54	0
cg26507427	67	68	0
cg26512254	46	47	0
cg26520770	59	60	0
cg26530991	12	13	50
cg26530991	14	15	50
cg26556400	54	55	0
cg26581639	10	11	0
cg26581639	28	29	0
cg26603143	13	14	100
cg26603143	16	17	100
cg26603143	33	34	100
cg26603143	46	47	0
cg26603143	58	59	0
cg26631126	22	23	0
cg26631126	32	33	0
cg26631126	40	41	0
cg26631126	51	52	0
cg26631126	55	56	0
cg26644063	10	11	0
cg26644063	64	65	0
cg26690989	7	8	0
cg26690989	9	10	0
cg26690989	29	30	0
cg26690989	44	45	0
cg26690989	46	47	0
cg26690989	57	58	0
cg26690989	59	60	0
cg26718996	10	11	0
cg26718996	14	15	0
cg26718996	17	18	0
cg26718996	41	42	0
cg26718996	43	44	0
cg26718996	56	57	0
cg26718996	59	60	0
cg26718996	60	61	0
cg26718996	62	63	0
cg26776127	15	16	0
cg26776127	26	27	0
cg26776127	28	29	0
cg26776127	31	32	0
cg26776127	33	34	0
cg26776127	34	35	0
cg26776127	36	37	0
cg26776127	46	47	0
cg26776127	73	74	0
cg26776127	75	76	0
cg26776127	76	77	0
cg26834803	5	6	100
cg26834803	63	64	0
cg26844246	49	50	0
cg26844246	64	65	0
cg26844246	67	68	0
cg26845017	2	3	0
cg26845017	15	16	0
cg26845448	37	38	0
cg26845448	40	41	0
cg26845448	43	44	0
cg26927472	33	34	0
cg26962970	11	12	0
cg26962970	16	17	0
cg26962970	56	57	100
cg26973693	7	8	0
cg26973693	16	17	0
cg26973693	47	48	0
cg26973693	62	63	0
cg26973693	73	74	0
cg26984034	20	21	0
cg26984034	28	29	0
cg26984034	36	37	0
cg26984034	39	40	0
cg26984034	46	47	0
cg26984034	62	63	0
cg26984034	72	73	0
cg27037659	6	7	0
cg27037659	9	10	0
cg27037659	29	30	0
cg27061549	6	7	100
cg27061549	31	32	0
cg27061549	36	37	0
cg27101921	8	9	0
cg27101921	11	12	0
cg27101921	57	58	0
cg27101921	60	61	0
cg27121137	32	33	100
cg27121137	53	54	0
cg27121137	62	63	100
cg27121137	64	65	0
cg27121137	69	70	33.3333333333333
cg27146637	23	24	0
cg27149782	23	24	0
cg27149782	28	29	0
cg27149782	35	36	0
cg27149782	47	48	0
cg27149782	50	51	0
cg27149782	73	74	0
cg27159708	40	41	0
cg27159708	52	53	0
cg27196467	37	38	0
cg27201382	23	24	0
cg27201382	50	51	0
cg27213895	11	12	0
cg27213895	31	32	0
cg27213895	33	34	0
cg27230947	11	12	0
cg27230947	17	18	0
cg27230947	23	24	0
cg27230947	46	47	0
cg27230947	58	59	0
cg27257879	21	22	0
cg27257879	27	28	0
cg27294582	8	9	0
cg27294582	19	20	0
cg27294582	26	27	33.3333333333333
cg27294582	41	42	0
cg27294582	69	70	0
cg27323505	14	15	0
cg27323505	38	39	100
cg27323505	62	63	0
cg27323505	68	69	0
cg27344974	77	78	0
cg27365371	6	7	0
cg27365371	49	50	0
cg27365371	53	54	0
cg27365371	56	57	0
cg27365371	64	65	0
cg27425459	60	61	100
cg27455566	16	17	100
cg27496468	28	29	0
cg27496468	35	36	0
cg27590908	34	35	0
cg27590908	36	37	0
cg27605823	3	4	0
cg27605823	17	18	0
cg27605823	35	36	0
cg27605823	59	60	0
cg27605823	64	65	0
cg27626343	65	66	50
cg27706408	17	18	0
cg27706408	57	58	0
