track type=bedGraph
cg00008998	77	78	0
cg00027863	29	30	100
cg00027863	32	33	100
cg00029553	60	61	0
cg00138195	43	44	0
cg00138195	56	57	0
cg00138195	62	63	0
cg00138195	66	67	0
cg00138195	70	71	0
cg00138195	73	74	0
cg00158333	27	28	0
cg00200899	9	10	100
cg00200899	10	11	100
cg00200899	36	37	100
cg00362487	45	46	0
cg00362487	58	59	50
cg00370791	11	12	25
cg00370791	20	21	0
cg00370791	45	46	0
cg00389116	25	26	0
cg00393155	26	27	0
cg00523855	25	26	0
cg00523855	44	45	0
cg00546693	16	17	0
cg00546693	17	18	0
cg00546693	19	20	0
cg00546693	20	21	0
cg00546693	25	26	0
cg00546693	26	27	0
cg00546693	29	30	0
cg00546693	30	31	0
cg00546693	51	52	0
cg00546693	52	53	50
cg00595237	6	7	0
cg00611149	12	13	0
cg00611149	20	21	0
cg00745868	5	6	0
cg00745868	13	14	0
cg00745868	34	35	100
cg00745868	69	70	0
cg00745868	72	73	0
cg00777340	12	13	100
cg00777340	44	45	100
cg00820579	29	30	0
cg00820579	30	31	0
cg00842325	31	32	0
cg00842325	50	51	0
cg00842325	71	72	0
cg00860838	1	2	0
cg00860838	3	4	0
cg00860838	11	12	0
cg00860838	14	15	0
cg00860838	44	45	0
cg00906973	60	61	100
cg00906973	66	67	0
cg00987824	13	14	50
cg00987824	20	21	0
cg00987824	21	22	0
cg00987824	29	30	0
cg00987824	30	31	0
cg00992842	10	11	0
cg00992842	62	63	0
cg01005773	56	57	0
cg01008025	27	28	0
cg01008025	29	30	0
cg01008025	63	64	0
cg01008025	70	71	0
cg01008025	72	73	0
cg01049141	15	16	0
cg01049141	26	27	0
cg01049141	53	54	0
cg01049455	1	2	0
cg01049455	7	8	0
cg01049455	49	50	0
cg01099625	64	65	50
cg01134518	5	6	100
cg01134518	17	18	0
cg01134518	19	20	100
cg01134518	29	30	0
cg01134518	68	69	0
cg01145031	5	6	100
cg01145031	29	30	100
cg01161204	30	31	0
cg01187271	50	51	33.3333333333333
cg01187271	51	52	0
cg01227361	30	31	0
cg01272334	30	31	50
cg01429507	43	44	50
cg01562774	45	46	0
cg01562774	48	49	0
cg01562774	75	76	0
cg01594757	10	11	50
cg01594757	28	29	0
cg01603001	54	55	0
cg01603001	55	56	0
cg01603001	56	57	0
cg01603001	57	58	0
cg01603001	58	59	0
cg01603001	59	60	50
cg01603001	63	64	0
cg01603001	64	65	50
cg01603001	67	68	33.3333333333333
cg01603001	68	69	0
cg01657263	9	10	100
cg01676370	57	58	0
cg01733991	52	53	0
cg01831882	2	3	0
cg01831882	4	5	0
cg01831882	30	31	0
cg01831882	53	54	0
cg01831882	56	57	0
cg01831882	58	59	0
cg01846532	57	58	0
cg01846532	69	70	0
cg01856529	33	34	0
cg01881437	10	11	100
cg01881437	11	12	16.6666666666667
cg01881437	23	24	100
cg01881437	24	25	0
cg01883716	65	66	0
cg01901522	30	31	0
cg01915021	29	30	0
cg01935699	12	13	0
cg01992907	28	29	0
cg02000659	77	78	0
cg02023768	15	16	0
cg02153665	29	30	100
cg02153665	30	31	0
cg02161890	61	62	0
cg02221888	5	6	0
cg02231349	29	30	0
cg02231349	38	39	0
cg02244090	28	29	0
cg02246955	12	13	0
cg02246955	54	55	50
cg02247164	6	7	0
cg02247164	51	52	0
cg02320179	3	4	0
cg02320179	5	6	0
cg02320179	7	8	0
cg02320179	13	14	0
cg02320179	16	17	0
cg02320179	22	23	9.09090909090909
cg02320179	26	27	9.09090909090909
cg02320179	28	29	0
cg02320179	58	59	0
cg02352577	61	62	0
cg02379880	13	14	0
cg02386994	7	8	0
cg02389125	24	25	100
cg02389125	30	31	0
cg02400551	47	48	50
cg02427264	10	11	100
cg02455094	15	16	0
cg02540142	73	74	0
cg02540142	74	75	0
cg02554345	23	24	0
cg02554923	3	4	0
cg02554923	40	41	100
cg02554923	41	42	0
cg02593513	59	60	0
cg02593513	67	68	0
cg02593513	68	69	0
cg02593513	69	70	0
cg02593513	70	71	0
cg02602455	46	47	25
cg02602455	76	77	25
cg02676375	9	10	0
cg02676375	24	25	0
cg02676375	25	26	0
cg02676375	27	28	0
cg02676375	28	29	0
cg02676375	45	46	0
cg02676375	60	61	0
cg02690638	49	50	0
cg02697105	6	7	100
cg02697105	21	22	16.6666666666667
cg02714609	53	54	0
cg02737031	11	12	0
cg02762509	15	16	0
cg02762509	16	17	0
cg02762509	21	22	0
cg02762509	22	23	0
cg02762509	49	50	0
cg02762509	50	51	100
cg02762509	55	56	0
cg02762509	56	57	0
cg02762509	69	70	0
cg02805342	27	28	0
cg02865946	21	22	0
cg02865946	29	30	0
cg02865946	37	38	0
cg02865946	50	51	0
cg02865946	68	69	0
cg02873524	16	17	0
cg02873524	19	20	0
cg02873524	27	28	0
cg02873524	48	49	0
cg02873524	65	66	33.3333333333333
cg02873524	68	69	0
cg02873524	70	71	0
cg02894112	44	45	0
cg02894112	45	46	0
cg02894112	47	48	0
cg02894112	48	49	0
cg02894112	68	69	0
cg02894112	73	74	0
cg02895393	19	20	25
cg02895393	20	21	0
cg02905739	3	4	0
cg02905739	54	55	0
cg02926165	12	13	0
cg02926165	66	67	0
cg02926165	75	76	0
cg02928435	42	43	0
cg02932095	10	11	0
cg02932095	19	20	0
cg02932095	23	24	0
cg02951552	61	62	0
cg02951552	64	65	0
cg02968414	60	61	0
cg02968414	64	65	0
cg03064169	25	26	0
cg03077729	75	76	0
cg03133310	48	49	0
cg03144020	26	27	33.3333333333333
cg03144020	27	28	0
cg03144020	44	45	0
cg03144020	45	46	0
cg03187378	39	40	0
cg03187378	45	46	0
cg03187378	56	57	0
cg03187378	61	62	0
cg03187378	72	73	0
cg03187378	74	75	0
cg03196097	56	57	0
cg03196097	64	65	0
cg03214411	21	22	0
cg03260249	43	44	0
cg03260249	64	65	0
cg03260249	67	68	0
cg03260249	71	72	0
cg03350186	11	12	0
cg03350186	15	16	0
cg03350186	21	22	0
cg03350186	24	25	0
cg03350186	68	69	0
cg03469153	5	6	0
cg03469153	6	7	100
cg03469153	7	8	0
cg03469153	8	9	0
cg03469153	15	16	0
cg03469153	16	17	0
cg03469153	70	71	0
cg03536788	38	39	0
cg03557129	34	35	0
cg03557129	51	52	0
cg03557129	53	54	20
cg03557129	63	64	0
cg03557129	65	66	0
cg03564053	56	57	0
cg03582041	3	4	0
cg03582041	33	34	0
cg03597491	73	74	0
cg03597491	74	75	0
cg03603997	8	9	100
cg03603997	54	55	0
cg03639871	78	79	0
cg03646571	22	23	100
cg03676512	5	6	0
cg03686643	38	39	0
cg03686643	42	43	0
cg03686643	69	70	0
cg03697136	77	78	0
cg03837769	40	41	0
cg03843323	29	30	0
cg03847707	26	27	0
cg03880910	26	27	0
cg03880910	34	35	0
cg03904814	44	45	0
cg03909395	51	52	0
cg03938432	12	13	0
cg03938432	14	15	0
cg03938432	58	59	0
cg03957108	23	24	0
cg03957108	33	34	100
cg03957108	34	35	0
cg03957964	10	11	0
cg03957964	29	30	0
cg03957964	33	34	0
cg03957964	61	62	0
cg03960951	52	53	0
cg03960951	57	58	0
cg03960951	62	63	0
cg03972287	11	12	0
cg03972287	68	69	0
cg04010581	17	18	0
cg04016956	30	31	100
cg04016956	62	63	0
cg04016956	63	64	0
cg04025518	42	43	100
cg04025518	66	67	100
cg04071434	32	33	50
cg04071434	39	40	33.3333333333333
cg04071434	62	63	0
cg04087693	50	51	0
cg04124389	24	25	0
cg04124389	30	31	0
cg04124389	42	43	0
cg04245317	18	19	0
cg04281230	29	30	0
cg04449703	51	52	25
cg04477010	30	31	0
cg04477010	35	36	0
cg04477010	38	39	0
cg04477010	65	66	0
cg04504700	1	2	0
cg04504700	26	27	0
cg04504700	31	32	0
cg04504700	38	39	0
cg04504700	51	52	0
cg04504700	65	66	0
cg04556126	22	23	100
cg04556126	27	28	100
cg04583031	20	21	0
cg04583031	27	28	0
cg04583031	34	35	0
cg04583031	62	63	0
cg04583031	67	68	0
cg04583031	69	70	0
cg04585419	16	17	0
cg04585419	49	50	0
cg04627377	22	23	100
cg04627377	23	24	0
cg04627377	44	45	100
cg04627377	45	46	0
cg04627479	57	58	0
cg04638311	55	56	0
cg04638311	73	74	100
cg04691337	55	56	0
cg04735310	28	29	0
cg04735310	49	50	0
cg04735310	50	51	0
cg04759874	11	12	0
cg04759874	19	20	0
cg04759874	20	21	0
cg04759874	68	69	0
cg04769815	12	13	0
cg04802182	29	30	0
cg04863645	63	64	0
cg04891368	60	61	0
cg04956792	5	6	0
cg05097610	72	73	0
cg05119060	9	10	0
cg05119060	13	14	0
cg05119060	15	16	0
cg05119060	45	46	0
cg05119060	72	73	100
cg05119060	74	75	100
cg05121253	30	31	0
cg05124292	21	22	0
cg05124292	22	23	0
cg05124292	29	30	0
cg05124292	30	31	0
cg05173279	41	42	0
cg05173279	42	43	0
cg05173279	56	57	0
cg05173279	57	58	0
cg05173279	64	65	25
cg05173279	73	74	33.3333333333333
cg05194810	6	7	100
cg05194810	52	53	0
cg05194810	53	54	0
cg05194810	57	58	0
cg05275337	29	30	0
cg05308374	50	51	0
cg05359706	18	19	0
cg05372644	30	31	33.3333333333333
cg05372644	50	51	100
cg05372644	56	57	0
cg05396320	59	60	0
cg05399218	50	51	0
cg05406154	12	13	0
cg05406154	18	19	0
cg05406154	19	20	0
cg05406154	22	23	0
cg05406154	23	24	0
cg05406154	26	27	0
cg05406154	27	28	0
cg05406154	29	30	0
cg05406154	30	31	0
cg05406154	36	37	0
cg05406154	37	38	25
cg05406154	44	45	0
cg05406154	45	46	0
cg05433039	21	22	100
cg05433039	25	26	0
cg05433039	53	54	100
cg05473648	20	21	0
cg05506365	21	22	0
cg05506365	22	23	0
cg05506365	23	24	0
cg05506365	24	25	0
cg05506365	41	42	0
cg05506365	42	43	0
cg05506365	44	45	0
cg05506365	45	46	0
cg05506365	54	55	0
cg05533382	24	25	100
cg05533382	29	30	100
cg05533382	30	31	0
cg05546219	9	10	0
cg05562063	50	51	0
cg05641937	10	11	100
cg05641937	68	69	0
cg05642042	30	31	33.3333333333333
cg05706365	21	22	0
cg05706365	30	31	0
cg05817477	51	52	0
cg05817477	73	74	100
cg05817477	78	79	0
cg05821475	51	52	50
cg05821475	56	57	0
cg05821475	60	61	0
cg05821475	62	63	0
cg05847336	24	25	0
cg05847336	29	30	0
cg05847336	30	31	100
cg05847336	39	40	0
cg05847336	40	41	0
cg05847336	47	48	100
cg05847336	48	49	100
cg05879189	19	20	0
cg05884078	26	27	100
cg05884078	29	30	0
cg05907933	30	31	0
cg05907933	40	41	0
cg05913350	12	13	0
cg05913350	60	61	0
cg05928030	60	61	0
cg05977669	54	55	0
cg05977669	68	69	0
cg05977669	71	72	0
cg06023028	27	28	33.3333333333333
cg06023028	51	52	50
cg06037672	16	17	0
cg06037672	51	52	0
cg06037672	52	53	0
cg06037672	60	61	0
cg06037672	61	62	0
cg06037672	62	63	0
cg06037672	63	64	0
cg06037672	73	74	0
cg06113157	14	15	0
cg06113157	15	16	0
cg06113157	24	25	0
cg06115225	4	5	0
cg06115225	18	19	0
cg06115225	19	20	0
cg06115225	43	44	0
cg06115225	44	45	0
cg06115225	52	53	0
cg06115225	55	56	0
cg06132693	39	40	0
cg06132693	67	68	0
cg06132693	71	72	0
cg06132693	77	78	0
cg06206751	18	19	0
cg06242145	54	55	0
cg06245691	14	15	0
cg06292880	8	9	0
cg06292880	12	13	0
cg06343950	5	6	0
cg06343950	22	23	0
cg06343950	36	37	0
cg06343950	45	46	0
cg06343950	48	49	0
cg06360155	34	35	0
cg06360155	35	36	0
cg06363517	52	53	33.3333333333333
cg06363517	69	70	0
cg06412376	29	30	0
cg06412376	37	38	0
cg06414149	12	13	0
cg06414149	13	14	0
cg06414149	29	30	0
cg06414149	30	31	0
cg06414149	37	38	0
cg06414149	38	39	0
cg06414149	63	64	0
cg06414149	64	65	0
cg06520369	47	48	0
cg06550953	31	32	0
cg06569016	23	24	0
cg06569016	48	49	33.3333333333333
cg06569016	54	55	0
cg06569016	63	64	0
cg06569016	64	65	0
cg06610975	30	31	0
cg06610975	38	39	0
cg06736685	28	29	0
cg06736685	63	64	0
cg06762071	5	6	100
cg06762071	6	7	25
cg06762071	13	14	0
cg06762071	19	20	0
cg06762071	20	21	0
cg06762071	28	29	0
cg06762071	29	30	0
cg06762071	49	50	0
cg06762071	50	51	0
cg06778417	6	7	50
cg06812724	15	16	0
cg06821075	11	12	0
cg06821075	66	67	0
cg06837246	26	27	100
cg06839075	14	15	100
cg06839075	15	16	0
cg06839075	47	48	0
cg06878766	50	51	0
cg06878766	56	57	0
cg06878766	72	73	0
cg06944510	2	3	0
cg06944510	5	6	0
cg06944510	25	26	0
cg06944510	30	31	0
cg06944510	49	50	16.6666666666667
cg07005811	54	55	0
cg07026794	9	10	0
cg07026794	21	22	0
cg07026794	53	54	0
cg07031988	30	31	0
cg07071132	11	12	0
cg07071132	27	28	100
cg07094804	42	43	0
cg07104706	15	16	100
cg07116727	18	19	100
cg07151295	24	25	0
cg07206761	57	58	100
cg07232817	69	70	0
cg07254032	7	8	100
cg07254032	8	9	0
cg07254032	30	31	0
cg07300517	29	30	0
cg07300517	34	35	0
cg07300517	71	72	0
cg07322285	49	50	0
cg07322285	72	73	100
cg07322285	73	74	0
cg07322285	74	75	0
cg07332354	74	75	0
cg07336259	10	11	0
cg07336259	22	23	0
cg07336259	28	29	0
cg07336259	49	50	0
cg07336259	50	51	0
cg07373698	76	77	0
cg07373698	79	80	0
cg07383477	64	65	100
cg07404009	64	65	33.3333333333333
cg07423797	12	13	0
cg07423797	48	49	0
cg07423797	49	50	66.6666666666667
cg07423797	61	62	75
cg07493173	16	17	0
cg07517669	36	37	0
cg07517669	39	40	100
cg07588415	8	9	0
cg07588415	44	45	0
cg07588415	55	56	0
cg07588415	58	59	0
cg07588415	59	60	0
cg07610132	54	55	0
cg07610132	66	67	0
cg07625659	15	16	0
cg07629125	66	67	0
cg07648871	18	19	0
cg07648871	34	35	0
cg07648871	39	40	0
cg07648871	50	51	0
cg07648871	52	53	0
cg07648871	54	55	0
cg07648871	56	57	0
cg07648871	60	61	0
cg07648871	71	72	0
cg07676047	30	31	0
cg07685795	48	49	100
cg07704742	40	41	100
cg07795407	29	30	0
cg07893689	16	17	0
cg07933997	14	15	0
cg07940754	29	30	0
cg07940754	65	66	0
cg07990641	30	31	0
cg07990641	32	33	0
cg07990641	38	39	0
cg08005992	32	33	0
cg08005992	51	52	0
cg08013479	58	59	0
cg08060524	12	13	0
cg08071998	4	5	0
cg08071998	5	6	0
cg08071998	22	23	0
cg08071998	51	52	0
cg08074329	49	50	0
cg08152447	21	22	0
cg08152447	30	31	0
cg08152447	33	34	0
cg08152447	55	56	0
cg08215774	11	12	0
cg08215774	25	26	0
cg08215774	29	30	0
cg08215774	55	56	0
cg08215774	61	62	0
cg08215774	65	66	0
cg08271353	30	31	0
cg08285141	40	41	0
cg08285141	41	42	0
cg08285141	54	55	0
cg08285141	55	56	0
cg08285141	71	72	0
cg08372705	7	8	0
cg08372705	8	9	0
cg08395267	15	16	0
cg08395267	22	23	0
cg08395267	28	29	0
cg08395267	53	54	0
cg08395267	55	56	0
cg08395267	59	60	0
cg08395267	68	69	0
cg08454381	61	62	50
cg08454381	77	78	100
cg08519469	22	23	50
cg08519469	23	24	0
cg08563010	74	75	0
cg08566450	30	31	0
cg08588194	58	59	0
cg08588194	72	73	0
cg08629602	8	9	0
cg08629602	18	19	0
cg08629602	24	25	0
cg08629602	28	29	0
cg08629602	30	31	0
cg08629602	53	54	0
cg08662919	29	30	0
cg08662919	52	53	100
cg08731364	54	55	0
cg08766215	5	6	0
cg08766215	8	9	0
cg08766215	12	13	0
cg08766215	58	59	0
cg08811838	5	6	0
cg08811838	8	9	0
cg08811838	22	23	0
cg08811838	36	37	0
cg08854986	22	23	0
cg08854986	29	30	0
cg08854986	70	71	0
cg08854986	72	73	0
cg08855194	59	60	0
cg08888677	14	15	0
cg08888677	35	36	0
cg08888677	45	46	0
cg08921975	20	21	0
cg08921975	21	22	0
cg08921975	22	23	0
cg08921975	23	24	0
cg08924167	23	24	0
cg08924167	24	25	100
cg08924167	29	30	100
cg08938156	58	59	0
cg08987848	77	78	0
cg09026530	44	45	0
cg09071556	30	31	0
cg09072617	11	12	0
cg09093115	10	11	100
cg09093115	55	56	0
cg09093115	67	68	0
cg09093115	73	74	0
cg09097835	68	69	0
cg09102690	20	21	0
cg09102690	21	22	0
cg09103452	9	10	0
cg09103452	46	47	0
cg09103452	74	75	0
cg09105275	5	6	0
cg09105275	6	7	100
cg09113585	14	15	0
cg09113585	51	52	0
cg09141122	32	33	100
cg09141122	33	34	0
cg09141122	65	66	33.3333333333333
cg09141122	66	67	0
cg09141122	75	76	0
cg09207493	18	19	0
cg09207493	22	23	0
cg09207493	23	24	0
cg09207493	24	25	100
cg09207493	25	26	33.3333333333333
cg09207493	54	55	0
cg09228164	19	20	0
cg09228164	20	21	100
cg09228164	36	37	100
cg09228164	37	38	0
cg09238852	53	54	0
cg09238852	54	55	0
cg09238852	69	70	0
cg09244212	44	45	0
cg09244212	63	64	0
cg09244212	68	69	0
cg09244212	70	71	0
cg09252678	10	11	0
cg09280663	22	23	0
cg09280663	50	51	0
cg09280663	58	59	0
cg09280663	70	71	0
cg09280663	78	79	0
cg09283583	28	29	0
cg09289224	38	39	0
cg09300249	54	55	0
cg09313308	31	32	0
cg09317554	5	6	0
cg09367901	19	20	0
cg09367901	48	49	0
cg09367901	49	50	33.3333333333333
cg09367901	50	51	0
cg09367901	51	52	0
cg09392026	69	70	0
cg09399982	43	44	0
cg09399982	47	48	0
cg09452015	53	54	100
cg09461098	39	40	0
cg09461098	40	41	0
cg09461098	49	50	0
cg09461098	50	51	0
cg09559229	34	35	0
cg09559229	42	43	0
cg09559229	70	71	33.3333333333333
cg09578221	16	17	0
cg09578221	17	18	0
cg09578221	24	25	0
cg09578221	25	26	0
cg09578221	26	27	0
cg09578221	27	28	0
cg09578221	29	30	0
cg09578221	30	31	0
cg09578221	40	41	0
cg09578221	58	59	0
cg09579869	50	51	100
cg09606853	42	43	0
cg09646359	7	8	0
cg09647169	30	31	0
cg09661809	23	24	0
cg09661809	25	26	0
cg09661809	28	29	0
cg09706122	18	19	0
cg09706122	26	27	0
cg09706122	30	31	0
cg09706122	33	34	0
cg09706122	59	60	0
cg09706122	71	72	0
cg09731012	29	30	0
cg09782540	19	20	100
cg09789765	3	4	0
cg09789765	4	5	0
cg09789765	21	22	0
cg09789765	22	23	0
cg09816507	13	14	0
cg09816507	29	30	50
cg09817553	8	9	0
cg09817553	30	31	0
cg09817553	45	46	0
cg09841954	67	68	0
cg09841958	5	6	0
cg09841958	31	32	0
cg09841958	36	37	0
cg09841958	37	38	0
cg09879356	38	39	0
cg09899564	19	20	0
cg09899564	59	60	0
cg09962606	22	23	100
cg09962606	23	24	50
cg09962606	58	59	0
cg09977861	18	19	100
cg09977861	31	32	100
cg09977861	65	66	0
cg09977861	66	67	0
cg09985350	26	27	0
cg09985753	53	54	0
cg10040493	21	22	0
cg10040493	24	25	0
cg10040493	38	39	0
cg10064809	48	49	50
cg10064809	71	72	0
cg10104432	29	30	0
cg10118204	73	74	0
cg10131194	18	19	0
cg10235290	72	73	100
cg10287351	77	78	100
cg10289720	9	10	0
cg10289720	32	33	0
cg10289720	35	36	0
cg10289720	37	38	0
cg10289720	56	57	0
cg10289720	70	71	0
cg10289720	72	73	0
cg10342649	72	73	100
cg10392713	23	24	0
cg10392713	24	25	0
cg10392713	62	63	100
cg10392713	65	66	0
cg10392713	66	67	100
cg10392713	76	77	0
cg10414374	6	7	100
cg10427592	12	13	100
cg10427592	13	14	50
cg10427592	20	21	100
cg10427592	21	22	0
cg10427592	29	30	0
cg10427592	47	48	100
cg10427592	50	51	100
cg10427592	60	61	100
cg10437271	22	23	0
cg10437271	27	28	100
cg10437271	58	59	0
cg10441680	57	58	0
cg10491556	30	31	0
cg10491556	37	38	0
cg10503757	78	79	0
cg10604668	2	3	0
cg10604668	72	73	0
cg10620475	54	55	0
cg10620475	55	56	0
cg10620475	67	68	0
cg10624665	11	12	50
cg10624665	51	52	0
cg10624665	57	58	0
cg10624665	60	61	0
cg10624665	69	70	0
cg10624665	72	73	0
cg10624665	74	75	0
cg10643442	30	31	0
cg10644072	65	66	0
cg10680513	29	30	0
cg10709038	65	66	0
cg10774906	29	30	0
cg10779098	25	26	0
cg10779098	36	37	16.6666666666667
cg10779098	78	79	100
cg10918079	23	24	0
cg11000391	9	10	0
cg11000391	20	21	0
cg11058785	10	11	0
cg11058785	63	64	0
cg11066411	26	27	0
cg11066411	46	47	0
cg11066411	47	48	0
cg11105656	19	20	0
cg11105656	29	30	0
cg11105656	30	31	0
cg11105656	44	45	0
cg11105656	62	63	50
cg11105656	68	69	33.3333333333333
cg11142389	60	61	0
cg11156486	2	3	0
cg11156486	3	4	0
cg11167025	49	50	0
cg11201611	3	4	100
cg11201611	4	5	0
cg11201611	5	6	100
cg11201611	6	7	0
cg11201611	19	20	0
cg11201611	48	49	0
cg11201611	53	54	0
cg11214667	37	38	0
cg11266260	23	24	0
cg11279021	24	25	0
cg11290305	19	20	0
cg11290305	52	53	0
cg11290305	53	54	0
cg11319388	30	31	0
cg11346223	40	41	0
cg11352219	30	31	0
cg11411958	60	61	100
cg11465136	29	30	0
cg11465136	30	31	0
cg11525285	74	75	0
cg11551173	45	46	100
cg11584091	3	4	0
cg11584091	19	20	0
cg11584091	61	62	0
cg11584091	62	63	0
cg11647274	8	9	0
cg11647274	9	10	100
cg11647274	32	33	100
cg11666770	9	10	0
cg11666770	20	21	0
cg11666770	22	23	0
cg11666770	24	25	0
cg11666770	27	28	0
cg11666770	44	45	0
cg11666770	45	46	0
cg11666770	49	50	0
cg11666770	50	51	0
cg11666770	54	55	0
cg11666770	58	59	0
cg11666770	63	64	0
cg11672180	17	18	0
cg11690941	29	30	0
cg11690941	30	31	0
cg11700079	19	20	100
cg11700079	22	23	0
cg11700079	26	27	0
cg11700079	46	47	0
cg11700079	50	51	0
cg11700079	51	52	0
cg11700079	52	53	0
cg11758048	30	31	0
cg11758048	40	41	14.2857142857143
cg11758048	61	62	0
cg11792642	36	37	0
cg11792642	41	42	0
cg11818729	28	29	0
cg11827910	29	30	0
cg11827910	34	35	0
cg11827910	41	42	50
cg11827910	73	74	0
cg11848212	3	4	100
cg11875079	77	78	0
cg11879601	53	54	100
cg11879601	54	55	0
cg11879601	67	68	0
cg11879601	68	69	0
cg11905658	11	12	0
cg11908885	6	7	0
cg11908885	18	19	0
cg11908885	35	36	0
cg11908885	44	45	0
cg11908885	47	48	0
cg11908885	69	70	0
cg11926564	76	77	0
cg11939159	4	5	0
cg12053353	78	79	100
cg12056279	31	32	0
cg12056279	33	34	0
cg12063651	30	31	100
cg12063651	32	33	100
cg12145907	14	15	0
cg12145907	21	22	0
cg12187762	59	60	0
cg12187762	67	68	0
cg12187762	68	69	0
cg12204620	29	30	0
cg12204620	30	31	0
cg12241489	29	30	0
cg12306961	35	36	0
cg12309991	5	6	0
cg12309991	24	25	0
cg12309991	30	31	0
cg12311671	14	15	0
cg12338604	28	29	0
cg12428624	29	30	0
cg12428624	30	31	0
cg12553580	21	22	50
cg12553580	36	37	0
cg12553580	37	38	0
cg12572894	38	39	0
cg12593479	16	17	100
cg12600648	30	31	0
cg12600648	56	57	0
cg12600648	57	58	100
cg12646064	58	59	0
cg12649001	15	16	0
cg12649001	29	30	0
cg12649001	30	31	0
cg12649001	47	48	0
cg12649001	53	54	0
cg12741020	4	5	0
cg12741020	6	7	0
cg12774174	14	15	0
cg12774174	20	21	0
cg12780461	8	9	0
cg12797828	8	9	0
cg12797828	18	19	0
cg12798259	29	30	0
cg12798259	59	60	0
cg12798259	73	74	0
cg12841266	14	15	0
cg12841266	18	19	0
cg12841266	21	22	0
cg12841266	32	33	0
cg12841266	36	37	0
cg12841266	45	46	0
cg12841266	72	73	0
cg12856514	29	30	66.6666666666667
cg12856514	53	54	66.6666666666667
cg12856514	74	75	0
cg12879445	3	4	0
cg12879445	4	5	0
cg12879445	24	25	0
cg12879445	25	26	0
cg12899502	45	46	0
cg12899502	52	53	0
cg12927674	23	24	50
cg12927674	24	25	0
cg12935350	16	17	100
cg12935350	29	30	100
cg12935350	34	35	100
cg12959926	7	8	0
cg12959926	16	17	0
cg12959926	52	53	0
cg12959926	53	54	0
cg12959926	60	61	0
cg12959926	75	76	0
cg12981876	9	10	0
cg12981876	47	48	50
cg12981876	66	67	0
cg12986671	13	14	100
cg12986671	14	15	0
cg12986671	17	18	100
cg12986671	18	19	0
cg12986671	76	77	0
cg13011653	67	68	100
cg13029792	29	30	0
cg13107977	66	67	100
cg13143654	6	7	0
cg13143654	75	76	0
cg13151303	16	17	0
cg13151303	17	18	0
cg13151303	62	63	0
cg13151947	41	42	0
cg13151947	44	45	0
cg13153497	12	13	0
cg13153497	13	14	0
cg13153497	36	37	0
cg13153497	37	38	0
cg13153497	49	50	0
cg13153497	50	51	0
cg13153497	58	59	0
cg13165311	29	30	0
cg13181002	5	6	0
cg13181002	76	77	0
cg13192313	29	30	0
cg13192313	49	50	50
cg13194536	21	22	33.3333333333333
cg13194536	53	54	33.3333333333333
cg13228882	7	8	0
cg13228882	28	29	0
cg13228882	66	67	0
cg13366102	77	78	100
cg13459593	69	70	0
cg13459593	72	73	0
cg13459593	75	76	100
cg13486820	1	2	0
cg13487071	29	30	0
cg13604683	30	31	0
cg13694139	19	20	100
cg13694139	35	36	100
cg13694139	49	50	100
cg13702567	30	31	0
cg13753818	44	45	0
cg13753818	64	65	0
cg13821797	4	5	0
cg13834844	29	30	0
cg13834844	36	37	0
cg13834844	38	39	0
cg13834844	49	50	0
cg13834844	52	53	0
cg13837730	29	30	0
cg13848598	7	8	0
cg13848598	56	57	0
cg13848598	60	61	0
cg13901789	23	24	0
cg14001847	11	12	100
cg14001847	24	25	100
cg14005972	45	46	0
cg14012997	72	73	0
cg14012997	74	75	0
cg14019317	23	24	0
cg14043264	54	55	0
cg14160701	45	46	0
cg14244296	19	20	0
cg14297772	46	47	100
cg14297772	47	48	0
cg14297772	48	49	0
cg14299268	59	60	100
cg14306227	6	7	0
cg14311946	60	61	0
cg14333709	54	55	0
cg14333709	75	76	0
cg14334315	71	72	100
cg14361875	30	31	0
cg14415958	13	14	0
cg14415958	41	42	0
cg14415958	46	47	0
cg14415958	52	53	0
cg14415958	60	61	0
cg14444723	29	30	100
cg14444723	38	39	100
cg14444723	66	67	100
cg14467787	27	28	100
cg14467787	31	32	0
cg14503550	24	25	0
cg14503550	53	54	0
cg14503550	62	63	0
cg14503550	72	73	0
cg14518260	29	30	0
cg14525247	2	3	100
cg14525247	44	45	0
cg14550267	58	59	0
cg14676415	12	13	100
cg14702498	21	22	0
cg14702498	29	30	33.3333333333333
cg14702498	31	32	33.3333333333333
cg14702498	78	79	0
cg14715530	42	43	0
cg14715530	43	44	50
cg14715530	60	61	0
cg14715530	61	62	100
cg14728698	13	14	100
cg14778330	13	14	0
cg14778330	19	20	0
cg14778330	20	21	0
cg14783231	68	69	0
cg14788180	20	21	0
cg14815482	66	67	0
cg14815482	69	70	0
cg14824014	54	55	0
cg14844451	3	4	100
cg14880272	25	26	0
cg14880272	47	48	0
cg14880272	52	53	0
cg14880272	54	55	0
cg14880272	59	60	0
cg14880272	66	67	0
cg14890920	39	40	0
cg14940505	14	15	0
cg14940505	15	16	0
cg14940505	30	31	0
cg14940505	32	33	0
cg14940505	33	34	0
cg14940505	36	37	0
cg14940505	55	56	0
cg14977462	29	30	60
cg14977462	67	68	0
cg14991487	18	19	100
cg14991487	19	20	0
cg14991487	20	21	50
cg14991487	21	22	0
cg14991487	22	23	0
cg14991487	23	24	0
cg14991487	30	31	0
cg14991487	51	52	0
cg14991487	67	68	0
cg15012446	61	62	0
cg15028045	29	30	0
cg15043841	18	19	0
cg15043841	24	25	0
cg15043841	25	26	0
cg15073168	13	14	33.3333333333333
cg15073168	17	18	0
cg15075184	39	40	100
cg15099692	29	30	0
cg15166827	12	13	0
cg15166827	29	30	0
cg15166827	30	31	0
cg15189202	74	75	0
cg15214658	50	51	0
cg15219744	59	60	0
cg15234261	54	55	0
cg15234261	55	56	0
cg15234261	60	61	0
cg15234261	61	62	0
cg15262576	21	22	0
cg15516833	59	60	100
cg15566115	29	30	0
cg15566115	37	38	0
cg15566115	44	45	0
cg15597792	7	8	0
cg15597792	8	9	0
cg15597792	28	29	33.3333333333333
cg15597792	29	30	0
cg15597792	55	56	0
cg15597792	56	57	75
cg15608939	56	57	0
cg15608939	57	58	0
cg15639204	19	20	0
cg15639204	20	21	0
cg15639204	69	70	100
cg15658912	30	31	0
cg15658912	35	36	0
cg15682828	13	14	0
cg15682828	67	68	0
cg15682828	68	69	0
cg15682828	73	74	0
cg15682828	74	75	0
cg15693666	55	56	100
cg15693666	74	75	0
cg15723222	63	64	0
cg15723222	71	72	0
cg15726426	28	29	0
cg15726426	29	30	0
cg15726426	45	46	0
cg15726426	46	47	0
cg15726426	55	56	0
cg15726426	56	57	0
cg15726426	68	69	0
cg15726426	76	77	100
cg15741341	7	8	0
cg15741341	45	46	0
cg15741341	46	47	0
cg15788732	30	31	100
cg15823859	2	3	0
cg15823859	13	14	100
cg15846956	27	28	0
cg15903069	28	29	0
cg15903069	29	30	25
cg15913680	17	18	0
cg15913680	39	40	28.5714285714286
cg15913680	64	65	0
cg15913680	68	69	0
cg15913680	73	74	0
cg15913680	76	77	0
cg15952296	8	9	100
cg15988120	22	23	100
cg15988120	46	47	0
cg16046465	10	11	0
cg16046465	11	12	0
cg16046465	32	33	0
cg16046465	33	34	0
cg16046465	34	35	0
cg16046465	35	36	0
cg16046465	49	50	0
cg16046465	50	51	0
cg16046465	53	54	0
cg16046465	54	55	0
cg16046465	64	65	0
cg16046465	65	66	0
cg16046465	71	72	0
cg16095149	68	69	0
cg16095149	70	71	0
cg16102371	30	31	0
cg16102371	55	56	100
cg16102371	56	57	100
cg16103501	69	70	0
cg16111936	20	21	0
cg16111936	29	30	0
cg16111936	40	41	0
cg16113298	34	35	0
cg16113298	35	36	0
cg16113298	55	56	0
cg16113298	56	57	0
cg16113298	64	65	0
cg16113298	70	71	0
cg16188689	8	9	0
cg16188689	29	30	0
cg16188689	34	35	0
cg16264705	7	8	0
cg16264705	10	11	0
cg16264705	23	24	0
cg16264705	36	37	0
cg16264705	44	45	50
cg16264705	48	49	0
cg16264705	51	52	0
cg16290725	51	52	0
cg16313026	18	19	0
cg16313026	75	76	0
cg16346788	10	11	0
cg16384721	54	55	0
cg16391501	3	4	0
cg16391501	29	30	0
cg16391501	34	35	100
cg16427848	25	26	0
cg16427848	37	38	0
cg16427848	39	40	0
cg16427848	76	77	0
cg16435898	26	27	0
cg16435898	27	28	0
cg16435898	29	30	0
cg16435898	30	31	0
cg16435898	60	61	0
cg16435898	65	66	0
cg16435898	68	69	0
cg16456408	34	35	0
cg16456408	77	78	100
cg16456627	77	78	100
cg16501308	6	7	0
cg16524928	9	10	100
cg16524928	39	40	0
cg16524928	43	44	0
cg16524928	66	67	0
cg16524928	76	77	0
cg16534861	42	43	0
cg16550733	53	54	0
cg16566466	52	53	0
cg16582309	53	54	0
cg16625559	27	28	0
cg16632407	51	52	0
cg16672799	54	55	0
cg16684539	14	15	0
cg16684539	29	30	0
cg16692317	5	6	0
cg16692317	12	13	0
cg16692317	18	19	0
cg16692317	26	27	0
cg16692317	27	28	0
cg16692317	30	31	0
cg16692317	38	39	0
cg16736307	4	5	0
cg16736307	30	31	0
cg16744551	48	49	0
cg16744551	49	50	0
cg16744551	62	63	0
cg16744551	63	64	0
cg16848740	74	75	0
cg16862911	67	68	0
cg16873877	24	25	0
cg16873877	39	40	0
cg16908172	23	24	33.3333333333333
cg16908172	38	39	50
cg16925789	55	56	0
cg16925789	58	59	0
cg16948650	20	21	0
cg16948650	21	22	0
cg17177168	34	35	0
cg17177168	62	63	0
cg17177168	65	66	100
cg17212850	28	29	0
cg17212850	29	30	0
cg17215796	75	76	0
cg17329011	73	74	0
cg17417202	16	17	0
cg17417202	17	18	0
cg17417202	29	30	0
cg17417202	30	31	0
cg17417202	34	35	0
cg17417202	35	36	100
cg17435471	37	38	0
cg17435471	68	69	0
cg17523323	70	71	100
cg17537062	38	39	0
cg17537062	39	40	0
cg17537062	52	53	0
cg17537062	53	54	0
cg17537062	57	58	0
cg17537062	58	59	0
cg17537062	59	60	0
cg17537062	60	61	0
cg17609931	27	28	100
cg17696987	65	66	0
cg17711361	8	9	0
cg17711361	52	53	0
cg17711361	58	59	0
cg17726355	29	30	0
cg17726355	63	64	0
cg17769560	58	59	0
cg17769560	59	60	0
cg17769560	66	67	50
cg17769560	67	68	0
cg17769560	77	78	0
cg17779362	78	79	0
cg17840681	73	74	0
cg17854644	20	21	100
cg17905888	35	36	0
cg18062440	11	12	0
cg18062440	30	31	0
cg18062440	63	64	0
cg18062440	73	74	0
cg18149227	61	62	0
cg18149227	62	63	100
cg18243072	9	10	0
cg18243072	66	67	100
cg18271715	17	18	100
cg18271715	69	70	0
cg18278083	14	15	0
cg18278083	24	25	0
cg18278083	38	39	0
cg18278083	66	67	0
cg18278083	67	68	50
cg18278971	30	31	0
cg18284930	24	25	0
cg18284930	26	27	0
cg18299578	8	9	0
cg18299578	9	10	0
cg18299578	11	12	0
cg18299578	12	13	0
cg18299578	29	30	0
cg18299578	30	31	0
cg18304538	15	16	0
cg18304538	17	18	0
cg18306254	53	54	0
cg18342041	8	9	0
cg18342041	37	38	0
cg18342041	38	39	0
cg18394148	23	24	0
cg18394148	31	32	0
cg18394148	45	46	0
cg18394148	53	54	25
cg18394148	61	62	0
cg18394148	65	66	100
cg18394148	74	75	0
cg18397523	14	15	0
cg18397523	23	24	0
cg18480384	22	23	0
cg18480384	28	29	0
cg18480384	38	39	0
cg18488855	9	10	0
cg18488855	11	12	0
cg18488855	17	18	0
cg18488855	20	21	0
cg18488855	55	56	0
cg18501647	46	47	0
cg18501647	56	57	0
cg18531946	16	17	0
cg18532887	19	20	100
cg18659931	22	23	0
cg18659931	29	30	0
cg18678822	29	30	100
cg18743610	77	78	0
cg18760617	53	54	0
cg18760617	55	56	33.3333333333333
cg18760617	68	69	0
cg18780131	13	14	0
cg18780131	18	19	0
cg18780131	30	31	0
cg18780131	33	34	0
cg18780131	56	57	0
cg18802184	7	8	33.3333333333333
cg18802184	15	16	0
cg18802184	33	34	0
cg18802184	50	51	0
cg18802184	73	74	0
cg18809102	12	13	33.3333333333333
cg18809102	13	14	0
cg18809102	27	28	0
cg18809102	28	29	0
cg18809102	38	39	0
cg18809102	39	40	0
cg18821963	47	48	0
cg18821963	65	66	100
cg18845660	46	47	0
cg18907778	2	3	0
cg18907778	37	38	0
cg18972426	14	15	0
cg18972426	32	33	0
cg18972426	65	66	0
cg18972426	78	79	0
cg18977692	3	4	0
cg18977692	67	68	0
cg19011483	57	58	0
cg19028261	3	4	0
cg19117962	23	24	0
cg19117962	28	29	0
cg19117962	68	69	0
cg19117962	72	73	100
cg19175123	78	79	100
cg19234378	28	29	0
cg19234378	52	53	0
cg19234378	54	55	0
cg19234378	68	69	0
cg19243613	18	19	0
cg19243613	19	20	0
cg19243613	39	40	0
cg19292353	49	50	100
cg19292353	77	78	100
cg19298873	19	20	0
cg19314788	18	19	0
cg19355530	23	24	0
cg19461192	32	33	100
cg19510557	5	6	0
cg19510557	22	23	0
cg19510557	30	31	0
cg19510557	56	57	0
cg19555331	49	50	0
cg19555331	51	52	0
cg19560915	18	19	0
cg19560915	51	52	33.3333333333333
cg19560915	52	53	0
cg19615998	69	70	100
cg19658834	3	4	100
cg19658834	29	30	0
cg19658834	30	31	0
cg19665667	60	61	0
cg19818130	5	6	100
cg19818130	67	68	100
cg19828220	60	61	0
cg19828220	63	64	0
cg19833686	15	16	0
cg19833686	51	52	100
cg19833686	70	71	100
cg19868479	19	20	0
cg19868479	22	23	0
cg19915213	19	20	0
cg19915213	49	50	0
cg19915213	72	73	0
cg19939065	36	37	0
cg19939065	37	38	0
cg19939065	49	50	0
cg19939065	56	57	0
cg19939065	69	70	0
cg19939065	70	71	0
cg19939065	75	76	0
cg20011459	26	27	0
cg20040459	41	42	0
cg20126035	17	18	0
cg20126035	42	43	0
cg20126035	50	51	0
cg20126035	60	61	0
cg20149183	57	58	0
cg20149183	61	62	0
cg20152954	50	51	0
cg20152954	52	53	0
cg20152954	62	63	0
cg20161627	47	48	100
cg20168721	75	76	0
cg20192941	53	54	50
cg20192941	59	60	0
cg20199880	4	5	0
cg20242875	48	49	0
cg20242875	64	65	0
cg20259148	42	43	0
cg20259148	76	77	0
cg20259148	78	79	0
cg20358438	21	22	0
cg20358438	28	29	0
cg20358438	74	75	100
cg20374928	78	79	100
cg20377527	21	22	0
cg20382445	61	62	100
cg20382445	64	65	100
cg20422755	30	31	0
cg20422755	46	47	0
cg20422755	63	64	0
cg20424596	59	60	100
cg20424596	61	62	100
cg20425337	63	64	0
cg20477718	22	23	0
cg20477718	30	31	0
cg20477718	41	42	0
cg20477718	45	46	0
cg20508712	14	15	100
cg20615449	51	52	0
cg20615449	52	53	0
cg20615449	62	63	0
cg20615449	69	70	0
cg20627844	35	36	0
cg20627844	44	45	0
cg20638025	13	14	0
cg20638025	41	42	0
cg20656725	60	61	0
cg20687703	10	11	0
cg20687703	11	12	0
cg20687703	14	15	0
cg20687703	15	16	50
cg20687703	23	24	0
cg20687703	24	25	0
cg20687703	39	40	0
cg20687703	40	41	0
cg20687703	54	55	0
cg20718201	22	23	0
cg20718201	23	24	100
cg20718201	58	59	0
cg20785169	23	24	0
cg20821442	63	64	100
cg20823439	27	28	100
cg20823439	54	55	0
cg20872072	25	26	0
cg20872072	26	27	0
cg20872072	78	79	0
cg20916989	21	22	100
cg20916989	22	23	0
cg20916989	30	31	0
cg20916989	45	46	0
cg20925142	12	13	100
cg20925142	13	14	0
cg20925142	56	57	0
cg21027178	25	26	0
cg21027178	45	46	50
cg21027282	22	23	33.3333333333333
cg21028063	10	11	0
cg21028063	12	13	0
cg21028063	23	24	0
cg21028063	30	31	0
cg21028063	34	35	0
cg21028063	67	68	0
cg21067017	13	14	100
cg21067017	20	21	0
cg21067017	22	23	0
cg21077839	18	19	0
cg21077839	76	77	100
cg21097283	30	31	100
cg21107288	30	31	100
cg21187101	5	6	0
cg21206637	44	45	100
cg21286076	30	31	0
cg21288677	15	16	25
cg21288677	34	35	0
cg21288677	67	68	0
cg21294440	9	10	0
cg21294440	11	12	0
cg21294440	14	15	50
cg21294440	67	68	50
cg21314020	61	62	0
cg21314020	62	63	0
cg21335694	78	79	0
cg21344984	37	38	0
cg21344984	39	40	0
cg21423577	57	58	100
cg21474882	31	32	0
cg21474882	54	55	0
cg21474882	58	59	0
cg21474882	65	66	0
cg21520769	29	30	0
cg21520769	50	51	0
cg21520769	51	52	100
cg21621248	22	23	100
cg21639837	73	74	100
cg21664322	74	75	0
cg21664322	75	76	100
cg21664322	78	79	0
cg21684886	68	69	0
cg21692288	29	30	0
cg21692288	48	49	0
cg21714079	23	24	0
cg21714079	46	47	0
cg21762820	29	30	0
cg21762820	30	31	0
cg21762820	63	64	0
cg21762820	64	65	0
cg21797039	23	24	0
cg21801378	20	21	0
cg21801378	35	36	0
cg21801378	37	38	100
cg21801378	38	39	33.3333333333333
cg21801378	56	57	0
cg21820842	9	10	0
cg21836885	29	30	100
cg21836885	30	31	100
cg21871721	1	2	0
cg21871721	25	26	0
cg21871721	65	66	0
cg21876626	57	58	0
cg21887986	25	26	100
cg21887986	26	27	0
cg21893671	29	30	0
cg21917706	4	5	0
cg22029297	65	66	0
cg22057720	39	40	0
cg22069272	65	66	0
cg22249391	53	54	0
cg22290035	53	54	0
cg22310761	12	13	0
cg22310761	13	14	100
cg22310761	35	36	100
cg22311716	28	29	33.3333333333333
cg22320967	50	51	0
cg22320967	51	52	0
cg22379728	53	54	0
cg22409694	25	26	0
cg22409694	26	27	0
cg22479030	19	20	0
cg22529808	30	31	75
cg22603530	3	4	0
cg22603530	13	14	0
cg22603530	14	15	0
cg22603530	30	31	0
cg22603530	46	47	0
cg22603530	52	53	0
cg22719669	52	53	25
cg22719669	53	54	0
cg22724078	16	17	0
cg22724078	48	49	100
cg22750057	3	4	0
cg22750057	13	14	100
cg22750057	21	22	0
cg22750057	22	23	100
cg22750057	31	32	0
cg22750057	32	33	100
cg22750057	55	56	0
cg22750057	67	68	0
cg22777952	30	31	0
cg22777952	33	34	0
cg22777952	74	75	0
cg22861867	51	52	0
cg22875689	25	26	0
cg22907348	57	58	100
cg22945864	53	54	0
cg22950745	10	11	0
cg22961850	78	79	0
cg22971559	30	31	0
cg22979709	18	19	100
cg23001333	16	17	0
cg23055029	9	10	0
cg23055029	24	25	0
cg23055029	26	27	0
cg23055029	79	80	0
cg23059642	12	13	0
cg23059642	16	17	0
cg23059642	69	70	0
cg23068674	2	3	0
cg23068674	8	9	0
cg23068674	61	62	0
cg23087015	31	32	100
cg23087015	32	33	0
cg23087015	33	34	100
cg23087015	34	35	0
cg23087015	50	51	0
cg23087015	51	52	0
cg23087015	58	59	0
cg23087015	59	60	0
cg23087015	72	73	0
cg23091488	30	31	0
cg23114866	20	21	0
cg23114866	50	51	0
cg23114866	63	64	0
cg23114866	65	66	0
cg23143204	12	13	100
cg23143204	65	66	0
cg23146472	18	19	0
cg23146472	19	20	0
cg23146472	31	32	0
cg23146472	32	33	0
cg23146472	41	42	0
cg23146472	52	53	0
cg23195996	21	22	0
cg23195996	22	23	0
cg23195996	29	30	0
cg23195996	39	40	0
cg23195996	52	53	0
cg23197560	36	37	100
cg23318877	29	30	0
cg23384377	29	30	0
cg23423113	63	64	0
cg23425044	19	20	0
cg23425044	23	24	0
cg23425044	59	60	0
cg23425044	60	61	0
cg23449696	40	41	0
cg23449696	47	48	0
cg23449696	60	61	0
cg23449696	72	73	0
cg23449696	76	77	0
cg23449696	78	79	0
cg23496355	48	49	0
cg23582869	50	51	0
cg23582869	56	57	0
cg23582869	57	58	0
cg23582869	63	64	0
cg23626248	10	11	0
cg23626248	29	30	50
cg23630163	24	25	0
cg23630163	51	52	100
cg23643259	38	39	100
cg23644927	7	8	50
cg23644927	12	13	0
cg23644927	16	17	0
cg23677945	22	23	0
cg23677945	23	24	0
cg23678852	10	11	0
cg23678852	17	18	0
cg23678852	29	30	0
cg23683971	66	67	0
cg23693668	10	11	0
cg23743304	12	13	0
cg23743304	14	15	0
cg23743304	55	56	0
cg23758053	5	6	0
cg23758053	7	8	0
cg23758053	64	65	0
cg23758053	70	71	0
cg23758053	73	74	0
cg23767994	18	19	0
cg23778391	62	63	100
cg23793099	56	57	0
cg23793099	67	68	0
cg23797553	14	15	100
cg23829949	59	60	50
cg23845691	24	25	0
cg23865846	50	51	0
cg23865846	51	52	0
cg23869573	46	47	0
cg23869573	47	48	0
cg23871832	52	53	100
cg23895839	29	30	0
cg23931487	17	18	0
cg23931487	21	22	0
cg23934404	55	56	0
cg23934404	73	74	0
cg23934404	78	79	0
cg23977137	44	45	0
cg23977137	52	53	0
cg23977137	53	54	100
cg23993631	24	25	0
cg24018680	28	29	0
cg24018680	56	57	0
cg24023187	1	2	0
cg24082948	21	22	0
cg24113826	29	30	0
cg24113826	34	35	0
cg24117712	30	31	0
cg24117712	39	40	0
cg24178740	16	17	0
cg24178740	17	18	33.3333333333333
cg24178740	45	46	0
cg24178740	58	59	0
cg24178740	66	67	0
cg24186396	58	59	0
cg24186396	67	68	0
cg24240262	23	24	0
cg24240262	59	60	0
cg24261834	30	31	0
cg24261834	50	51	0
cg24265558	15	16	0
cg24265558	16	17	0
cg24265558	40	41	0
cg24265558	41	42	0
cg24265558	56	57	0
cg24265558	57	58	50
cg24265610	20	21	0
cg24265610	25	26	0
cg24265610	65	66	0
cg24352905	29	30	0
cg24352905	30	31	0
cg24352905	51	52	0
cg24352905	59	60	0
cg24352905	64	65	0
cg24352905	65	66	0
cg24385325	39	40	100
cg24444575	16	17	0
cg24444575	21	22	0
cg24444575	30	31	0
cg24444575	32	33	0
cg24444575	66	67	0
cg24444575	78	79	0
cg24533228	25	26	0
cg24555998	77	78	100
cg24596418	3	4	0
cg24596418	32	33	0
cg24596418	43	44	0
cg24642372	3	4	0
cg24642372	4	5	0
cg24642372	37	38	0
cg24642372	38	39	0
cg24653257	26	27	0
cg24653257	28	29	0
cg24653257	44	45	0
cg24653257	75	76	0
cg24707416	18	19	0
cg24707416	20	21	0
cg24707416	25	26	0
cg24707416	26	27	0
cg24707416	28	29	0
cg24707416	29	30	0
cg24713149	29	30	0
cg24713149	44	45	0
cg24717141	63	64	0
cg24724167	43	44	0
cg24724167	52	53	0
cg24724167	54	55	0
cg24724167	57	58	0
cg24724167	62	63	0
cg24724167	64	65	0
cg24746619	38	39	100
cg24782168	54	55	0
cg24782168	55	56	100
cg24799293	61	62	0
cg24799293	63	64	0
cg24799293	67	68	0
cg24822649	50	51	66.6666666666667
cg24822649	53	54	66.6666666666667
cg24855838	59	60	0
cg24855838	67	68	0
cg24855838	68	69	0
cg24879798	59	60	0
cg24879798	65	66	0
cg25001128	29	30	0
cg25020809	63	64	0
cg25048905	66	67	0
cg25087729	51	52	0
cg25087729	52	53	100
cg25091185	11	12	0
cg25091185	29	30	0
cg25150443	59	60	0
cg25165498	17	18	0
cg25165498	20	21	0
cg25165498	27	28	0
cg25209681	66	67	0
cg25226813	6	7	0
cg25235409	18	19	50
cg25235409	52	53	0
cg25244980	50	51	0
cg25244980	61	62	0
cg25244980	73	74	0
cg25322213	12	13	0
cg25322213	20	21	0
cg25322213	61	62	0
cg25327134	50	51	0
cg25339883	8	9	25
cg25339883	17	18	0
cg25339883	18	19	0
cg25339883	29	30	0
cg25339883	30	31	0
cg25339883	37	38	0
cg25339883	38	39	0
cg25394590	56	57	0
cg25400234	29	30	0
cg25402449	12	13	0
cg25502186	29	30	0
cg25581768	34	35	0
cg25581768	75	76	0
cg25581768	76	77	100
cg25693396	15	16	0
cg25693396	16	17	0
cg25693396	58	59	0
cg25693396	59	60	100
cg25732341	59	60	50
cg25732341	74	75	0
cg25742767	16	17	0
cg25743059	19	20	0
cg25743059	44	45	0
cg25743059	45	46	100
cg25743059	53	54	0
cg25743059	54	55	75
cg25743059	69	70	0
cg25743059	70	71	100
cg25764105	16	17	0
cg25764105	30	31	0
cg25764105	65	66	0
cg25768681	49	50	0
cg25768681	50	51	0
cg25773519	6	7	0
cg25773519	26	27	0
cg25773519	30	31	0
cg25831669	25	26	0
cg25857570	22	23	0
cg25857570	29	30	16.6666666666667
cg25857570	32	33	16.6666666666667
cg25857570	33	34	50
cg25857570	58	59	0
cg25878799	72	73	100
cg25957641	17	18	0
cg25957641	27	28	0
cg25957641	38	39	0
cg25957641	39	40	100
cg25957641	70	71	0
cg25957641	71	72	100
cg25957641	76	77	0
cg25957641	77	78	0
cg25966893	44	45	0
cg25974818	29	30	0
cg26062249	52	53	0
cg26062249	64	65	0
cg26109480	18	19	0
cg26109480	19	20	0
cg26109480	57	58	0
cg26109480	61	62	0
cg26109480	62	63	0
cg26154615	8	9	0
cg26154615	9	10	0
cg26154615	29	30	0
cg26154615	30	31	0
cg26155008	19	20	0
cg26186239	3	4	100
cg26186239	6	7	0
cg26186239	11	12	50
cg26192895	31	32	0
cg26192895	46	47	0
cg26192895	47	48	0
cg26286303	19	20	0
cg26286303	21	22	33.3333333333333
cg26286303	57	58	33.3333333333333
cg26291907	15	16	0
cg26291907	16	17	0
cg26306124	30	31	0
cg26313355	53	54	0
cg26352306	16	17	50
cg26352306	24	25	0
cg26411343	33	34	0
cg26438612	50	51	0
cg26452091	13	14	0
cg26480565	36	37	0
cg26491213	2	3	100
cg26491213	3	4	100
cg26507427	0	1	0
cg26507427	11	12	0
cg26507427	48	49	0
cg26507427	49	50	0
cg26507427	64	65	0
cg26507427	65	66	0
cg26512254	21	22	0
cg26512254	43	44	0
cg26530991	77	78	100
cg26581639	29	30	0
cg26603143	59	60	0
cg26631126	28	29	0
cg26644063	62	63	100
cg26690989	27	28	100
cg26690989	28	29	0
cg26690989	33	34	50
cg26690989	34	35	0
cg26718996	13	14	0
cg26718996	57	58	0
cg26718996	58	59	0
cg26718996	69	70	0
cg26718996	75	76	0
cg26776127	25	26	0
cg26776127	29	30	0
cg26776127	30	31	0
cg26776127	44	45	0
cg26776127	45	46	0
cg26830742	30	31	0
cg26834803	1	2	100
cg26834803	64	65	0
cg26844246	27	28	0
cg26844246	29	30	0
cg26844246	53	54	0
cg26844246	56	57	0
cg26844246	62	63	0
cg26844246	63	64	0
cg26844246	65	66	0
cg26844246	66	67	0
cg26844246	69	70	0
cg26844246	70	71	0
cg26845017	3	4	0
cg26845017	5	6	0
cg26845017	16	17	0
cg26845017	19	20	0
cg26845448	29	30	0
cg26845448	59	60	0
cg26845448	77	78	0
cg26962970	10	11	0
cg26962970	27	28	25
cg26962970	49	50	0
cg26973693	61	62	100
cg26984034	19	20	0
cg26984034	30	31	0
cg26984034	61	62	0
cg27061549	38	39	0
cg27061549	57	58	0
cg27088374	50	51	0
cg27101921	29	30	0
cg27101921	31	32	0
cg27101921	58	59	0
cg27101921	59	60	0
cg27121137	22	23	0
cg27121137	34	35	0
cg27121137	37	38	0
cg27146637	20	21	100
cg27146637	44	45	0
cg27149782	12	13	0
cg27149782	72	73	100
cg27201382	21	22	0
cg27201382	41	42	0
cg27213895	29	30	0
cg27230947	29	30	0
cg27230947	30	31	50
cg27257879	2	3	0
cg27294582	25	26	33.3333333333333
cg27323505	29	30	0
cg27323505	30	31	0
cg27323505	36	37	0
cg27344974	30	31	0
cg27344974	74	75	0
cg27389123	19	20	0
cg27454487	26	27	0
cg27496468	27	28	0
cg27590908	20	21	50
cg27590908	21	22	0
cg27706408	41	42	0
