track type=bedGraph
cg00158333	12	13	100
cg00279752	59	60	100
cg00447136	29	30	0
cg00987824	13	14	100
cg00987824	30	31	100
cg01099625	64	65	80
cg02000659	4	5	100
cg02379880	13	14	100
cg02486904	60	61	0
cg02676375	28	29	100
cg02690638	61	62	0
cg02905739	54	55	100
cg02926165	6	7	0
cg02926165	9	10	0
cg02926165	12	13	100
cg03144020	45	46	0
cg03218689	59	60	100
cg03674256	73	74	0
cg03697136	37	38	100
cg03938432	11	12	0
cg03938432	13	14	0
cg03938432	58	59	50
cg04124389	24	25	0
cg04124389	30	31	0
cg04124389	42	43	0
cg04504700	66	67	100
cg04529370	17	18	0
cg04688368	68	69	0
cg04688368	71	72	0
cg04688368	74	75	0
cg04688368	77	78	0
cg04769815	59	60	100
cg04863645	18	19	100
cg05097610	29	30	100
cg05698015	29	30	100
cg06206751	57	58	0
cg06272543	66	67	0
cg06292880	8	9	100
cg06292880	12	13	64.2857142857143
cg06360155	34	35	100
cg06479604	49	50	100
cg06812724	15	16	0
cg07373698	4	5	100
cg07588415	55	56	0
cg07588415	58	59	0
cg08372705	8	9	0
cg08766215	47	48	0
cg09141122	66	67	0
cg09682305	38	39	100
cg09773031	36	37	100
cg10439174	6	7	100
cg10604668	2	3	0
cg10893516	41	42	0
cg11025714	29	30	100
cg11905007	18	19	0
cg11905658	11	12	100
cg12553580	21	22	100
cg12553580	36	37	0
cg12593479	16	17	100
cg12597232	67	68	50
cg12798259	60	61	100
cg12935350	16	17	0
cg14667871	21	22	0
cg14667871	24	25	0
cg14715530	4	5	0
cg14728698	13	14	0
cg14880389	26	27	100
cg14940505	30	31	0
cg15099692	30	31	100
cg15566115	29	30	100
cg15693666	55	56	100
cg15823859	28	29	100
cg15846956	27	28	100
cg16501308	28	29	100
cg16524928	66	67	100
cg16675333	29	30	100
cg16736307	5	6	100
cg17137627	54	55	100
cg17426532	53	54	100
cg17548032	6	7	0
cg17711361	8	9	0
cg18532887	19	20	100
cg19050854	52	53	100
cg19117962	72	73	66.6666666666667
cg20006236	77	78	100
cg20149183	16	17	0
cg20149183	19	20	100
cg20149183	57	58	50
cg20149183	61	62	100
cg20477718	21	22	100
cg20609321	29	30	0
cg20615449	19	20	100
cg20804050	17	18	0
cg20804050	21	22	0
cg20823439	28	29	100
cg20872072	25	26	55
cg21077839	77	78	0
cg21115959	9	10	0
cg21115959	58	59	0
cg21294440	67	68	100
cg21836885	30	31	50
cg22044564	5	6	0
cg22044564	55	56	0
cg22044564	57	58	0
cg22075146	71	72	0
cg22320967	50	51	50
cg22603530	4	5	0
cg22603530	14	15	0
cg23189934	57	58	100
cg23195996	22	23	0
cg23195996	30	31	0
cg23195996	53	54	100
cg23415880	4	5	100
cg23582869	50	51	0
cg23582869	57	58	0
cg23582869	64	65	0
cg23826041	30	31	80
cg24018680	29	30	100
cg24117712	30	31	100
cg24178740	17	18	100
cg24186396	58	59	0
cg24255409	17	18	0
cg24255409	18	19	0
cg24255409	20	21	0
cg24255409	21	22	100
cg24255409	23	24	0
cg24255409	24	25	100
cg24255409	32	33	0
cg24255409	33	34	100
cg24717141	77	78	0
cg24746619	46	47	0
cg24855838	67	68	100
cg25001128	29	30	100
cg25001128	30	31	100
cg25642165	23	24	100
cg25957641	7	8	0
cg25957641	17	18	100
cg25974040	66	67	0
cg26192895	65	66	0
cg27061549	56	57	100
cg27201382	41	42	0
cg27553955	20	21	0
cg27553955	23	24	0
cg27553955	51	52	0
