track type=bedGraph
cg00300211	28	29	0
cg00367518	26	27	0
cg00842325	69	70	0
cg00842325	72	73	0
cg00877739	15	16	100
cg01047058	41	42	100
cg01047058	60	61	0
cg01099625	19	20	100
cg01099625	35	36	100
cg01187271	28	29	100
cg01522923	22	23	100
cg01915021	43	44	100
cg02247164	57	58	100
cg02334049	58	59	0
cg02554923	25	26	100
cg02895393	21	22	100
cg02898094	63	64	0
cg03077729	74	75	100
cg03094159	47	48	100
cg03265102	74	75	0
cg03350186	19	20	0
cg03639871	49	50	100
cg03787614	40	41	100
cg03938432	25	26	100
cg03957108	41	42	100
cg04087693	26	27	0
cg04124389	74	75	0
cg04428702	56	57	0
cg04504700	63	64	100
cg04585419	72	73	100
cg04627479	11	12	100
cg04804914	50	51	0
cg04804914	64	65	100
cg04863645	17	18	0
cg04878542	5	6	100
cg04878542	8	9	100
cg04878542	11	12	0
cg04878542	31	32	75
cg04905851	26	27	66.6666666666667
cg04951214	58	59	0
cg05234920	18	19	100
cg05497416	50	51	100
cg05532671	57	58	100
cg05575054	20	21	0
cg05575054	23	24	0
cg05660816	74	75	100
cg05886164	44	45	100
cg05933419	45	46	0
cg06184939	8	9	100
cg06242145	64	65	100
cg06363517	24	25	100
cg06392318	3	4	100
cg06392318	31	32	50
cg06550953	22	23	100
cg06550953	65	66	100
cg06812724	60	61	0
cg06839075	16	17	100
cg07094804	44	45	0
cg07171305	58	59	85.7142857142857
cg07171305	79	80	100
cg07254032	31	32	50
cg07254032	45	46	100
cg07866592	68	69	100
cg08194812	15	16	100
cg08194812	31	32	100
cg08315393	38	39	0
cg08566450	74	75	100
cg08849105	10	11	0
cg08849105	16	17	0
cg08921975	38	39	100
cg08938156	33	34	100
cg08938156	60	61	100
cg08938156	64	65	100
cg09347937	15	16	0
cg09682305	37	38	100
cg09682305	44	45	0
cg09692427	57	58	0
cg09789765	53	54	0
cg09817427	56	57	0
cg09817427	60	61	100
cg09899564	17	18	100
cg09985753	70	71	0
cg10024790	72	73	50
cg10131194	53	54	100
cg10604668	9	10	100
cg10604668	16	17	100
cg10604668	58	59	0
cg10736991	26	27	0
cg11025714	43	44	0
cg11025714	48	49	0
cg11058785	27	28	100
cg11156486	62	63	100
cg11201611	7	8	100
cg11352219	45	46	100
cg11584091	44	45	100
cg11792642	42	43	0
cg11807038	37	38	100
cg11899916	6	7	100
cg11975654	40	41	0
cg12053353	67	68	100
cg12145907	9	10	0
cg12145907	16	17	0
cg12145907	23	24	100
cg12145907	28	29	100
cg12620743	29	30	100
cg12741020	74	75	100
cg12757011	40	41	100
cg12910788	67	68	0
cg12927674	39	40	0
cg12986671	47	48	100
cg13278722	71	72	100
cg13331682	15	16	100
cg13331682	37	38	0
cg13349948	8	9	100
cg13486820	11	12	100
cg13660279	12	13	0
cg13702567	31	32	100
cg13776863	33	34	100
cg13906190	15	16	100
cg13906190	18	19	100
cg14012997	24	25	0
cg14043264	15	16	100
cg14160701	26	27	100
cg14311946	41	42	66.6666666666667
cg14311946	49	50	0
cg14360629	3	4	0
cg14360629	26	27	86.9565217391304
cg14660630	39	40	0
cg14726968	33	34	0
cg14728698	12	13	0
cg14850368	63	64	0
cg15028045	14	15	100
cg15075184	9	10	100
cg15075184	38	39	0
cg15555425	60	61	0
cg15566115	54	55	100
cg15693666	5	6	100
cg15741341	8	9	0
cg15823859	29	30	50
cg15823859	33	34	88.8888888888889
cg15823859	74	75	0
cg15890010	52	53	0
cg15932297	7	8	100
cg16313026	30	31	100
cg16456408	64	65	0
cg16456408	66	67	0
cg16606195	41	42	0
cg16632407	62	63	0
cg16744551	28	29	100
cg16873877	72	73	100
cg17137627	55	56	50
cg17216365	13	14	0
cg17329011	19	20	100
cg17426532	52	53	100
cg17426532	68	69	100
cg17644722	47	48	100
cg17662507	68	69	100
cg17779362	12	13	100
cg17942031	23	24	0
cg17942031	29	30	100
cg17961335	6	7	0
cg18120675	30	31	0
cg18120675	37	38	100
cg18278971	31	32	100
cg18306254	18	19	100
cg18331800	12	13	100
cg18342041	6	7	0
cg18342041	10	11	0
cg18397523	47	48	100
cg18531946	10	11	50
cg18531946	45	46	0
cg18629679	5	6	100
cg18629679	65	66	100
cg18815657	17	18	100
cg18815657	58	59	66.6666666666667
cg18821963	34	35	0
cg18922837	28	29	100
cg18922837	43	44	100
cg19028261	21	22	0
cg19117962	35	36	65
cg19133511	44	45	100
cg19133511	70	71	0
cg19298873	12	13	0
cg19298873	17	18	0
cg19615998	51	52	100
cg19711579	48	49	100
cg19804266	14	15	0
cg19804266	71	72	100
cg19828220	10	11	100
cg20149183	33	34	100
cg20167583	35	36	0
cg20199880	61	62	0
cg20233387.1	26	27	100
cg20312798	10	11	0
cg20568292	16	17	0
cg20568292	72	73	100
cg20638025	42	43	100
cg20785169	38	39	100
cg20805191	18	19	50
cg20872072	24	25	59.0909090909091
cg20872072	33	34	100
cg20872072	47	48	100
cg20950377	45	46	100
cg21028063	16	17	0
cg21166964	11	12	0
cg21166964	15	16	0
cg21181292	10	11	100
cg21214122	54	55	0
cg21214122	58	59	0
cg21294440	33	34	0
cg21314020	42	43	0
cg21333598	45	46	100
cg21392555	12	13	0
cg21516079	54	55	100
cg21526720	27	28	100
cg21576760	59	60	100
cg21664322	57	58	100
cg22029297	52	53	100
cg22069272	48	49	100
cg22097199	37	38	0
cg22290035	17	18	100
cg22290035	70	71	0
cg22527167	68	69	0
cg22543683	62	63	0
cg22543683	65	66	0
cg22543683	74	75	0
cg23055029	11	12	0
cg23055029	30	31	0
cg23091488	58	59	0
cg23146472	15	16	100
cg23281380	46	47	0
cg23778391	30	31	100
cg23829949	72	73	100
cg24178740	68	69	100
cg24458752	36	37	100
cg24570563	23	24	100
cg24602691	33	34	0
cg24717141	50	51	0
cg24782168	14	15	0
cg25001128	54	55	100
cg25061778	68	69	0
cg25165498	25	26	100
cg25402449	38	39	100
cg25402449	68	69	0
cg25430089	31	32	0
cg25854701	13	14	100
cg25878799	46	47	100
cg25974818	28	29	100
cg26226211	47	48	75
cg26352306	70	71	0
cg26457229	16	17	0
cg26538799	33	34	100
cg26538799	49	50	100
cg26566168	73	74	100
cg27101921	13	14	100
cg27255867	66	67	0
cg27257879	21	22	100
cg27425459	15	16	0
cg27496468	28	29	100
cg27626343	65	66	100
