track type=bedGraph
cg00153046	8	9	33.3333333333333
cg00153046	9	10	0
cg00153046	30	31	100
cg00153046	31	32	100
cg00153046	61	62	0
cg00153046	62	63	0
cg00153046	65	66	0
cg00153046	66	67	0
cg00362487	7	8	0
cg00362487	9	10	0
cg00362487	19	20	0
cg00362487	26	27	0
cg00362487	34	35	0
cg00362487	37	38	0
cg00362487	39	40	0
cg00362487	40	41	0
cg00362487	66	67	0
cg00447136	45	46	100
cg00447136	56	57	0
cg00447136	63	64	0
cg00447136	68	69	0
cg00447136	69	70	0
cg00447136	73	74	0
cg00571033	2	3	0
cg00571033	7	8	0
cg00571033	11	12	0
cg00571033	20	21	0
cg00571033	21	22	0
cg00571033	35	36	0
cg00571033	44	45	0
cg00611149	24	25	0
cg00611149	25	26	0
cg00611149	28	29	0
cg00872748	5	6	0
cg00872748	13	14	0
cg00872748	14	15	0
cg00872748	50	51	0
cg00872748	59	60	0
cg00872748	63	64	0
cg01005773	58	59	0
cg01005773	61	62	100
cg01005773	63	64	0
cg01005773	65	66	0
cg01005773	67	68	0
cg01027323	3	4	100
cg01027323	4	5	100
cg01027323	6	7	100
cg01027323	9	10	100
cg01027323	10	11	100
cg01027323	11	12	100
cg01027323	12	13	100
cg01027323	58	59	0
cg01027323	62	63	0
cg01027323	64	65	0
cg01027323	67	68	100
cg01027323	68	69	0
cg01027323	69	70	0
cg01027323	70	71	0
cg01027323	71	72	0
cg01049141	43	44	0
cg01049455	26	27	0
cg01099625	0	1	100
cg01099625	1	2	100
cg01099625	3	4	100
cg01099625	9	10	0
cg01099625	57	58	100
cg01099625	58	59	0
cg01099625	61	62	0
cg01232138	17	18	0
cg01232138	19	20	0
cg01232138	46	47	0
cg01232138	48	49	0
cg01232138	53	54	0
cg01232138	58	59	0
cg01368226	9	10	0
cg01368226	59	60	0
cg01368226	68	69	100
cg01580681	0	1	0
cg01580681	2	3	0
cg01580681	4	5	0
cg01580681	5	6	0
cg01580681	56	57	0
cg01650941	6	7	0
cg01650941	8	9	0
cg01650941	9	10	0
cg01650941	59	60	0
cg01650941	65	66	0
cg01650941	68	69	0
cg01676370	76	77	0
cg01676370	78	79	0
cg01676370	79	80	0
cg01933636	58	59	0
cg01933636	62	63	100
cg01933636	63	64	66.6666666666667
cg01933636	70	71	100
cg01992907	63	64	100
cg01992907	66	67	100
cg01992907	67	68	100
cg02193885	34	35	0
cg02193885	39	40	0
cg02193885	41	42	0
cg02193885	42	43	0
cg02193885	44	45	0
cg02219744	15	16	0
cg02219744	18	19	0
cg02219744	22	23	0
cg02219744	31	32	100
cg02219744	35	36	0
cg02219744	36	37	0
cg02219744	41	42	100
cg02219744	45	46	100
cg02244090	6	7	0
cg02244090	10	11	100
cg02244090	12	13	100
cg02244090	30	31	0
cg02343568	11	12	0
cg02343568	13	14	0
cg02343568	19	20	0
cg02343568	22	23	0
cg02343568	27	28	0
cg02343568	30	31	0
cg02343568	32	33	0
cg02343568	34	35	0
cg02343568	39	40	0
cg02343568	40	41	0
cg02343568	41	42	0
cg02343568	48	49	0
cg02343568	55	56	0
cg02343936	68	69	0
cg02343936	69	70	100
cg02343936	70	71	100
cg02352577	4	5	0
cg02379880	65	66	0
cg02690638	7	8	0
cg02690638	10	11	0
cg02690638	16	17	0
cg02690638	23	24	0
cg02690638	28	29	0
cg02690638	29	30	0
cg02690638	31	32	0
cg02690638	35	36	0
cg02690638	37	38	0
cg02690638	38	39	0
cg02690638	40	41	0
cg02762509	33	34	0
cg02762509	74	75	0
cg02762509	75	76	0
cg02762509	76	77	0
cg02762509	77	78	100
cg02905739	22	23	0
cg02905739	67	68	0
cg02905739	72	73	0
cg02972618	65	66	100
cg03144020	47	48	0
cg03144020	48	49	0
cg03144020	50	51	0
cg03144020	51	52	50
cg03144020	53	54	0
cg03144020	55	56	50
cg03144020	56	57	0
cg03144020	74	75	0
cg03144020	77	78	0
cg03144020	78	79	100
cg03187378	60	61	0
cg03187378	65	66	0
cg03252517	45	46	100
cg03252517	49	50	0
cg03252517	50	51	100
cg03252517	52	53	100
cg03252517	54	55	0
cg03252517	55	56	0
cg03252517	61	62	100
cg03260195	21	22	0
cg03260195	22	23	0
cg03260195	27	28	0
cg03557129	43	44	0
cg03557129	44	45	0
cg03557129	47	48	0
cg03557129	48	49	0
cg03646571	18	19	0
cg03646571	19	20	0
cg03646571	34	35	0
cg03646571	38	39	0
cg03646571	39	40	0
cg03646571	40	41	0
cg03646571	47	48	0
cg03646571	50	51	0
cg03646571	52	53	0
cg03646571	57	58	0
cg03646571	62	63	0
cg03646571	63	64	0
cg03676512	58	59	0
cg03676512	61	62	0
cg03676512	64	65	0
cg03843323	6	7	0
cg03843323	40	41	0
cg03843323	41	42	0
cg03843323	53	54	0
cg03938432	61	62	100
cg03938432	63	64	50
cg03938432	64	65	0
cg03938432	67	68	0
cg03938432	68	69	50
cg03938432	72	73	33.3333333333333
cg03938432	73	74	33.3333333333333
cg03938432	76	77	33.3333333333333
cg03938432	77	78	50
cg03938432	78	79	50
cg03938432	79	80	100
cg03957108	16	17	0
cg03957108	17	18	0
cg03957108	19	20	0
cg03957108	47	48	0
cg03957108	50	51	0
cg03957108	51	52	0
cg03957108	53	54	0
cg03957108	54	55	0
cg03957108	55	56	0
cg04016956	33	34	0
cg04016956	43	44	0
cg04016956	51	52	0
cg04016956	53	54	0
cg04016956	54	55	0
cg04016956	56	57	0
cg04016956	61	62	0
cg04150055	72	73	0
cg04150055	73	74	0
cg04150055	74	75	0
cg04150055	78	79	0
cg04245317	27	28	0
cg04245317	28	29	0
cg04245317	29	30	0
cg04245317	50	51	0
cg04348533	15	16	0
cg04348533	16	17	100
cg04504700	53	54	0
cg04567783	45	46	0
cg04567783	47	48	0
cg04567783	49	50	0
cg04567783	52	53	0
cg04611891	24	25	100
cg04611891	70	71	0
cg04627377	55	56	0
cg04627377	56	57	0
cg04627377	57	58	0
cg04627377	71	72	0
cg04627377	73	74	0
cg04627377	74	75	0
cg04627479	42	43	100
cg04627479	45	46	100
cg04627479	49	50	0
cg04735310	35	36	100
cg04735310	43	44	100
cg04735310	75	76	0
cg04804914	58	59	0
cg04804914	60	61	0
cg04804914	66	67	0
cg04804914	67	68	0
cg04863645	34	35	0
cg04863645	40	41	0
cg04878542	14	15	100
cg04878542	15	16	66.6666666666667
cg04878542	16	17	100
cg04878542	17	18	66.6666666666667
cg04878542	19	20	33.3333333333333
cg04878542	20	21	50
cg04878542	22	23	100
cg04878542	23	24	50
cg04878542	25	26	0
cg04878542	26	27	100
cg04878542	28	29	100
cg04878542	29	30	100
cg04878542	35	36	100
cg04878542	36	37	0
cg05097064	28	29	0
cg05097064	29	30	0
cg05097064	45	46	0
cg05097610	5	6	0
cg05097610	18	19	0
cg05097610	19	20	0
cg05097610	20	21	0
cg05097610	23	24	0
cg05097610	26	27	0
cg05097610	27	28	0
cg05097610	38	39	0
cg05097610	50	51	0
cg05097610	53	54	0
cg05108018	52	53	100
cg05108018	63	64	50
cg05121253	34	35	0
cg05121253	56	57	0
cg05121253	58	59	100
cg05124292	16	17	100
cg05124292	34	35	100
cg05124292	35	36	0
cg05194810	8	9	0
cg05194810	11	12	100
cg05194810	13	14	0
cg05194810	70	71	100
cg05194810	76	77	100
cg05273495	31	32	0
cg05273495	32	33	0
cg05273495	47	48	0
cg05273495	48	49	0
cg05275337	13	14	0
cg05275337	14	15	0
cg05275337	16	17	0
cg05275337	21	22	0
cg05359706	26	27	0
cg05359706	32	33	0
cg05359706	38	39	0
cg05359706	39	40	0
cg05359706	43	44	0
cg05359706	49	50	0
cg05359706	58	59	0
cg05359706	59	60	0
cg05406154	8	9	0
cg05406154	9	10	0
cg05406154	10	11	0
cg05406154	39	40	0
cg05406154	40	41	0
cg05406154	41	42	0
cg05406154	42	43	0
cg05406154	56	57	0
cg05406154	57	58	0
cg05406154	58	59	0
cg05491758	55	56	0
cg05491758	56	57	0
cg05491758	57	58	50
cg05491758	62	63	50
cg05706365	44	45	0
cg05706365	49	50	0
cg05821475	43	44	0
cg05821475	67	68	0
cg05821475	72	73	0
cg05884078	36	37	0
cg05884078	54	55	0
cg05884078	57	58	0
cg05884078	58	59	0
cg05884078	61	62	0
cg05884078	69	70	0
cg05884078	75	76	0
cg05960378	41	42	0
cg06023028	10	11	0
cg06023028	12	13	0
cg06023028	66	67	0
cg06037672	10	11	50
cg06037672	11	12	50
cg06037672	25	26	0
cg06037672	43	44	0
cg06097717	9	10	0
cg06097717	58	59	0
cg06115225	9	10	0
cg06115225	10	11	0
cg06115225	20	21	0
cg06115225	26	27	0
cg06115225	27	28	20
cg06115225	28	29	0
cg06115225	32	33	0
cg06115225	37	38	0
cg06115225	40	41	0
cg06115225	41	42	0
cg06115225	46	47	0
cg06115225	50	51	0
cg06115225	61	62	0
cg06242145	23	24	100
cg06242145	25	26	100
cg06242145	27	28	50
cg06292880	14	15	100
cg06292880	18	19	33.3333333333333
cg06292880	26	27	80
cg06292880	27	28	80
cg06292880	31	32	66.6666666666667
cg06292880	34	35	100
cg06292880	46	47	100
cg06292880	55	56	100
cg06292880	58	59	100
cg06292880	59	60	100
cg06392318	7	8	100
cg06392318	36	37	100
cg06392318	37	38	100
cg06392318	38	39	0
cg06392318	40	41	100
cg06392318	44	45	0
cg06392318	45	46	100
cg06392318	46	47	100
cg06392318	48	49	0
cg06540073	14	15	0
cg06540073	16	17	0
cg06540073	17	18	0
cg06550953	29	30	0
cg06564900	3	4	100
cg06637963	24	25	0
cg06637963	25	26	0
cg06637963	26	27	0
cg06718658	16	17	0
cg06718658	17	18	0
cg06718658	18	19	0
cg06718658	23	24	0
cg06723671	21	22	100
cg06723671	56	57	0
cg06723671	59	60	0
cg06837246	29	30	100
cg06837246	32	33	100
cg06837246	38	39	0
cg07171305	64	65	0
cg07171305	67	68	0
cg07171305	68	69	0
cg07171305	71	72	0
cg07195259	62	63	0
cg07195259	71	72	0
cg07404009	37	38	0
cg07404009	38	39	0
cg07404009	39	40	0
cg07404009	41	42	0
cg07404009	44	45	0
cg07404009	62	63	0
cg07705206	2	3	0
cg07705206	6	7	0
cg07705206	16	17	0
cg07705206	21	22	0
cg07705206	22	23	0
cg07705206	24	25	0
cg07705206	54	55	100
cg07705206	57	58	0
cg07705206	58	59	0
cg07705206	59	60	0
cg07893689	65	66	0
cg07933997	21	22	0
cg07933997	40	41	0
cg07933997	53	54	0
cg07940754	38	39	0
cg07940754	44	45	100
cg08060524	60	61	0
cg08060524	61	62	0
cg08060524	64	65	0
cg08060524	65	66	100
cg08194812	14	15	0
cg08194812	20	21	0
cg08194812	25	26	0
cg08194812	28	29	0
cg08194812	31	32	0
cg08194812	39	40	0
cg08194812	40	41	0
cg08194812	43	44	0
cg08194812	45	46	0
cg08194812	47	48	0
cg08215774	8	9	0
cg08215774	9	10	0
cg08215774	15	16	0
cg08215774	21	22	0
cg08215774	36	37	0
cg08215774	43	44	0
cg08215774	48	49	0
cg08215774	49	50	0
cg08389403	14	15	0
cg08389403	21	22	0
cg08389403	22	23	0
cg08389403	64	65	100
cg08389403	65	66	100
cg08519469	59	60	0
cg08519469	60	61	0
cg08519469	62	63	100
cg08519469	64	65	100
cg08519469	67	68	0
cg08519469	71	72	0
cg08519469	72	73	0
cg08563010	39	40	100
cg08563010	42	43	0
cg08563010	43	44	0
cg08566450	20	21	0
cg08566450	59	60	0
cg08849105	11	12	0
cg08849105	12	13	0
cg08849105	20	21	100
cg08849105	36	37	0
cg08849105	38	39	0
cg08854986	17	18	100
cg08854986	57	58	100
cg08854986	59	60	0
cg08854986	60	61	100
cg08854986	61	62	0
cg08855194	30	31	0
cg08855194	32	33	50
cg08855194	35	36	100
cg08855449	6	7	100
cg08855449	7	8	0
cg08921975	39	40	33.3333333333333
cg08921975	41	42	0
cg08921975	44	45	0
cg08921975	45	46	40
cg08921975	47	48	33.3333333333333
cg08921975	48	49	50
cg08921975	50	51	25
cg08921975	51	52	25
cg08921975	53	54	25
cg08921975	55	56	25
cg08921975	57	58	25
cg08921975	61	62	0
cg08921975	62	63	0
cg08921975	67	68	0
cg08921975	74	75	0
cg08921975	76	77	0
cg08981690	18	19	100
cg08981690	19	20	0
cg08981690	21	22	100
cg08981690	22	23	100
cg08981690	25	26	100
cg08981690	27	28	100
cg08981690	32	33	100
cg08981690	33	34	100
cg08981690	34	35	0
cg09071556	58	59	100
cg09071556	60	61	100
cg09071556	61	62	100
cg09071556	63	64	100
cg09071556	65	66	100
cg09071556	69	70	100
cg09071556	75	76	100
cg09103452	3	4	100
cg09103452	4	5	0
cg09103452	6	7	0
cg09103452	7	8	0
cg09103452	12	13	0
cg09103452	30	31	0
cg09103452	38	39	0
cg09103452	48	49	0
cg09103452	49	50	50
cg09103452	56	57	0
cg09182475	13	14	100
cg09182475	19	20	100
cg09182475	71	72	0
cg09289224	27	28	0
cg09289224	31	32	0
cg09289224	32	33	0
cg09289224	65	66	0
cg09376856	25	26	0
cg09376856	26	27	100
cg09376856	31	32	100
cg09452015	17	18	0
cg09452015	18	19	0
cg09647169	59	60	100
cg09647169	63	64	100
cg09692769	44	45	0
cg09692769	49	50	0
cg09726978	22	23	0
cg09726978	23	24	0
cg09726978	25	26	0
cg09726978	49	50	100
cg09726978	66	67	100
cg09726978	69	70	100
cg09726978	70	71	100
cg09817553	10	11	0
cg09817553	14	15	0
cg09817553	15	16	0
cg09817553	26	27	0
cg09817553	27	28	0
cg09817553	42	43	0
cg09817553	46	47	0
cg09817553	48	49	0
cg09817553	49	50	0
cg09817553	50	51	0
cg09817553	51	52	0
cg09817553	63	64	0
cg09945801	60	61	0
cg09945801	62	63	0
cg09977861	24	25	0
cg09977861	25	26	0
cg09977861	34	35	0
cg09977861	35	36	0
cg09977861	36	37	0
cg09977861	40	41	0
cg09977861	45	46	0
cg09977861	60	61	0
cg10064809	5	6	0
cg10064809	7	8	0
cg10064809	10	11	100
cg10064809	11	12	100
cg10064809	13	14	0
cg10064809	14	15	100
cg10064809	15	16	0
cg10064809	20	21	100
cg10067250	35	36	100
cg10067250	37	38	0
cg10067250	45	46	0
cg10131194	55	56	100
cg10131194	57	58	0
cg10131194	59	60	100
cg10131194	60	61	50
cg10131194	61	62	100
cg10131194	65	66	50
cg10131194	67	68	100
cg10131194	69	70	0
cg10131194	70	71	100
cg10235290	15	16	0
cg10235290	22	23	0
cg10235290	28	29	0
cg10235290	29	30	0
cg10235290	46	47	0
cg10235290	47	48	0
cg10235290	53	54	0
cg10235290	55	56	0
cg10235290	60	61	0
cg10235290	61	62	0
cg10543582	23	24	0
cg10543582	29	30	100
cg10543582	32	33	0
cg10543582	33	34	100
cg10543582	49	50	0
cg10543582	50	51	0
cg10583873	55	56	0
cg10583873	57	58	0
cg10583873	65	66	0
cg10583873	76	77	0
cg10583873	78	79	0
cg10604668	29	30	33.3333333333333
cg10604668	30	31	66.6666666666667
cg10604668	34	35	100
cg10604668	36	37	100
cg10604668	37	38	0
cg10604668	38	39	66.6666666666667
cg10604668	39	40	33.3333333333333
cg10604668	40	41	66.6666666666667
cg10604668	41	42	33.3333333333333
cg10604668	44	45	66.6666666666667
cg10604668	46	47	100
cg10604668	47	48	25
cg10604668	49	50	100
cg10624665	17	18	0
cg10624665	18	19	0
cg10624665	19	20	0
cg10624665	21	22	0
cg10624665	23	24	0
cg10624665	36	37	0
cg10624665	38	39	0
cg10624665	43	44	0
cg10624665	53	54	0
cg11034948	14	15	0
cg11034948	15	16	0
cg11034948	16	17	0
cg11034948	19	20	0
cg11034948	20	21	0
cg11034948	21	22	0
cg11034948	23	24	0
cg11034948	25	26	0
cg11034948	48	49	0
cg11167025	40	41	0
cg11167025	41	42	0
cg11179893	4	5	0
cg11179893	8	9	0
cg11179893	16	17	0
cg11179893	17	18	0
cg11179893	25	26	0
cg11179893	26	27	0
cg11179893	31	32	0
cg11179893	32	33	0
cg11179893	35	36	0
cg11179893	44	45	0
cg11179893	47	48	0
cg11179893	57	58	0
cg11279021	17	18	0
cg11279021	40	41	100
cg11279021	43	44	100
cg11279021	44	45	0
cg11493105	40	41	100
cg11493105	41	42	100
cg11493105	47	48	100
cg11493105	48	49	50
cg11493105	51	52	50
cg11493105	58	59	100
cg11560032	35	36	0
cg11560032	37	38	0
cg11560032	40	41	0
cg11560032	41	42	0
cg11560032	43	44	0
cg11560032	53	54	0
cg11560032	54	55	0
cg11560032	55	56	0
cg11560032	56	57	0
cg11560032	58	59	0
cg11560032	61	62	0
cg11560032	70	71	0
cg11591813	9	10	0
cg11591813	14	15	0
cg11591813	16	17	0
cg11591813	17	18	0
cg11591813	24	25	0
cg11591813	25	26	0
cg11591813	33	34	0
cg11591813	45	46	0
cg11591813	58	59	0
cg11591813	61	62	0
cg11591813	63	64	0
cg11591813	73	74	0
cg11591813	75	76	0
cg11591813	77	78	0
cg11728741	1	2	0
cg11728741	2	3	100
cg11728741	4	5	0
cg11728741	5	6	100
cg11728741	8	9	0
cg11728741	10	11	100
cg11728741	11	12	100
cg11728741	17	18	100
cg11728741	19	20	0
cg11728741	53	54	100
cg11807038	6	7	0
cg11807038	7	8	0
cg11807038	26	27	0
cg11807038	35	36	0
cg11818729	8	9	0
cg11818729	10	11	0
cg11818729	11	12	0
cg11818729	14	15	0
cg11818729	17	18	0
cg11818729	20	21	0
cg11818729	32	33	0
cg11818729	47	48	0
cg11818729	50	51	0
cg11818729	69	70	0
cg11827910	6	7	0
cg11827910	13	14	33.3333333333333
cg11827910	14	15	0
cg11827910	17	18	0
cg11827910	18	19	0
cg11827910	22	23	0
cg11827910	37	38	0
cg11827910	43	44	0
cg11827910	44	45	0
cg11875079	51	52	100
cg11875079	52	53	100
cg11875079	55	56	100
cg11875079	57	58	100
cg11875079	60	61	0
cg11875079	63	64	100
cg11875079	66	67	100
cg11875079	67	68	100
cg11899916	27	28	0
cg11899916	69	70	0
cg12145907	29	30	0
cg12145907	30	31	0
cg12145907	31	32	0
cg12145907	33	34	0
cg12145907	42	43	0
cg12145907	43	44	0
cg12145907	51	52	0
cg12145907	73	74	0
cg12145907	74	75	0
cg12309991	35	36	0
cg12309991	63	64	0
cg12436917	3	4	100
cg12436917	9	10	50
cg12469785	35	36	100
cg12469785	42	43	50
cg12469785	45	46	50
cg12811630	36	37	100
cg12811630	44	45	100
cg12811630	45	46	0
cg12811630	51	52	100
cg12811630	54	55	100
cg12903213	65	66	0
cg12903213	66	67	0
cg12903213	67	68	0
cg12903213	69	70	0
cg12917050	18	19	100
cg12917050	32	33	0
cg12935350	7	8	100
cg12935350	56	57	100
cg12935350	63	64	100
cg12935350	68	69	50
cg12935350	71	72	100
cg12945120	3	4	0
cg12945120	4	5	0
cg12945120	5	6	0
cg12945120	6	7	0
cg12945120	11	12	0
cg12981876	34	35	0
cg12981876	52	53	0
cg12981876	53	54	0
cg12981876	54	55	0
cg12981876	55	56	0
cg13143654	22	23	0
cg13143654	23	24	0
cg13143654	25	26	0
cg13143654	26	27	0
cg13143654	27	28	0
cg13143654	28	29	0
cg13143654	29	30	0
cg13143654	32	33	0
cg13143654	36	37	0
cg13143654	38	39	0
cg13143654	40	41	0
cg13143654	41	42	0
cg13143654	48	49	0
cg13143654	49	50	0
cg13143654	57	58	0
cg13143654	60	61	0
cg13143654	65	66	0
cg13143654	66	67	0
cg13143654	68	69	0
cg13151303	37	38	0
cg13151303	44	45	0
cg13151303	47	48	50
cg13151303	51	52	0
cg13459593	9	10	100
cg13459593	10	11	100
cg13459593	15	16	100
cg13459593	16	17	100
cg13459593	19	20	0
cg13486820	55	56	100
cg13486820	56	57	100
cg13551010	44	45	0
cg13551010	45	46	0
cg13551010	54	55	0
cg13604683	43	44	50
cg13677591	37	38	0
cg13677591	39	40	0
cg13677591	40	41	0
cg13677591	41	42	0
cg13677591	42	43	0
cg13677591	43	44	0
cg13677591	44	45	0
cg13732394	26	27	0
cg13732394	54	55	0
cg13766016	25	26	0
cg13766016	40	41	0
cg13766016	41	42	100
cg13776863	38	39	0
cg13776863	39	40	0
cg13776863	41	42	100
cg13776863	50	51	100
cg13800968	52	53	0
cg13800968	56	57	0
cg13800968	67	68	0
cg14033937	16	17	0
cg14033937	49	50	0
cg14033937	52	53	0
cg14140337	32	33	0
cg14140337	34	35	0
cg14140337	53	54	0
cg14140337	54	55	100
cg14140337	55	56	100
cg14241460	64	65	0
cg14241460	65	66	0
cg14311946	10	11	100
cg14311946	11	12	100
cg14311946	13	14	100
cg14311946	26	27	100
cg14311946	30	31	100
cg14311946	33	34	100
cg14311946	35	36	100
cg14311946	36	37	100
cg14311946	39	40	100
cg14360629	6	7	0
cg14360629	7	8	0
cg14360629	9	10	0
cg14360629	11	12	100
cg14360629	13	14	100
cg14360629	15	16	0
cg14360629	17	18	100
cg14360629	18	19	50
cg14360629	19	20	100
cg14360629	20	21	50
cg14360629	22	23	100
cg14536909	7	8	100
cg14536909	14	15	0
cg14536909	18	19	100
cg14536909	58	59	100
cg14536909	59	60	100
cg14553781	7	8	0
cg14553781	8	9	100
cg14553781	10	11	100
cg14553781	11	12	100
cg14553781	30	31	100
cg14666740	18	19	0
cg14666740	20	21	0
cg14666740	21	22	0
cg14666740	22	23	0
cg14715530	9	10	0
cg14715530	14	15	0
cg14715530	20	21	0
cg14715530	23	24	0
cg14715530	25	26	0
cg14715530	27	28	0
cg14715530	28	29	0
cg14715530	29	30	0
cg14715530	35	36	0
cg14715530	41	42	0
cg14715530	53	54	0
cg14778330	22	23	0
cg14778330	23	24	0
cg14778330	24	25	0
cg14778330	25	26	0
cg14880272	40	41	0
cg14880272	41	42	0
cg14880272	43	44	0
cg14880272	45	46	0
cg14880272	49	50	0
cg15012446	20	21	0
cg15012446	22	23	100
cg15012446	63	64	0
cg15012446	64	65	0
cg15073168	20	21	0
cg15073168	22	23	0
cg15073168	25	26	0
cg15073168	26	27	0
cg15073168	59	60	0
cg15073168	60	61	100
cg15099692	11	12	0
cg15099692	12	13	0
cg15099692	13	14	0
cg15099692	19	20	0
cg15099692	20	21	0
cg15099692	21	22	0
cg15219744	26	27	100
cg15219744	30	31	100
cg15262576	27	28	100
cg15262576	35	36	100
cg15262576	36	37	100
cg15262576	39	40	100
cg15262576	41	42	100
cg15262576	43	44	100
cg15262576	44	45	0
cg15262576	45	46	100
cg15469181	58	59	50
cg15469181	64	65	100
cg15503346	30	31	50
cg15503346	38	39	0
cg15503346	49	50	0
cg15545854	23	24	0
cg15545854	24	25	0
cg15545854	26	27	0
cg15545854	30	31	0
cg15545854	32	33	0
cg15545854	42	43	0
cg15545854	47	48	0
cg15545854	48	49	0
cg15566115	11	12	100
cg15566115	13	14	0
cg15566115	16	17	100
cg15566115	19	20	100
cg15566115	20	21	100
cg15566115	69	70	100
cg15746205	54	55	100
cg15823859	40	41	0
cg15823859	41	42	0
cg15823859	43	44	0
cg15823859	48	49	0
cg15823859	49	50	0
cg15823859	50	51	0
cg15890010	22	23	0
cg15890010	23	24	0
cg15890010	33	34	0
cg15890010	35	36	0
cg15890010	37	38	0
cg15890010	39	40	50
cg15890010	40	41	50
cg15932297	20	21	100
cg15932297	23	24	100
cg15988120	1	2	100
cg15988120	6	7	50
cg15988120	9	10	100
cg15988120	11	12	100
cg15988120	12	13	100
cg15988120	14	15	100
cg15988120	15	16	100
cg16073238	7	8	0
cg16073238	8	9	0
cg16073238	9	10	0
cg16073238	10	11	0
cg16073238	18	19	0
cg16073238	19	20	0
cg16073238	20	21	0
cg16073238	49	50	0
cg16073238	55	56	0
cg16264705	19	20	0
cg16264705	20	21	0
cg16264705	21	22	0
cg16264705	28	29	0
cg16264705	34	35	0
cg16267458	25	26	0
cg16267458	27	28	0
cg16267458	30	31	0
cg16267458	42	43	0
cg16267458	43	44	0
cg16267458	50	51	0
cg16267458	53	54	0
cg16267458	55	56	0
cg16290482	11	12	0
cg16290482	16	17	50
cg16290482	52	53	100
cg16290482	55	56	0
cg16384721	17	18	0
cg16384721	18	19	0
cg16384721	22	23	0
cg16384721	25	26	0
cg16384721	30	31	0
cg16384721	31	32	0
cg16384721	32	33	0
cg16384721	34	35	0
cg16384721	38	39	0
cg16384721	42	43	0
cg16384721	43	44	0
cg16384721	45	46	0
cg16384721	49	50	0
cg16384721	61	62	0
cg16384721	63	64	0
cg16384721	64	65	0
cg16456627	10	11	100
cg16456627	11	12	100
cg16456627	12	13	25
cg16456627	21	22	50
cg16456627	23	24	100
cg16456627	24	25	50
cg16456627	28	29	80
cg16456627	29	30	50
cg16456627	31	32	75
cg16456627	36	37	0
cg16456627	58	59	100
cg16456627	59	60	100
cg16456627	62	63	100
cg16456627	65	66	100
cg16456627	66	67	50
cg16456627	67	68	50
cg16468500	20	21	0
cg16468500	21	22	0
cg16468500	39	40	0
cg16468500	45	46	0
cg16468500	47	48	0
cg16468500	59	60	0
cg16468500	63	64	0
cg16468500	66	67	0
cg16468500	69	70	0
cg16468500	72	73	0
cg16468500	74	75	0
cg16468500	75	76	0
cg16625559	21	22	50
cg16675686	21	22	0
cg16675686	71	72	0
cg16675686	72	73	0
cg16678811	22	23	100
cg16678811	26	27	100
cg16678811	27	28	100
cg16678811	28	29	0
cg16678811	29	30	0
cg16678811	31	32	100
cg16678811	33	34	100
cg16678811	37	38	0
cg16678811	54	55	0
cg16678811	55	56	0
cg16678811	56	57	0
cg16678811	57	58	0
cg16678811	64	65	0
cg16678811	65	66	0
cg16678811	66	67	0
cg16692317	10	11	0
cg16692317	21	22	0
cg16692317	23	24	0
cg16692317	24	25	0
cg16692317	32	33	0
cg16692317	33	34	0
cg16848740	27	28	0
cg16848740	28	29	100
cg16862911	24	25	50
cg16862911	30	31	100
cg16965558	38	39	0
cg16965558	42	43	0
cg16965558	69	70	100
cg17037716	29	30	0
cg17037716	32	33	0
cg17037716	33	34	0
cg17037716	53	54	0
cg17206772	42	43	100
cg17206772	44	45	0
cg17206772	67	68	0
cg17212850	11	12	100
cg17212850	17	18	100
cg17212850	19	20	100
cg17212850	20	21	100
cg17212850	22	23	100
cg17212850	23	24	100
cg17435471	14	15	0
cg17435471	27	28	0
cg17435471	29	30	0
cg17435471	54	55	0
cg17435471	55	56	0
cg17435471	56	57	0
cg17435471	59	60	0
cg17435471	60	61	0
cg17662507	7	8	100
cg17662507	8	9	100
cg17662507	9	10	100
cg17662507	11	12	100
cg17662507	12	13	100
cg17662507	13	14	100
cg17662507	14	15	100
cg17662507	18	19	100
cg17662507	45	46	100
cg17662507	46	47	100
cg17662507	48	49	0
cg17662507	50	51	100
cg17820491	31	32	100
cg17820491	59	60	50
cg17820491	62	63	50
cg17820491	65	66	50
cg17820491	67	68	100
cg17854644	6	7	0
cg17854644	9	10	0
cg17854644	11	12	0
cg17854644	58	59	0
cg18149227	8	9	0
cg18149227	12	13	0
cg18149227	15	16	0
cg18149227	17	18	0
cg18149227	20	21	0
cg18149227	26	27	0
cg18149227	28	29	0
cg18149227	29	30	0
cg18149227	37	38	0
cg18149227	50	51	0
cg18149227	52	53	0
cg18149227	53	54	0
cg18149227	56	57	0
cg18149227	77	78	0
cg18304538	34	35	0
cg18304538	39	40	0
cg18304538	58	59	100
cg18304538	61	62	100
cg18342041	44	45	0
cg18342041	45	46	0
cg18342041	64	65	0
cg18342041	65	66	0
cg18342041	66	67	0
cg18397523	41	42	0
cg18397523	63	64	0
cg18397523	67	68	0
cg18397523	70	71	0
cg18397523	72	73	0
cg18397523	73	74	0
cg18397523	74	75	0
cg18459384	16	17	100
cg18459384	21	22	0
cg18459384	24	25	50
cg18488855	25	26	0
cg18488855	31	32	0
cg18488855	40	41	0
cg18488855	41	42	0
cg18488855	42	43	0
cg18488855	53	54	0
cg18532887	46	47	100
cg18532887	54	55	100
cg18532887	58	59	100
cg18532887	60	61	100
cg18663696	21	22	0
cg18663696	22	23	0
cg18663696	23	24	0
cg18663696	26	27	0
cg18663696	27	28	0
cg18678822	33	34	100
cg18678822	52	53	0
cg18678822	54	55	0
cg18678822	55	56	100
cg18678822	57	58	0
cg18815657	40	41	0
cg18815657	42	43	100
cg18815657	47	48	66.6666666666667
cg18815657	49	50	33.3333333333333
cg18815657	51	52	66.6666666666667
cg18815657	52	53	100
cg18815657	57	58	100
cg18849004	43	44	100
cg18849004	48	49	0
cg18849004	51	52	0
cg18849004	52	53	0
cg18849004	55	56	0
cg18849004	57	58	0
cg18849004	58	59	0
cg18849004	60	61	0
cg19044063	38	39	0
cg19044063	39	40	0
cg19044063	40	41	0
cg19044063	41	42	0
cg19044063	42	43	0
cg19044063	44	45	0
cg19050854	7	8	0
cg19050854	12	13	100
cg19050854	65	66	100
cg19050854	66	67	100
cg19050854	67	68	0
cg19050854	69	70	100
cg19050854	72	73	100
cg19117962	39	40	0
cg19117962	41	42	75
cg19117962	45	46	100
cg19117962	47	48	100
cg19117962	49	50	60
cg19117962	51	52	60
cg19117962	53	54	100
cg19117962	55	56	40
cg19117962	57	58	100
cg19117962	59	60	75
cg19117962	61	62	50
cg19117962	63	64	100
cg19121679	55	56	100
cg19121679	56	57	100
cg19121679	58	59	0
cg19121679	60	61	0
cg19219102	8	9	0
cg19219102	11	12	0
cg19219102	25	26	100
cg19292353	7	8	0
cg19292353	11	12	0
cg19292353	12	13	0
cg19292353	17	18	0
cg19292353	21	22	0
cg19292353	22	23	0
cg19292353	23	24	0
cg19292353	38	39	0
cg19314788	8	9	100
cg19314788	63	64	100
cg19314788	65	66	0
cg19461192	10	11	100
cg19461192	12	13	50
cg19461192	14	15	50
cg19461192	17	18	0
cg19560915	15	16	0
cg19560915	40	41	100
cg19631884	22	23	0
cg19631884	26	27	0
cg19631884	29	30	0
cg19631884	30	31	0
cg19631884	37	38	0
cg19680012	50	51	100
cg19680012	53	54	100
cg19680012	60	61	100
cg20126035	44	45	0
cg20126035	45	46	100
cg20126035	46	47	0
cg20126035	47	48	100
cg20126035	70	71	0
cg20126035	71	72	100
cg20126035	73	74	100
cg20126035	74	75	100
cg20126035	75	76	100
cg20167583	20	21	0
cg20167583	22	23	0
cg20167583	26	27	0
cg20167583	29	30	0
cg20167583	31	32	100
cg20167583	33	34	0
cg20167583	34	35	0
cg20233387.1	39	40	0
cg20233387.1	40	41	0
cg20233387.1	41	42	0
cg20257486	15	16	100
cg20257486	16	17	100
cg20257486	17	18	100
cg20257486	23	24	100
cg20257486	24	25	100
cg20257486	25	26	50
cg20257486	31	32	100
cg20377527	34	35	100
cg20377527	35	36	100
cg20377527	36	37	100
cg20377527	39	40	100
cg20377527	57	58	50
cg20377527	60	61	0
cg20568292	23	24	0
cg20568292	29	30	0
cg20568292	41	42	0
cg20568292	53	54	0
cg20568292	59	60	0
cg20568292	60	61	0
cg20568292	62	63	0
cg20568292	65	66	0
cg20568292	68	69	0
cg20568292	69	70	0
cg20687703	7	8	0
cg20687703	20	21	0
cg20687703	28	29	0
cg20687703	32	33	0
cg20687703	47	48	0
cg20785169	41	42	0
cg20785169	43	44	0
cg20785169	44	45	0
cg20785169	51	52	0
cg20785169	58	59	0
cg20785169	59	60	0
cg20785169	66	67	0
cg20785169	69	70	0
cg20821442	39	40	100
cg20821442	40	41	50
cg20823439	25	26	0
cg20823439	34	35	0
cg20823439	39	40	0
cg20823439	40	41	0
cg20823439	42	43	0
cg20823439	43	44	0
cg20823439	52	53	0
cg20823439	69	70	0
cg20829742	12	13	100
cg20829742	19	20	100
cg20872072	9	10	100
cg20872072	12	13	100
cg20872072	13	14	100
cg20872072	15	16	100
cg20872072	39	40	100
cg20872072	42	43	100
cg20872072	43	44	0
cg20872072	45	46	100
cg20909027	76	77	0
cg21046297	35	36	0
cg21046297	37	38	0
cg21046297	40	41	0
cg21046297	48	49	0
cg21046297	55	56	0
cg21046297	62	63	0
cg21199453	28	29	0
cg21639837	43	44	100
cg21639837	46	47	0
cg21639837	48	49	100
cg21639837	68	69	100
cg21664322	13	14	100
cg21664322	20	21	100
cg21664322	23	24	0
cg21668347	33	34	0
cg21668347	47	48	0
cg21668347	49	50	100
cg21668347	54	55	0
cg21668347	55	56	0
cg21767196	11	12	0
cg21767196	40	41	0
cg21820842	7	8	0
cg21820842	11	12	0
cg21820842	41	42	100
cg21820842	47	48	100
cg21820842	49	50	0
cg21836885	50	51	100
cg21836885	52	53	100
cg21836885	54	55	100
cg21836885	58	59	100
cg21836885	59	60	75
cg21836885	60	61	75
cg21836885	64	65	100
cg21836885	65	66	66.6666666666667
cg21836885	67	68	66.6666666666667
cg21836885	68	69	50
cg21871721	48	49	50
cg21871721	49	50	50
cg21871721	52	53	0
cg21871721	53	54	50
cg22029297	18	19	100
cg22029297	21	22	100
cg22029297	22	23	50
cg22029297	27	28	100
cg22029297	29	30	100
cg22029297	30	31	100
cg22029297	31	32	0
cg22057720	48	49	100
cg22057720	60	61	100
cg22069272	32	33	100
cg22069272	34	35	100
cg22069272	36	37	100
cg22069272	38	39	50
cg22069272	39	40	100
cg22069272	40	41	50
cg22069272	42	43	100
cg22069272	45	46	100
cg22075146	40	41	0
cg22075146	41	42	0
cg22075146	44	45	0
cg22075146	45	46	0
cg22075146	59	60	0
cg22075146	60	61	0
cg22075146	62	63	0
cg22472903	16	17	0
cg22472903	20	21	0
cg22472903	21	22	0
cg22472903	37	38	100
cg22472903	38	39	0
cg22472903	43	44	0
cg22543683	19	20	0
cg22719669	8	9	0
cg22719669	49	50	0
cg22719669	50	51	0
cg22724078	55	56	100
cg22724078	59	60	100
cg22724078	64	65	0
cg22724078	68	69	0
cg22875689	6	7	0
cg22875689	11	12	60
cg22875689	14	15	25
cg22875689	17	18	66.6666666666667
cg22875689	21	22	50
cg22875689	23	24	0
cg22875689	34	35	0
cg22875689	37	38	0
cg22875689	38	39	0
cg22875689	45	46	50
cg22875689	48	49	50
cg22875689	49	50	0
cg22875689	50	51	50
cg22875689	56	57	0
cg22875689	59	60	0
cg22875689	61	62	0
cg22875689	65	66	0
cg22875689	66	67	0
cg22875689	76	77	0
cg23076498	2	3	100
cg23076498	4	5	100
cg23076498	6	7	100
cg23076498	7	8	100
cg23076498	9	10	100
cg23076498	11	12	100
cg23076498	13	14	100
cg23076498	17	18	50
cg23076498	18	19	100
cg23114866	2	3	0
cg23114866	7	8	0
cg23114866	25	26	0
cg23114866	27	28	0
cg23114866	28	29	100
cg23114866	30	31	0
cg23114866	32	33	0
cg23146472	59	60	100
cg23146472	61	62	0
cg23146472	62	63	50
cg23146472	63	64	50
cg23146472	64	65	100
cg23146472	66	67	50
cg23146472	67	68	50
cg23146472	68	69	50
cg23146472	69	70	50
cg23146472	70	71	50
cg23146472	72	73	100
cg23189934	17	18	0
cg23189934	25	26	0
cg23189934	34	35	0
cg23189934	38	39	0
cg23189934	48	49	0
cg23189934	49	50	0
cg23189934	51	52	0
cg23189934	53	54	0
cg23189934	59	60	0
cg23189934	60	61	0
cg23189934	63	64	25
cg23189934	66	67	0
cg23189934	67	68	0
cg23252799	48	49	50
cg23496355	17	18	0
cg23496355	19	20	0
cg23496355	21	22	0
cg23496355	28	29	0
cg23496355	53	54	0
cg23496355	60	61	0
cg23496355	64	65	0
cg23582869	37	38	100
cg23582869	39	40	100
cg23582869	46	47	0
cg23582869	47	48	0
cg23643259	34	35	100
cg23758053	48	49	0
cg23758053	49	50	0
cg23758053	51	52	0
cg23758053	52	53	0
cg23758053	54	55	0
cg23778391	51	52	100
cg23778391	52	53	100
cg23778391	53	54	100
cg23826041	24	25	0
cg23826041	25	26	100
cg23826041	27	28	0
cg23826041	28	29	100
cg23826041	33	34	0
cg23826041	64	65	0
cg23931730	3	4	0
cg23931730	4	5	0
cg23931730	10	11	0
cg23931730	12	13	0
cg23931730	21	22	0
cg23931730	27	28	0
cg23931730	28	29	0
cg23931730	36	37	0
cg23931730	46	47	0
cg23931730	63	64	0
cg23931730	69	70	0
cg23931730	70	71	0
cg24385325	50	51	0
cg24385325	66	67	0
cg24782168	19	20	66.6666666666667
cg24782168	22	23	66.6666666666667
cg24782168	30	31	100
cg24786875	59	60	0
cg24786875	61	62	0
cg24786875	62	63	0
cg24905735	16	17	0
cg24905735	19	20	0
cg24905735	52	53	0
cg24905735	53	54	0
cg24911286	50	51	100
cg25050453	28	29	0
cg25050453	30	31	100
cg25050453	32	33	0
cg25050453	36	37	0
cg25050453	40	41	0
cg25165498	49	50	0
cg25165498	63	64	0
cg25165498	64	65	0
cg25165498	75	76	0
cg25165498	76	77	0
cg25209681	29	30	0
cg25209681	30	31	0
cg25209681	36	37	0
cg25209681	37	38	0
cg25235409	9	10	0
cg25235409	10	11	0
cg25235409	22	23	0
cg25235409	23	24	0
cg25235409	44	45	0
cg25248596	16	17	0
cg25248596	27	28	0
cg25248596	30	31	0
cg25248596	31	32	0
cg25248596	32	33	0
cg25248596	33	34	0
cg25248596	40	41	0
cg25248596	45	46	0
cg25248596	70	71	0
cg25332315	53	54	100
cg25636884	28	29	0
cg25636884	59	60	100
cg25636884	62	63	100
cg25636884	66	67	100
cg25732341	61	62	0
cg25732341	62	63	0
cg25732341	65	66	0
cg25732341	66	67	0
cg25732341	69	70	0
cg25768681	12	13	0
cg25768681	17	18	0
cg25768681	20	21	0
cg25768681	29	30	0
cg25768681	30	31	0
cg25768681	32	33	0
cg25768681	35	36	0
cg25768681	41	42	0
cg25768681	44	45	0
cg25768681	46	47	0
cg25768681	47	48	0
cg25768681	55	56	0
cg25768681	56	57	0
cg25768681	57	58	0
cg25768681	62	63	0
cg25768681	65	66	0
cg25768681	67	68	0
cg25768681	68	69	0
cg25768681	74	75	0
cg25878799	36	37	0
cg25878799	40	41	0
cg25878799	41	42	0
cg25878799	42	43	0
cg25878799	43	44	0
cg25943464	17	18	100
cg25943464	18	19	0
cg25943464	21	22	100
cg25943464	51	52	0
cg26024182	16	17	0
cg26024182	58	59	0
cg26024182	61	62	100
cg26109480	13	14	0
cg26109480	14	15	0
cg26109480	27	28	100
cg26109480	30	31	100
cg26109480	31	32	0
cg26109480	45	46	0
cg26109480	51	52	0
cg26109480	58	59	0
cg26109480	59	60	100
cg26109480	63	64	0
cg26109480	71	72	0
cg26230100	71	72	100
cg26230100	72	73	0
cg26230100	75	76	0
cg26255127	39	40	0
cg26255127	45	46	0
cg26255127	64	65	0
cg26255127	65	66	0
cg26530991	40	41	0
cg26530991	43	44	0
cg26530991	61	62	0
cg26844246	14	15	0
cg26844246	23	24	0
cg26844246	37	38	0
cg26844246	38	39	0
cg26844246	43	44	0
cg26844246	51	52	0
cg26844246	58	59	0
cg26844246	60	61	0
cg26844246	61	62	0
cg26844246	68	69	0
cg26844246	77	78	0
cg26844246	78	79	0
cg26845448	21	22	0
cg27037659	38	39	100
cg27037659	58	59	100
cg27088374	20	21	0
cg27088374	22	23	0
cg27088374	23	24	0
cg27101921	15	16	100
cg27101921	22	23	0
cg27101921	23	24	0
cg27101921	25	26	0
cg27101921	27	28	0
cg27101921	66	67	0
cg27213895	16	17	100
cg27213895	18	19	100
cg27213895	19	20	0
cg27213895	24	25	0
cg27213895	25	26	100
cg27389123	42	43	100
cg27389123	48	49	0
cg27389123	49	50	100
cg27389123	64	65	0
cg27455566	52	53	100
cg27664916	18	19	0
cg27664916	19	20	0
cg27664916	22	23	0
cg27664916	61	62	50
cg27664916	69	70	0
