track type=bedGraph
cg00029553	15	16	100
cg00029553	20	21	100
cg00153046	31	32	100
cg00153046	44	45	0
cg00153046	46	47	100
cg00153046	48	49	0
cg00279752	41	42	100
cg00279752	44	45	100
cg00279752	45	46	60
cg00279752	51	52	83.3333333333333
cg00367518	55	56	0
cg00367518	64	65	50
cg00367518	66	67	50
cg00384342	49	50	0
cg00384342	73	74	0
cg00571033	20	21	0
cg00571033	21	22	0
cg00820579	12	13	100
cg00820579	13	14	100
cg00820579	15	16	100
cg00820579	17	18	0
cg00820579	45	46	100
cg00820579	46	47	100
cg00820579	47	48	50
cg00820579	48	49	100
cg00820579	51	52	100
cg00820579	52	53	50
cg00820579	53	54	100
cg00820579	64	65	100
cg00877739	18	19	100
cg00877739	21	22	100
cg00877739	24	25	100
cg00877739	25	26	100
cg00877739	64	65	75
cg00877739	66	67	100
cg00877739	67	68	75
cg00877739	68	69	75
cg00877739	69	70	75
cg00877739	72	73	100
cg00877739	76	77	100
cg00877739	77	78	100
cg00877739	78	79	0
cg01008025	12	13	50
cg01008025	15	16	50
cg01027323	6	7	0
cg01027323	9	10	100
cg01027323	10	11	0
cg01027323	11	12	100
cg01027323	12	13	0
cg01027323	19	20	0
cg01027323	21	22	100
cg01027323	22	23	0
cg01027323	58	59	100
cg01027323	62	63	100
cg01027323	64	65	100
cg01027323	67	68	100
cg01027323	68	69	100
cg01027323	69	70	100
cg01027323	70	71	100
cg01027323	71	72	100
cg01049141	19	20	100
cg01049141	21	22	100
cg01049141	23	24	100
cg01049141	25	26	100
cg01049141	43	44	50
cg01049141	44	45	50
cg01049141	45	46	25
cg01049141	50	51	75
cg01049141	61	62	100
cg01077341	13	14	100
cg01077341	16	17	100
cg01099625	1	2	100
cg01099625	3	4	50
cg01099625	9	10	75
cg01099625	44	45	80
cg01099625	45	46	100
cg01099625	48	49	78.5714285714286
cg01099625	57	58	78.9473684210526
cg01099625	58	59	75
cg01099625	61	62	90
cg01105418	39	40	100
cg01105418	40	41	50
cg01105418	48	49	100
cg01105418	52	53	100
cg01134518	44	45	100
cg01134518	45	46	0
cg01134518	46	47	100
cg01134518	49	50	100
cg01187271	11	12	100
cg01187271	14	15	0
cg01187271	40	41	100
cg01187271	42	43	50
cg01187271	44	45	50
cg01187271	59	60	87.5
cg01187271	61	62	75
cg01187271	63	64	50
cg01187271	66	67	62.5
cg01187271	67	68	71.4285714285714
cg01227361	45	46	0
cg01227361	46	47	0
cg01227361	49	50	0
cg01227361	51	52	100
cg01227361	59	60	100
cg01227361	65	66	50
cg01227361	69	70	100
cg01227361	73	74	100
cg01522923	8	9	100
cg01522923	19	20	100
cg01608986	63	64	100
cg01608986	69	70	0
cg01620430	9	10	100
cg01620430	11	12	100
cg01620430	12	13	100
cg01620430	16	17	100
cg01620430	18	19	33.3333333333333
cg01620430	20	21	100
cg01856529	3	4	100
cg01856529	4	5	100
cg01856529	6	7	100
cg01856529	7	8	100
cg01856529	8	9	100
cg01856529	9	10	100
cg01856529	11	12	100
cg01856529	12	13	60
cg01856529	13	14	100
cg01856529	14	15	80
cg01856529	15	16	100
cg01856529	17	18	100
cg01856529	19	20	100
cg01883716	10	11	0
cg01883716	13	14	100
cg01883716	40	41	100
cg01883716	41	42	0
cg01883716	67	68	0
cg01883716	71	72	50
cg01915021	45	46	100
cg01915021	47	48	75
cg01915021	57	58	100
cg01915021	58	59	66.6666666666667
cg01935699	22	23	0
cg01935699	23	24	100
cg01935699	24	25	100
cg01935699	30	31	100
cg01935699	32	33	100
cg01935699	41	42	0
cg01935699	71	72	100
cg01992907	63	64	100
cg01992907	66	67	100
cg01992907	67	68	100
cg02000659	11	12	100
cg02000659	15	16	100
cg02000659	22	23	0
cg02017717	41	42	61.1111111111111
cg02017717	42	43	75
cg02017717	43	44	85
cg02017717	45	46	70
cg02017717	52	53	100
cg02017717	53	54	87.5
cg02017717	72	73	100
cg02153512	19	20	100
cg02153512	30	31	100
cg02176407	45	46	100
cg02176407	46	47	100
cg02176407	48	49	0
cg02176407	71	72	0
cg02176407	72	73	0
cg02176407	74	75	0
cg02176407	75	76	0
cg02231183	19	20	0
cg02231183	21	22	100
cg02231183	22	23	0
cg02231183	26	27	0
cg02286774	8	9	40
cg02286774	12	13	60
cg02286774	13	14	75
cg02286774	17	18	75
cg02343568	11	12	0
cg02343568	13	14	100
cg02343568	27	28	100
cg02343568	30	31	100
cg02343568	32	33	0
cg02343568	34	35	100
cg02343936	68	69	100
cg02343936	69	70	100
cg02343936	70	71	50
cg02351382	2	3	100
cg02351382	4	5	100
cg02351382	5	6	100
cg02351382	33	34	100
cg02351382	37	38	100
cg02351382	39	40	0
cg02351382	43	44	100
cg02486904	21	22	0
cg02486904	42	43	0
cg02486904	43	44	100
cg02486904	44	45	100
cg02486904	46	47	0
cg02486904	48	49	100
cg02540142	45	46	0
cg02540142	51	52	100
cg02540142	53	54	100
cg02540142	54	55	100
cg02540142	55	56	100
cg02540142	56	57	100
cg02688223	49	50	57.1428571428571
cg02688223	52	53	37.5
cg02688223	54	55	85.7142857142857
cg02688223	58	59	42.8571428571429
cg02688223	60	61	71.4285714285714
cg02688223	66	67	100
cg02688223	67	68	66.6666666666667
cg02688223	74	75	100
cg02690638	45	46	100
cg02690638	46	47	0
cg02690638	52	53	0
cg02690638	53	54	0
cg02690638	55	56	100
cg02690638	56	57	0
cg02690638	57	58	0
cg02737031	26	27	0
cg02737031	30	31	0
cg02737031	43	44	100
cg02737031	47	48	100
cg02737031	53	54	75
cg02737031	59	60	0
cg02737031	60	61	100
cg02905739	56	57	0
cg02905739	62	63	0
cg02905739	63	64	0
cg02905739	69	70	0
cg02932095	55	56	83.3333333333333
cg02932095	59	60	100
cg02972618	59	60	0
cg02972618	65	66	100
cg02972618	67	68	100
cg02972618	69	70	100
cg02972618	71	72	0
cg03077729	31	32	100
cg03077729	34	35	100
cg03077729	57	58	100
cg03077729	63	64	100
cg03077729	65	66	100
cg03077729	69	70	0
cg03077729	70	71	100
cg03077729	71	72	100
cg03122810	63	64	0
cg03144020	47	48	100
cg03144020	48	49	50
cg03144020	50	51	50
cg03144020	51	52	50
cg03144020	53	54	50
cg03144020	55	56	50
cg03144020	56	57	100
cg03144020	74	75	100
cg03144020	77	78	100
cg03144020	78	79	100
cg03163633	16	17	100
cg03163633	17	18	0
cg03163633	51	52	100
cg03163633	55	56	100
cg03163633	57	58	100
cg03218689	21	22	100
cg03260195	22	23	100
cg03260195	27	28	100
cg03260195	31	32	0
cg03260195	32	33	100
cg03458585	5	6	100
cg03458585	10	11	100
cg03458585	11	12	0
cg03458585	52	53	100
cg03458585	59	60	100
cg03597491	42	43	100
cg03597491	44	45	0
cg03597491	49	50	0
cg03597491	50	51	100
cg03639871	22	23	0
cg03639871	36	37	100
cg03639871	37	38	0
cg03639871	38	39	100
cg03639871	40	41	0
cg03639871	43	44	0
cg03639871	44	45	100
cg03639871	47	48	0
cg03639871	65	66	0
cg03639871	66	67	0
cg03650138	9	10	100
cg03650138	11	12	100
cg03650138	14	15	100
cg03650138	16	17	100
cg03650138	17	18	100
cg03650138	18	19	100
cg03665271	20	21	0
cg03665271	25	26	0
cg03665271	26	27	100
cg03843323	13	14	0
cg03843323	18	19	50
cg03843323	19	20	100
cg03843323	22	23	100
cg03843323	23	24	100
cg03843323	57	58	0
cg03843323	60	61	0
cg03843323	65	66	100
cg03843323	66	67	50
cg03843323	67	68	100
cg03843323	70	71	100
cg03843323	72	73	0
cg03847707	9	10	100
cg03847707	12	13	100
cg03847707	18	19	100
cg03847707	42	43	0
cg03847707	44	45	100
cg03847707	46	47	100
cg03847707	47	48	100
cg03847707	48	49	100
cg03938432	26	27	0
cg03938432	28	29	0
cg03938432	61	62	75
cg03938432	63	64	85.7142857142857
cg03938432	64	65	71.4285714285714
cg03938432	67	68	62.5
cg03938432	68	69	66.6666666666667
cg03938432	72	73	72.7272727272727
cg03938432	73	74	90
cg03938432	76	77	62.5
cg03938432	77	78	57.1428571428571
cg03938432	78	79	71.4285714285714
cg03938432	79	80	60
cg03960951	10	11	100
cg03960951	15	16	100
cg03960951	21	22	0
cg03972287	45	46	100
cg03972287	49	50	100
cg03972287	51	52	100
cg03972287	55	56	100
cg03972287	72	73	100
cg03972287	73	74	100
cg03972287	77	78	100
cg04087693	15	16	0
cg04087693	16	17	0
cg04087693	19	20	0
cg04087693	20	21	0
cg04087693	21	22	0
cg04087693	27	28	0
cg04093430	26	27	100
cg04093430	29	30	50
cg04093430	36	37	100
cg04093430	37	38	100
cg04093430	38	39	100
cg04093430	39	40	50
cg04107706	56	57	100
cg04107706	59	60	100
cg04124389	14	15	100
cg04124389	16	17	0
cg04124389	18	19	100
cg04124389	19	20	100
cg04124389	21	22	0
cg04124389	22	23	0
cg04124389	34	35	0
cg04124389	37	38	100
cg04124389	39	40	100
cg04168436	9	10	100
cg04168436	13	14	50
cg04168436	17	18	100
cg04428702	40	41	100
cg04428702	41	42	100
cg04428702	43	44	100
cg04428702	51	52	100
cg04428702	52	53	0
cg04590323	30	31	0
cg04590323	31	32	100
cg04590323	33	34	0
cg04590323	43	44	100
cg04590323	44	45	100
cg04638311	49	50	0
cg04638311	59	60	100
cg04638311	60	61	100
cg04735310	35	36	100
cg04735310	64	65	0
cg04802182	15	16	100
cg04802182	18	19	100
cg04802182	19	20	0
cg04802182	21	22	75
cg04802182	22	23	33.3333333333333
cg04802182	23	24	66.6666666666667
cg04802182	25	26	33.3333333333333
cg04804914	42	43	100
cg04804914	52	53	50
cg04804914	54	55	100
cg04804914	56	57	100
cg04804914	58	59	100
cg04804914	60	61	0
cg04804914	66	67	100
cg04804914	67	68	100
cg04804914	72	73	100
cg04804914	74	75	100
cg04804914	76	77	0
cg04804914	77	78	100
cg04863645	12	13	100
cg04863645	15	16	100
cg04863645	61	62	100
cg04878542	14	15	50
cg04878542	15	16	0
cg04878542	16	17	100
cg04878542	17	18	50
cg04878542	19	20	50
cg04878542	20	21	100
cg04878542	22	23	100
cg04878542	23	24	25
cg04878542	25	26	75
cg04878542	26	27	100
cg04878542	28	29	25
cg04878542	29	30	100
cg04878542	35	36	0
cg04878542	36	37	100
cg04951214	36	37	100
cg04951214	38	39	100
cg05060618	9	10	100
cg05060618	10	11	100
cg05060618	14	15	100
cg05060618	17	18	100
cg05060618	18	19	100
cg05060618	48	49	100
cg05260361	18	19	50
cg05260361	21	22	75
cg05260361	23	24	100
cg05260361	25	26	25
cg05260361	28	29	100
cg05260361	50	51	100
cg05260361	51	52	100
cg05260361	53	54	100
cg05260361	59	60	100
cg05273495	4	5	100
cg05273495	7	8	0
cg05273495	8	9	100
cg05273495	10	11	100
cg05273495	11	12	0
cg05273495	12	13	100
cg05273495	47	48	100
cg05273495	48	49	0
cg05273495	50	51	0
cg05273495	55	56	100
cg05305327	15	16	0
cg05305327	17	18	100
cg05305327	44	45	100
cg05305327	46	47	0
cg05305327	48	49	100
cg05305327	51	52	100
cg05387438	10	11	100
cg05387438	11	12	100
cg05387438	12	13	50
cg05387438	16	17	100
cg05396320	9	10	100
cg05396320	10	11	100
cg05396320	11	12	100
cg05396320	50	51	0
cg05396320	51	52	100
cg05396320	52	53	0
cg05396320	55	56	0
cg05396320	56	57	100
cg05407325	41	42	100
cg05407325	43	44	100
cg05497416	24	25	100
cg05497416	40	41	0
cg05497416	41	42	100
cg05497416	44	45	0
cg05497416	48	49	0
cg05497416	49	50	100
cg05562063	36	37	0
cg05562063	37	38	0
cg05562063	38	39	0
cg05562063	43	44	0
cg05575054	26	27	0
cg05575054	29	30	100
cg05575054	32	33	100
cg05575054	33	34	100
cg05575054	34	35	100
cg05575054	35	36	100
cg05660816	55	56	100
cg05660816	58	59	100
cg05660816	60	61	0
cg05660816	68	69	100
cg05688812	19	20	100
cg05688812	22	23	100
cg05688812	23	24	100
cg05688812	25	26	100
cg05688812	35	36	100
cg05688812	36	37	100
cg05688812	39	40	100
cg05688812	42	43	100
cg05688812	47	48	100
cg05688812	51	52	100
cg05688812	56	57	100
cg05698015	18	19	100
cg05698015	19	20	0
cg05698015	20	21	100
cg05698015	43	44	100
cg05698015	49	50	0
cg05698015	51	52	100
cg05764166	38	39	0
cg05764166	40	41	100
cg05764166	49	50	0
cg05764166	53	54	0
cg05764166	56	57	100
cg05764166	58	59	0
cg05765439	44	45	100
cg05765439	48	49	0
cg05765439	49	50	100
cg05765439	50	51	100
cg05847336	7	8	100
cg05847336	10	11	100
cg05847336	11	12	100
cg05886164	40	41	0
cg06023028	36	37	50
cg06023028	38	39	50
cg06023028	39	40	0
cg06023028	40	41	0
cg06055418	6	7	75
cg06055418	17	18	40
cg06055418	18	19	80
cg06055418	19	20	60
cg06055418	20	21	40
cg06055418	25	26	100
cg06166108	48	49	100
cg06166108	51	52	100
cg06166108	52	53	50
cg06166108	54	55	100
cg06166108	57	58	100
cg06206751	3	4	100
cg06206751	4	5	0
cg06206751	5	6	100
cg06206751	6	7	0
cg06206751	7	8	100
cg06206751	10	11	0
cg06206751	13	14	100
cg06206751	14	15	100
cg06206751	15	16	100
cg06206751	16	17	100
cg06242145	23	24	100
cg06242145	25	26	75
cg06242145	27	28	100
cg06292880	10	11	71.4285714285714
cg06292880	14	15	78.125
cg06292880	18	19	67.9611650485437
cg06292880	26	27	66.6666666666667
cg06292880	27	28	72.2689075630252
cg06292880	31	32	64.0449438202247
cg06292880	34	35	58.4905660377358
cg06292880	46	47	100
cg06292880	55	56	42.8571428571429
cg06292880	58	59	100
cg06292880	59	60	100
cg06360155	7	8	0
cg06360155	12	13	100
cg06360155	20	21	40
cg06360155	24	25	60
cg06360155	26	27	40
cg06360155	27	28	40
cg06360155	29	30	40
cg06360155	32	33	50
cg06360155	61	62	100
cg06363517	9	10	0
cg06363517	11	12	100
cg06363517	15	16	0
cg06363517	16	17	100
cg06363517	18	19	100
cg06363517	19	20	100
cg06363517	21	22	0
cg06363517	23	24	100
cg06392318	6	7	100
cg06392318	7	8	100
cg06392318	30	31	100
cg06392318	34	35	40
cg06392318	36	37	100
cg06392318	37	38	20
cg06392318	38	39	80
cg06392318	40	41	60
cg06392318	44	45	80
cg06392318	45	46	60
cg06392318	46	47	60
cg06392318	48	49	75
cg06429021	12	13	100
cg06429021	27	28	0
cg06479604	9	10	0
cg06479604	10	11	0
cg06479604	13	14	100
cg06479604	14	15	33.3333333333333
cg06479604	18	19	0
cg06538073	8	9	100
cg06538073	9	10	100
cg06538073	13	14	100
cg06538073	14	15	75
cg06633079	23	24	100
cg06633079	24	25	100
cg06633079	25	26	100
cg06633079	26	27	100
cg06633079	44	45	100
cg06708132	0	1	100
cg06708132	2	3	80
cg06708132	3	4	100
cg06708132	6	7	57.1428571428571
cg06708132	8	9	75
cg06708132	10	11	100
cg06718658	5	6	100
cg06718658	9	10	100
cg06718658	10	11	100
cg06718658	12	13	100
cg06718658	13	14	0
cg06718658	63	64	50
cg06718658	65	66	71.4285714285714
cg06718658	68	69	50
cg06718658	69	70	87.5
cg06718658	70	71	75
cg06718658	71	72	37.5
cg06721611	11	12	100
cg06721611	13	14	100
cg06721611	15	16	100
cg06721611	29	30	100
cg06721611	33	34	100
cg06721611	35	36	100
cg06813117	65	66	100
cg06813117	70	71	100
cg07171305	20	21	100
cg07171305	23	24	100
cg07171305	24	25	100
cg07171305	25	26	60
cg07171305	27	28	100
cg07171305	28	29	80
cg07171305	29	30	80
cg07171305	32	33	0
cg07171305	59	60	83.3333333333333
cg07171305	60	61	25
cg07171305	61	62	100
cg07171305	62	63	81.8181818181818
cg07171305	64	65	92.3076923076923
cg07171305	67	68	80
cg07171305	68	69	43.75
cg07171305	71	72	85.7142857142857
cg07254032	33	34	50
cg07254032	34	35	62.5
cg07254032	36	37	72.7272727272727
cg07254032	39	40	66.6666666666667
cg07254032	40	41	62.5
cg07254032	42	43	14.2857142857143
cg07254032	46	47	66.6666666666667
cg07254032	50	51	83.3333333333333
cg07254032	51	52	66.6666666666667
cg07254032	52	53	75
cg07254032	72	73	100
cg07299823	36	37	100
cg07299823	41	42	0
cg07299823	42	43	100
cg07299823	43	44	0
cg07299823	45	46	100
cg07299823	46	47	100
cg07299823	47	48	100
cg07332354	20	21	100
cg07332354	33	34	100
cg07332354	37	38	100
cg07332354	41	42	100
cg07332354	42	43	100
cg07332354	51	52	0
cg07373698	29	30	100
cg07373698	31	32	75
cg07373698	33	34	75
cg07373698	34	35	100
cg07373698	35	36	33.3333333333333
cg07373698	36	37	33.3333333333333
cg07373698	38	39	66.6666666666667
cg07373698	41	42	100
cg07373698	42	43	50
cg07373698	51	52	100
cg07373698	52	53	50
cg07373698	54	55	50
cg07373698	55	56	100
cg07383477	33	34	100
cg07383477	34	35	0
cg07383477	35	36	0
cg07383477	36	37	100
cg07601141	5	6	100
cg07601141	7	8	100
cg07601141	9	10	100
cg07601141	10	11	100
cg07601141	56	57	100
cg07601141	57	58	100
cg07601141	59	60	100
cg07601141	60	61	100
cg07645671	46	47	100
cg07645671	52	53	100
cg07645671	55	56	100
cg07645671	56	57	94.4444444444444
cg07645671	58	59	94.4444444444444
cg07645671	61	62	54.5454545454545
cg07645671	65	66	100
cg07648871	48	49	0
cg07648871	65	66	0
cg07648871	66	67	0
cg07676047	6	7	50
cg07676047	8	9	66.6666666666667
cg07676047	13	14	66.6666666666667
cg07676047	14	15	75
cg07676047	16	17	0
cg07676047	19	20	50
cg07676047	21	22	100
cg07676047	22	23	0
cg07676047	23	24	0
cg07676047	72	73	100
cg07676047	76	77	100
cg07676047	77	78	100
cg07684203	10	11	0
cg07684203	12	13	0
cg07684203	13	14	0
cg07684203	35	36	100
cg07684203	36	37	0
cg07684203	39	40	100
cg07751902	31	32	100
cg07751902	32	33	0
cg07751902	33	34	100
cg07751902	65	66	0
cg07751902	67	68	100
cg07751902	69	70	0
cg07751902	70	71	50
cg07751902	72	73	50
cg07751902	73	74	0
cg07751902	75	76	50
cg07795407	2	3	0
cg07795407	5	6	100
cg07795407	9	10	100
cg07795407	13	14	0
cg07795407	15	16	0
cg07795407	18	19	0
cg07795407	19	20	100
cg08060524	60	61	0
cg08060524	61	62	0
cg08156863	48	49	100
cg08156863	55	56	100
cg08156863	56	57	100
cg08194812	14	15	0
cg08194812	39	40	100
cg08194812	40	41	100
cg08194812	43	44	100
cg08194812	45	46	100
cg08194812	47	48	0
cg08271353	36	37	100
cg08271353	38	39	100
cg08271353	39	40	100
cg08285141	61	62	0
cg08285141	62	63	0
cg08285141	67	68	100
cg08315393	39	40	0
cg08315393	40	41	0
cg08315393	42	43	0
cg08315393	43	44	100
cg08315393	50	51	50
cg08372705	10	11	100
cg08372705	15	16	100
cg08372705	16	17	100
cg08372705	21	22	100
cg08372705	22	23	100
cg08389403	21	22	50
cg08389403	22	23	100
cg08389403	23	24	100
cg08389403	25	26	100
cg08389403	26	27	100
cg08566450	34	35	100
cg08566450	35	36	0
cg08566450	36	37	50
cg08566450	37	38	100
cg08566450	39	40	50
cg08566450	40	41	0
cg08566450	45	46	100
cg08566450	46	47	100
cg08566450	47	48	0
cg08566450	48	49	0
cg08566450	50	51	100
cg08566450	53	54	0
cg08855194	30	31	100
cg08855194	32	33	75
cg08855194	35	36	100
cg08921975	39	40	0
cg08921975	41	42	0
cg08921975	44	45	100
cg08921975	45	46	0
cg08921975	47	48	0
cg08921975	48	49	100
cg08921975	50	51	100
cg08921975	51	52	0
cg08921975	55	56	0
cg08921975	57	58	100
cg08981690	18	19	100
cg08981690	19	20	100
cg08981690	21	22	100
cg08981690	22	23	100
cg08981690	25	26	100
cg08981690	27	28	100
cg08981690	32	33	100
cg08981690	33	34	100
cg08987848	9	10	100
cg08996087	38	39	0
cg08996087	39	40	100
cg08996087	40	41	0
cg08996087	44	45	100
cg08996087	71	72	100
cg08996087	73	74	100
cg08996087	74	75	0
cg09026530	29	30	0
cg09026530	74	75	0
cg09097835	40	41	0
cg09103452	30	31	0
cg09103452	38	39	100
cg09103452	56	57	0
cg09105275	55	56	100
cg09182475	13	14	100
cg09182475	19	20	100
cg09182475	23	24	100
cg09182475	54	55	100
cg09207493	47	48	100
cg09207493	50	51	100
cg09207493	51	52	100
cg09244212	18	19	100
cg09244212	22	23	100
cg09244212	23	24	100
cg09244212	25	26	100
cg09244212	29	30	50
cg09244212	31	32	0
cg09249640	47	48	0
cg09249640	48	49	100
cg09249640	68	69	0
cg09249640	73	74	0
cg09376856	13	14	100
cg09376856	21	22	100
cg09376856	25	26	100
cg09376856	26	27	100
cg09376856	31	32	0
cg09399982	42	43	0
cg09399982	63	64	100
cg09399982	67	68	100
cg09399982	72	73	0
cg09399982	74	75	0
cg09400505	21	22	100
cg09400505	26	27	100
cg09400505	34	35	100
cg09452015	22	23	0
cg09510409	27	28	100
cg09510409	38	39	100
cg09510409	62	63	100
cg09510409	65	66	100
cg09510409	67	68	0
cg09510409	68	69	100
cg09579869	57	58	0
cg09579869	58	59	100
cg09579869	60	61	100
cg09579869	67	68	0
cg09579869	69	70	100
cg09646359	70	71	100
cg09682305	11	12	0
cg09682305	12	13	33.3333333333333
cg09682305	14	15	92.3076923076923
cg09682305	17	18	100
cg09682305	20	21	97.1428571428571
cg09682305	23	24	100
cg09682305	26	27	94.8717948717949
cg09682305	27	28	43.5897435897436
cg09682305	29	30	100
cg09682305	31	32	96.1538461538462
cg09682305	32	33	100
cg09682305	35	36	100
cg09692427	6	7	100
cg09692427	8	9	100
cg09692427	11	12	100
cg09692427	13	14	100
cg09692427	46	47	100
cg09692427	47	48	100
cg09692427	51	52	0
cg09692427	54	55	100
cg09692427	56	57	100
cg09699229	11	12	100
cg09699229	16	17	100
cg09699229	53	54	100
cg09699229	55	56	0
cg09699229	57	58	100
cg09726978	66	67	0
cg09726978	69	70	100
cg09726978	70	71	0
cg09731012	36	37	0
cg09731012	39	40	0
cg09731012	73	74	0
cg09731012	74	75	0
cg09816507	34	35	100
cg09816507	37	38	100
cg09816507	40	41	50
cg09816507	43	44	50
cg09816507	47	48	50
cg09816507	51	52	100
cg09817427	61	62	0
cg09817427	63	64	100
cg09817427	65	66	100
cg09817427	70	71	100
cg09817427	71	72	100
cg09817427	72	73	100
cg09817427	75	76	100
cg09841954	18	19	0
cg09841954	20	21	100
cg09841954	22	23	0
cg09841954	23	24	100
cg09841954	25	26	0
cg09841954	61	62	100
cg09841954	63	64	100
cg09841954	65	66	100
cg09841954	66	67	0
cg09890636	47	48	50
cg09890636	49	50	100
cg09890636	52	53	100
cg09890636	54	55	100
cg09945801	6	7	0
cg09945801	9	10	100
cg09945801	24	25	100
cg09945801	25	26	100
cg09945801	27	28	100
cg09962606	45	46	100
cg09962606	46	47	0
cg09962606	48	49	100
cg09962606	50	51	100
cg10024790	17	18	100
cg10024790	18	19	100
cg10024790	21	22	90.9090909090909
cg10024790	22	23	100
cg10024790	25	26	88
cg10024790	26	27	96.1538461538462
cg10024790	29	30	92.5925925925926
cg10024790	40	41	100
cg10024790	44	45	100
cg10024790	45	46	100
cg10024790	48	49	80
cg10024790	52	53	75
cg10024790	53	54	100
cg10024790	56	57	100
cg10064809	5	6	85.7142857142857
cg10064809	7	8	71.4285714285714
cg10064809	10	11	72.7272727272727
cg10064809	11	12	66.6666666666667
cg10064809	13	14	92.3076923076923
cg10064809	14	15	84.6153846153846
cg10064809	15	16	69.2307692307692
cg10064809	20	21	66.6666666666667
cg10118204	57	58	100
cg10118204	75	76	0
cg10125423	37	38	100
cg10125423	38	39	0
cg10125423	39	40	100
cg10125423	45	46	100
cg10125423	49	50	100
cg10125423	53	54	100
cg10125423	56	57	0
cg10125423	69	70	100
cg10131194	55	56	100
cg10131194	57	58	14.2857142857143
cg10131194	59	60	87.5
cg10131194	60	61	100
cg10131194	61	62	100
cg10131194	65	66	33.3333333333333
cg10131194	67	68	100
cg10131194	69	70	0
cg10131194	70	71	100
cg10182925	13	14	100
cg10182925	16	17	100
cg10182925	19	20	50
cg10182925	63	64	100
cg10324939	48	49	0
cg10324939	50	51	100
cg10324939	51	52	0
cg10324939	54	55	100
cg10389748	24	25	100
cg10389748	25	26	100
cg10389748	26	27	50
cg10389748	28	29	50
cg10389748	34	35	100
cg10414374	42	43	100
cg10414374	43	44	100
cg10414374	44	45	0
cg10414374	48	49	100
cg10414374	49	50	100
cg10414374	51	52	100
cg10414374	54	55	100
cg10414374	57	58	100
cg10414374	61	62	0
cg10414374	65	66	100
cg10451848	30	31	0
cg10451848	33	34	0
cg10451848	36	37	100
cg10451848	38	39	100
cg10451848	50	51	0
cg10451848	51	52	0
cg10503757	8	9	0
cg10503757	11	12	66.6666666666667
cg10503757	17	18	50
cg10503757	18	19	50
cg10566829	7	8	50
cg10566829	8	9	100
cg10566829	9	10	50
cg10566829	11	12	100
cg10566829	14	15	100
cg10604668	14	15	50
cg10604668	29	30	72.6190476190476
cg10604668	30	31	56.8181818181818
cg10604668	34	35	61.5384615384615
cg10604668	36	37	64.8936170212766
cg10604668	37	38	72.0430107526882
cg10604668	38	39	55.9139784946236
cg10604668	39	40	64.1304347826087
cg10604668	40	41	55.5555555555556
cg10604668	41	42	64.4444444444444
cg10604668	44	45	60.6741573033708
cg10604668	46	47	60.9195402298851
cg10604668	47	48	72.6190476190476
cg10604668	49	50	81.8181818181818
cg10604668	54	55	100
cg10604668	56	57	100
cg10604668	62	63	0
cg10873006	55	56	100
cg10873006	57	58	100
cg10873006	58	59	100
cg10873006	60	61	0
cg10873006	61	62	100
cg10873006	63	64	100
cg10873006	64	65	100
cg11011976	42	43	100
cg11011976	43	44	100
cg11011976	46	47	100
cg11011976	48	49	100
cg11011976	52	53	100
cg11034948	11	12	77.7777777777778
cg11034948	13	14	20
cg11034948	14	15	81.8181818181818
cg11034948	15	16	81.8181818181818
cg11034948	16	17	45.4545454545455
cg11034948	19	20	80
cg11034948	20	21	80
cg11034948	21	22	77.7777777777778
cg11034948	23	24	40
cg11034948	25	26	33.3333333333333
cg11034948	28	29	100
cg11034948	34	35	50
cg11034948	48	49	100
cg11034948	50	51	100
cg11034948	52	53	50
cg11058785	28	29	66.6666666666667
cg11058785	37	38	50
cg11058785	39	40	70
cg11058785	42	43	55.5555555555556
cg11058785	49	50	25
cg11058785	51	52	100
cg11058785	52	53	75
cg11058785	59	60	100
cg11142389	18	19	100
cg11142389	19	20	100
cg11142389	25	26	100
cg11142389	35	36	100
cg11142389	36	37	100
cg11155697	15	16	0
cg11155697	18	19	100
cg11155697	50	51	100
cg11155697	52	53	0
cg11155697	53	54	0
cg11156486	64	65	0
cg11156486	66	67	100
cg11156486	68	69	0
cg11156486	70	71	50
cg11156486	72	73	100
cg11179893	35	36	0
cg11179893	44	45	50
cg11179893	47	48	100
cg11214667	43	44	100
cg11214667	47	48	0
cg11214667	48	49	100
cg11214667	50	51	0
cg11319388	2	3	100
cg11319388	4	5	40
cg11319388	10	11	80
cg11319388	11	12	87.5
cg11319388	13	14	84.6153846153846
cg11319388	16	17	60.8695652173913
cg11319388	17	18	68.1818181818182
cg11319388	43	44	100
cg11319388	45	46	100
cg11319388	56	57	100
cg11319388	58	59	100
cg11319388	70	71	100
cg11352219	18	19	100
cg11352219	24	25	0
cg11352219	47	48	100
cg11352219	52	53	0
cg11352219	63	64	100
cg11352219	66	67	100
cg11352219	69	70	100
cg11493105	40	41	100
cg11493105	41	42	100
cg11493105	47	48	0
cg11493105	48	49	0
cg11493105	51	52	0
cg11541320	4	5	100
cg11541320	10	11	100
cg11541320	11	12	100
cg11541320	13	14	100
cg11541320	71	72	100
cg11551236	7	8	100
cg11551236	8	9	50
cg11551236	10	11	100
cg11551236	11	12	100
cg11728741	1	2	100
cg11728741	2	3	100
cg11728741	4	5	0
cg11728741	5	6	100
cg11728741	8	9	50
cg11728741	10	11	0
cg11728741	11	12	100
cg11728741	17	18	100
cg11728741	19	20	100
cg11729098	55	56	0
cg11729098	59	60	100
cg11729098	60	61	33.3333333333333
cg11729098	62	63	100
cg11729098	67	68	100
cg11729098	68	69	100
cg11729098	70	71	100
cg11741231	11	12	0
cg11741231	14	15	100
cg11741231	17	18	66.6666666666667
cg11741231	37	38	0
cg11807038	26	27	100
cg11807038	52	53	50
cg11807038	54	55	84.6153846153846
cg11807038	59	60	42.8571428571429
cg11807038	63	64	71.4285714285714
cg11807038	64	65	87.5
cg11812837	5	6	0
cg11812837	6	7	100
cg11812837	7	8	100
cg11812837	8	9	100
cg11812837	66	67	0
cg11812837	69	70	0
cg11819496	14	15	100
cg11819496	16	17	50
cg11819496	19	20	50
cg11848212	68	69	0
cg11848212	70	71	50
cg11848212	71	72	50
cg11848212	74	75	0
cg11875079	35	36	100
cg11875079	48	49	0
cg11875079	51	52	75
cg11875079	52	53	40
cg11875079	55	56	91.6666666666667
cg11875079	57	58	16.6666666666667
cg11875079	60	61	100
cg11875079	63	64	0
cg11875079	66	67	100
cg11875079	67	68	100
cg11875079	68	69	100
cg11899916	59	60	0
cg11899916	63	64	0
cg11899916	64	65	0
cg11914037	35	36	0
cg11926564	2	3	100
cg11926564	50	51	100
cg11926564	53	54	100
cg11926564	54	55	100
cg11926564	57	58	100
cg11926564	58	59	100
cg11926564	60	61	0
cg12046720	39	40	100
cg12046720	46	47	100
cg12046720	51	52	50
cg12046720	52	53	100
cg12046720	56	57	100
cg12046720	57	58	50
cg12046720	58	59	100
cg12046720	62	63	0
cg12046720	63	64	0
cg12046720	64	65	100
cg12046720	65	66	0
cg12053353	21	22	100
cg12053353	22	23	100
cg12053353	24	25	100
cg12053353	26	27	100
cg12053353	27	28	100
cg12053353	48	49	100
cg12053353	49	50	100
cg12053353	53	54	100
cg12108366	46	47	100
cg12108366	47	48	100
cg12108366	50	51	100
cg12108366	51	52	100
cg12108366	54	55	100
cg12241489	9	10	100
cg12241489	11	12	100
cg12241489	13	14	100
cg12241489	50	51	100
cg12241489	55	56	100
cg12241489	56	57	100
cg12311671	17	18	100
cg12311671	21	22	100
cg12311671	28	29	100
cg12483516	13	14	0
cg12483516	19	20	0
cg12483516	57	58	0
cg12483516	60	61	0
cg12553580	8	9	100
cg12553580	9	10	0
cg12553580	11	12	0
cg12553580	12	13	100
cg12553580	14	15	0
cg12553580	15	16	0
cg12553580	16	17	100
cg12553580	17	18	0
cg12572894	4	5	100
cg12572894	5	6	100
cg12572894	6	7	100
cg12572894	41	42	100
cg12572894	50	51	50
cg12572894	52	53	66.6666666666667
cg12572894	53	54	40
cg12572894	54	55	57.1428571428571
cg12572894	61	62	66.6666666666667
cg12593479	7	8	100
cg12593479	8	9	50
cg12593479	10	11	100
cg12593479	12	13	100
cg12593479	36	37	100
cg12593479	38	39	0
cg12593479	50	51	100
cg12593479	52	53	100
cg12593479	54	55	0
cg12593479	56	57	100
cg12593479	58	59	0
cg12593479	59	60	0
cg12593479	60	61	100
cg12593479	69	70	66.6666666666667
cg12593479	71	72	100
cg12593479	72	73	60
cg12593479	75	76	66.6666666666667
cg12593479	77	78	100
cg12597232	44	45	100
cg12597232	45	46	100
cg12597232	48	49	100
cg12597232	51	52	100
cg12597232	53	54	100
cg12597232	56	57	100
cg12741020	28	29	100
cg12741020	30	31	100
cg12741020	35	36	100
cg12741020	37	38	100
cg12741020	53	54	100
cg12741020	55	56	66.6666666666667
cg12741020	57	58	60
cg12741020	58	59	40
cg12741020	59	60	40
cg12741020	62	63	57.1428571428571
cg12741020	64	65	75
cg12741020	65	66	57.1428571428571
cg12741020	66	67	42.8571428571429
cg12741020	67	68	66.6666666666667
cg12741020	68	69	60
cg12741020	70	71	75
cg12757011	1	2	100
cg12757011	2	3	100
cg12757011	3	4	0
cg12757011	4	5	100
cg12757011	5	6	100
cg12757011	7	8	100
cg12757011	11	12	75
cg12757011	17	18	100
cg12757011	29	30	50
cg12757011	31	32	100
cg12757011	34	35	0
cg12757011	36	37	100
cg12757011	37	38	100
cg12780461	65	66	100
cg12780461	71	72	100
cg12780461	75	76	0
cg12927674	14	15	0
cg12927674	17	18	0
cg12927674	19	20	100
cg12927674	21	22	0
cg12927674	22	23	0
cg12927674	60	61	100
cg12927674	63	64	100
cg12927674	67	68	100
cg12927674	69	70	100
cg12935350	55	56	50
cg12935350	56	57	100
cg12935350	63	64	66.6666666666667
cg12935350	68	69	80
cg12935350	71	72	100
cg12935350	77	78	100
cg12986671	77	78	0
cg13011653	44	45	50
cg13011653	45	46	0
cg13011653	46	47	50
cg13011653	49	50	0
cg13011653	53	54	100
cg13143654	7	8	100
cg13143654	8	9	100
cg13143654	10	11	75
cg13143654	11	12	50
cg13143654	13	14	75
cg13143654	14	15	75
cg13143654	16	17	68.75
cg13143654	19	20	53.8461538461538
cg13143654	20	21	58.3333333333333
cg13143654	22	23	72.7272727272727
cg13143654	23	24	58.3333333333333
cg13143654	25	26	72.7272727272727
cg13143654	26	27	72.7272727272727
cg13143654	27	28	40
cg13143654	28	29	77.7777777777778
cg13143654	29	30	100
cg13143654	48	49	0
cg13143654	49	50	100
cg13145648	6	7	0
cg13145648	7	8	0
cg13163729	21	22	100
cg13163729	24	25	100
cg13163729	27	28	100
cg13163729	29	30	66.6666666666667
cg13163729	30	31	66.6666666666667
cg13163729	31	32	60
cg13163729	33	34	100
cg13163729	34	35	100
cg13163729	35	36	66.6666666666667
cg13181002	15	16	100
cg13181002	19	20	0
cg13181002	49	50	100
cg13181002	50	51	100
cg13181002	51	52	100
cg13194536	25	26	100
cg13194536	26	27	0
cg13194536	27	28	0
cg13300506	43	44	100
cg13300506	45	46	100
cg13300506	47	48	50
cg13366102	39	40	100
cg13366102	40	41	100
cg13366102	42	43	0
cg13366102	43	44	0
cg13366102	45	46	100
cg13366102	67	68	100
cg13366102	69	70	100
cg13366102	71	72	100
cg13366102	73	74	50
cg13366102	74	75	100
cg13366102	75	76	100
cg13374681	27	28	0
cg13374681	53	54	0
cg13374681	54	55	100
cg13400013	34	35	0
cg13400013	45	46	100
cg13400013	47	48	100
cg13486820	69	70	70.5882352941177
cg13486820	72	73	73.6842105263158
cg13486820	74	75	35.7142857142857
cg13486820	75	76	35.7142857142857
cg13486820	77	78	50
cg13486820	78	79	25
cg13487071	38	39	0
cg13487071	39	40	0
cg13487071	48	49	0
cg13487071	51	52	0
cg13487071	52	53	100
cg13487071	53	54	0
cg13604683	35	36	100
cg13604683	36	37	100
cg13604683	43	44	50
cg13604683	65	66	100
cg13604683	67	68	0
cg13660279	5	6	0
cg13660279	26	27	100
cg13660279	28	29	100
cg13660279	29	30	0
cg13660279	31	32	100
cg13677591	10	11	0
cg13677591	11	12	0
cg13677591	37	38	0
cg13677591	39	40	100
cg13677591	40	41	100
cg13677591	41	42	0
cg13677591	42	43	0
cg13677591	43	44	100
cg13677591	44	45	100
cg13702567	50	51	100
cg13702567	51	52	0
cg13702567	52	53	50
cg13702567	58	59	0
cg13766016	31	32	100
cg13766016	32	33	100
cg13766016	57	58	100
cg13834844	31	32	0
cg13834844	33	34	100
cg13834844	66	67	100
cg13971339	21	22	0
cg13971339	29	30	0
cg13971339	42	43	0
cg14005972	57	58	100
cg14005972	58	59	100
cg14005972	60	61	100
cg14005972	61	62	100
cg14012997	65	66	100
cg14012997	66	67	100
cg14012997	69	70	100
cg14012997	70	71	100
cg14020187	0	1	100
cg14020187	1	2	100
cg14020187	2	3	100
cg14020187	4	5	100
cg14020187	5	6	100
cg14020187	9	10	100
cg14311946	14	15	0
cg14311946	15	16	100
cg14311946	18	19	0
cg14311946	20	21	0
cg14311946	26	27	100
cg14311946	30	31	33.3333333333333
cg14311946	33	34	66.6666666666667
cg14311946	35	36	50
cg14311946	36	37	50
cg14311946	39	40	50
cg14334315	26	27	0
cg14334315	27	28	100
cg14334315	61	62	0
cg14334315	63	64	0
cg14334315	64	65	100
cg14334315	66	67	0
cg14334315	67	68	0
cg14334315	69	70	100
cg14360629	6	7	66.6666666666667
cg14360629	7	8	70
cg14360629	9	10	78.125
cg14360629	11	12	58.3333333333333
cg14360629	13	14	53.6585365853659
cg14360629	15	16	64.4444444444444
cg14360629	17	18	56.5217391304348
cg14360629	18	19	65.9574468085106
cg14360629	19	20	50
cg14360629	20	21	84.2105263157895
cg14360629	22	23	67.5675675675676
cg14360629	29	30	100
cg14361875	32	33	0
cg14361875	48	49	100
cg14361875	52	53	100
cg14523578	43	44	0
cg14523578	50	51	0
cg14523578	51	52	0
cg14523578	53	54	0
cg14660630	7	8	100
cg14660630	8	9	100
cg14660630	10	11	100
cg14660630	11	12	100
cg14660630	16	17	100
cg14660630	17	18	100
cg14667871	63	64	100
cg14667871	65	66	50
cg14667871	66	67	50
cg14667871	67	68	50
cg14667871	69	70	50
cg14667871	71	72	0
cg14667871	73	74	100
cg14667871	74	75	100
cg14667871	75	76	0
cg14728698	54	55	0
cg14728698	58	59	60
cg14728698	59	60	80
cg14728698	61	62	40
cg14728698	63	64	60
cg14728698	65	66	25
cg14728698	67	68	75
cg14880389	5	6	100
cg14880389	8	9	0
cg14880389	11	12	100
cg14880389	14	15	0
cg14880389	28	29	100
cg14880389	29	30	100
cg14880389	32	33	0
cg14880389	35	36	100
cg14977462	54	55	100
cg15004491	19	20	100
cg15004491	23	24	100
cg15043841	61	62	0
cg15075184	14	15	100
cg15221079	8	9	100
cg15221079	65	66	0
cg15221079	66	67	100
cg15221079	68	69	0
cg15262576	35	36	100
cg15262576	36	37	40
cg15262576	39	40	33.3333333333333
cg15262576	41	42	50
cg15262576	43	44	50
cg15262576	44	45	80
cg15262576	45	46	60
cg15262576	66	67	100
cg15469181	5	6	100
cg15469181	6	7	0
cg15469181	8	9	0
cg15469181	9	10	0
cg15469181	15	16	50
cg15469181	17	18	100
cg15566115	4	5	83.3333333333333
cg15566115	7	8	50
cg15566115	8	9	70
cg15566115	11	12	63.6363636363636
cg15566115	13	14	58.3333333333333
cg15566115	16	17	69.2307692307692
cg15566115	19	20	58.3333333333333
cg15566115	20	21	83.3333333333333
cg15566115	69	70	73.3333333333333
cg15566115	71	72	71.4285714285714
cg15566115	72	73	69.2307692307692
cg15566115	76	77	37.5
cg15566115	77	78	71.4285714285714
cg15566115	78	79	60
cg15566115	79	80	75
cg15693666	35	36	100
cg15693666	37	38	71.4285714285714
cg15693666	39	40	100
cg15693666	44	45	83.3333333333333
cg15693666	47	48	100
cg15693666	52	53	80
cg15711227	4	5	0
cg15711227	5	6	100
cg15711227	7	8	100
cg15711227	16	17	100
cg15723222	20	21	0
cg15723222	21	22	0
cg15723222	27	28	50
cg15823859	37	38	77.7777777777778
cg15823859	40	41	62.5
cg15823859	41	42	62.5
cg15823859	43	44	75
cg15823859	48	49	50
cg15823859	49	50	77.7777777777778
cg15823859	50	51	12.5
cg15823859	59	60	66.6666666666667
cg15823859	60	61	100
cg15823859	63	64	50
cg15823859	64	65	100
cg15823859	65	66	100
cg15890010	22	23	100
cg15890010	27	28	100
cg15890010	31	32	100
cg15890010	33	34	100
cg15890010	35	36	100
cg15890010	37	38	100
cg15890010	62	63	100
cg15890010	64	65	100
cg15932297	13	14	80
cg15932297	20	21	100
cg15932297	23	24	100
cg15932297	33	34	66.6666666666667
cg15932297	36	37	100
cg15988120	1	2	66.6666666666667
cg15988120	6	7	50
cg15988120	9	10	100
cg15988120	11	12	33.3333333333333
cg15988120	12	13	66.6666666666667
cg15988120	14	15	66.6666666666667
cg15988120	15	16	66.6666666666667
cg16124154	32	33	100
cg16124154	38	39	100
cg16124154	40	41	100
cg16124154	41	42	0
cg16124154	47	48	0
cg16264705	18	19	0
cg16290725	3	4	100
cg16290725	4	5	100
cg16290725	5	6	100
cg16290725	7	8	100
cg16290725	8	9	100
cg16290725	11	12	100
cg16290725	13	14	100
cg16313026	14	15	100
cg16313026	16	17	100
cg16313026	44	45	0
cg16427848	50	51	100
cg16427848	51	52	0
cg16427848	57	58	50
cg16427848	58	59	50
cg16427848	59	60	0
cg16427848	60	61	100
cg16427848	63	64	100
cg16442395	70	71	0
cg16442395	72	73	0
cg16456408	72	73	0
cg16456408	73	74	0
cg16456627	10	11	32
cg16456627	11	12	74.0740740740741
cg16456627	12	13	48.4848484848485
cg16456627	21	22	68.1159420289855
cg16456627	23	24	63.3802816901408
cg16456627	24	25	53.5211267605634
cg16456627	28	29	57.7464788732394
cg16456627	29	30	66.2162162162162
cg16456627	31	32	70
cg16456627	36	37	70.9677419354839
cg16456627	55	56	100
cg16456627	56	57	50
cg16456627	57	58	50
cg16456627	58	59	100
cg16456627	59	60	25
cg16456627	62	63	60
cg16456627	65	66	0
cg16456627	66	67	50
cg16595936	10	11	0
cg16595936	12	13	100
cg16595936	53	54	0
cg16595936	54	55	100
cg16595936	55	56	100
cg16595936	56	57	0
cg16595936	57	58	0
cg16606195	23	24	0
cg16606195	33	34	85.7142857142857
cg16606195	34	35	57.1428571428571
cg16606195	35	36	71.4285714285714
cg16625559	4	5	0
cg16625559	21	22	100
cg16658659	12	13	0
cg16658659	14	15	100
cg16658659	16	17	0
cg16658659	32	33	0
cg16678811	16	17	0
cg16678811	22	23	0
cg16678811	26	27	0
cg16678811	27	28	100
cg16678811	28	29	100
cg16678811	29	30	0
cg16678811	31	32	0
cg16678811	33	34	100
cg16684539	55	56	0
cg16684539	58	59	50
cg16684539	59	60	50
cg16684539	60	61	50
cg16684539	69	70	100
cg16744551	0	1	66.6666666666667
cg16744551	2	3	66.6666666666667
cg16744551	5	6	100
cg16744551	6	7	80
cg16744551	11	12	20
cg16744551	13	14	100
cg16744551	17	18	50
cg16744551	19	20	100
cg16744551	23	24	100
cg16744551	26	27	100
cg16873877	57	58	66.6666666666667
cg16873877	62	63	100
cg16873877	64	65	80
cg16873877	67	68	50
cg16965558	25	26	100
cg16965558	26	27	0
cg16965558	57	58	100
cg16965558	58	59	100
cg16965558	59	60	0
cg17137627	57	58	50
cg17137627	59	60	100
cg17177455	44	45	100
cg17177455	48	49	0
cg17177455	50	51	100
cg17212850	11	12	100
cg17212850	43	44	0
cg17212850	44	45	0
cg17212850	47	48	0
cg17548032	25	26	100
cg17548032	26	27	100
cg17548032	28	29	0
cg17548032	59	60	100
cg17548032	62	63	0
cg17548032	63	64	0
cg17548032	67	68	100
cg17548032	69	70	100
cg17711361	10	11	0
cg17711361	12	13	100
cg17711361	14	15	50
cg17711361	19	20	100
cg17711361	25	26	100
cg17711361	26	27	100
cg17820491	3	4	100
cg17820491	4	5	100
cg17820491	5	6	100
cg17820491	59	60	0
cg17820491	62	63	100
cg17820491	65	66	100
cg17820491	67	68	0
cg17840681	14	15	75
cg17840681	19	20	75
cg17840681	21	22	33.3333333333333
cg17840681	22	23	66.6666666666667
cg17840681	25	26	25
cg17840681	30	31	0
cg17840681	37	38	100
cg17840681	41	42	100
cg17942396	41	42	50
cg17942396	42	43	50
cg17942396	47	48	100
cg18014720	10	11	0
cg18014720	18	19	0
cg18014720	53	54	100
cg18014720	56	57	0
cg18014720	57	58	100
cg18149227	8	9	66.6666666666667
cg18149227	12	13	66.6666666666667
cg18149227	15	16	66.6666666666667
cg18149227	17	18	66.6666666666667
cg18149227	20	21	50
cg18192799	14	15	0
cg18192799	29	30	100
cg18192799	30	31	0
cg18192799	32	33	0
cg18192799	33	34	100
cg18221275	64	65	100
cg18221275	66	67	100
cg18221275	67	68	50
cg18221275	73	74	100
cg18221275	74	75	100
cg18221275	76	77	100
cg18306254	4	5	100
cg18306254	5	6	50
cg18306254	6	7	50
cg18306254	8	9	50
cg18306254	9	10	100
cg18306254	13	14	100
cg18306254	15	16	50
cg18306254	17	18	100
cg18306254	31	32	100
cg18331800	47	48	100
cg18342041	42	43	100
cg18342041	44	45	0
cg18342041	45	46	0
cg18342041	58	59	0
cg18342041	64	65	0
cg18342041	65	66	0
cg18342041	66	67	100
cg18531946	66	67	100
cg18531946	68	69	50
cg18531946	70	71	0
cg18531946	76	77	0
cg18531946	79	80	0
cg18532887	46	47	100
cg18532887	54	55	100
cg18532887	58	59	100
cg18678822	12	13	0
cg18678822	15	16	100
cg18678822	17	18	100
cg18678822	21	22	100
cg18678822	22	23	100
cg18743610	18	19	100
cg18743610	20	21	100
cg18743610	49	50	100
cg18743610	51	52	50
cg18743610	53	54	50
cg18743610	67	68	100
cg18743610	71	72	100
cg18743610	73	74	100
cg18743610	74	75	0
cg18760617	42	43	0
cg18760617	58	59	0
cg18760617	59	60	100
cg18760617	62	63	0
cg18760617	66	67	0
cg18815657	6	7	100
cg18815657	40	41	90
cg18815657	42	43	92.3076923076923
cg18815657	47	48	63.1578947368421
cg18815657	49	50	71.4285714285714
cg18815657	51	52	73.6842105263158
cg18815657	52	53	89.4736842105263
cg18815657	57	58	77.7777777777778
cg18922837	27	28	100
cg18922837	32	33	100
cg18922837	34	35	100
cg19044063	38	39	100
cg19044063	39	40	50
cg19044063	40	41	50
cg19044063	41	42	100
cg19044063	42	43	50
cg19044063	44	45	100
cg19044063	46	47	75
cg19044063	47	48	75
cg19117962	31	32	0
cg19117962	39	40	63.4615384615385
cg19117962	41	42	64.6341463414634
cg19117962	45	46	60.958904109589
cg19117962	47	48	61.5384615384615
cg19117962	49	50	61.271676300578
cg19117962	51	52	60.4938271604938
cg19117962	53	54	59.3548387096774
cg19117962	55	56	62.2377622377622
cg19117962	57	58	53.125
cg19117962	59	60	72.6315789473684
cg19117962	61	62	65.7142857142857
cg19117962	63	64	50
cg19121679	16	17	100
cg19121679	55	56	100
cg19121679	56	57	100
cg19121679	58	59	0
cg19133511	12	13	0
cg19133511	13	14	0
cg19133511	15	16	100
cg19133511	17	18	0
cg19133511	19	20	100
cg19133511	41	42	66.6666666666667
cg19133511	42	43	100
cg19133511	43	44	66.6666666666667
cg19133511	47	48	100
cg19133511	48	49	100
cg19133511	53	54	100
cg19169532	27	28	100
cg19169532	31	32	100
cg19169532	42	43	100
cg19169532	47	48	100
cg19169532	49	50	100
cg19169532	51	52	100
cg19169532	54	55	100
cg19169532	55	56	100
cg19223789	24	25	100
cg19223789	28	29	50
cg19223789	31	32	0
cg19291109	6	7	0
cg19291109	8	9	0
cg19291109	11	12	0
cg19291109	17	18	0
cg19291109	23	24	50
cg19291109	25	26	0
cg19291109	29	30	0
cg19291109	61	62	0
cg19314788	55	56	75
cg19314788	56	57	75
cg19314788	57	58	100
cg19314788	63	64	80
cg19314788	65	66	90
cg19314788	72	73	100
cg19722977	43	44	100
cg19722977	71	72	100
cg19722977	72	73	100
cg19722977	74	75	0
cg19860820	47	48	100
cg19860820	49	50	0
cg19860820	51	52	100
cg19860820	53	54	75
cg19860820	55	56	33.3333333333333
cg19860820	56	57	100
cg19860820	62	63	100
cg19860820	64	65	100
cg19868479	37	38	100
cg19868479	38	39	100
cg19868479	41	42	100
cg19868479	44	45	100
cg19868479	45	46	100
cg19868479	46	47	100
cg19868479	48	49	100
cg19936176	35	36	100
cg19982295	56	57	75
cg19982295	59	60	25
cg19982295	61	62	100
cg19982295	62	63	33.3333333333333
cg19982295	64	65	0
cg19982295	66	67	25
cg20006236	61	62	50
cg20006236	68	69	50
cg20006236	69	70	50
cg20006236	70	71	100
cg20006236	71	72	33.3333333333333
cg20006236	75	76	66.6666666666667
cg20011459	36	37	100
cg20011459	37	38	0
cg20011459	48	49	100
cg20011459	49	50	100
cg20011459	50	51	100
cg20011459	51	52	0
cg20011459	52	53	100
cg20149183	34	35	0
cg20149183	36	37	100
cg20149183	37	38	0
cg20149183	38	39	100
cg20167583	11	12	0
cg20167583	15	16	93.3333333333333
cg20167583	17	18	71.4285714285714
cg20167583	18	19	52
cg20167583	20	21	79.3103448275862
cg20167583	22	23	77.4193548387097
cg20167583	26	27	82.3529411764706
cg20167583	29	30	89.2857142857143
cg20167583	31	32	79.1666666666667
cg20167583	33	34	78.9473684210526
cg20167583	34	35	87.5
cg20167583	56	57	100
cg20167583	60	61	100
cg20167583	62	63	50
cg20192941	22	23	100
cg20192941	23	24	100
cg20192941	25	26	100
cg20192941	68	69	100
cg20192941	70	71	100
cg20233387.1	17	18	100
cg20233387.1	22	23	100
cg20233387.1	25	26	100
cg20233387.1	58	59	100
cg20233387.1	61	62	100
cg20236179	9	10	0
cg20236179	11	12	100
cg20236179	14	15	100
cg20236179	16	17	100
cg20236179	17	18	0
cg20236179	18	19	100
cg20236179	51	52	100
cg20236179	54	55	100
cg20236179	56	57	100
cg20257486	15	16	0
cg20257486	16	17	0
cg20257486	17	18	100
cg20257486	60	61	100
cg20257486	61	62	0
cg20268522	22	23	100
cg20268522	27	28	100
cg20425337	49	50	100
cg20425337	50	51	100
cg20425337	52	53	100
cg20425337	56	57	50
cg20425337	58	59	100
cg20425337	59	60	50
cg20508712	4	5	0
cg20508712	7	8	0
cg20508712	17	18	0
cg20627844	3	4	100
cg20627844	6	7	100
cg20627844	60	61	100
cg20627844	61	62	100
cg20627844	66	67	100
cg20638025	43	44	100
cg20638025	44	45	100
cg20638025	48	49	66.6666666666667
cg20638025	49	50	100
cg20638025	50	51	75
cg20638025	51	52	80
cg20638025	55	56	40
cg20805191	0	1	100
cg20805191	4	5	66.6666666666667
cg20805191	5	6	100
cg20805191	14	15	100
cg20805191	15	16	80
cg20821442	13	14	100
cg20821442	14	15	100
cg20821442	15	16	0
cg20821442	17	18	100
cg20821442	33	34	100
cg20821442	35	36	100
cg20821442	39	40	100
cg20821442	40	41	0
cg20821442	58	59	100
cg20821442	60	61	0
cg20872072	0	1	0
cg20872072	1	2	100
cg20872072	9	10	60
cg20872072	12	13	65.2173913043478
cg20872072	13	14	52
cg20872072	15	16	75.8620689655172
cg20872072	18	19	61.7647058823529
cg20872072	19	20	69.4444444444444
cg20872072	21	22	54.2857142857143
cg20872072	22	23	71.4285714285714
cg20872072	27	28	63.1578947368421
cg20872072	28	29	80
cg20872072	30	31	75
cg20872072	42	43	100
cg20872072	43	44	100
cg20872072	45	46	66.6666666666667
cg20872072	51	52	50
cg20872072	52	53	100
cg21005536	35	36	0
cg21005536	62	63	100
cg21005536	64	65	100
cg21028063	52	53	0
cg21028063	73	74	100
cg21097283	9	10	0
cg21097283	36	37	25
cg21097283	46	47	100
cg21097283	58	59	66.6666666666667
cg21097283	62	63	66.6666666666667
cg21107288	4	5	100
cg21107288	7	8	0
cg21107288	9	10	100
cg21107288	11	12	0
cg21107288	15	16	0
cg21166964	24	25	100
cg21166964	30	31	100
cg21177673	22	23	100
cg21177673	23	24	100
cg21177673	24	25	100
cg21177673	34	35	100
cg21177673	36	37	100
cg21177673	39	40	100
cg21177673	45	46	100
cg21177673	46	47	100
cg21177673	50	51	100
cg21177673	54	55	100
cg21177673	57	58	75
cg21294440	45	46	100
cg21294440	50	51	100
cg21294440	69	70	0
cg21294440	71	72	100
cg21294440	72	73	0
cg21294440	73	74	100
cg21294440	75	76	0
cg21294440	76	77	100
cg21333598	28	29	0
cg21333598	32	33	0
cg21333598	38	39	0
cg21333598	40	41	100
cg21333598	42	43	0
cg21333598	43	44	100
cg21419180	11	12	100
cg21419180	15	16	100
cg21516079	9	10	0
cg21516079	11	12	0
cg21516079	13	14	0
cg21520769	13	14	0
cg21520769	14	15	0
cg21520769	16	17	100
cg21520769	18	19	100
cg21520769	20	21	100
cg21520769	41	42	0
cg21520769	42	43	0
cg21576760	10	11	0
cg21576760	13	14	100
cg21576760	15	16	0
cg21576760	48	49	100
cg21576760	49	50	0
cg21576760	53	54	0
cg21639837	43	44	100
cg21639837	46	47	100
cg21639837	48	49	100
cg21639837	57	58	0
cg21639837	58	59	100
cg21639837	59	60	100
cg21668347	63	64	100
cg21668347	66	67	100
cg21668347	69	70	50
cg21668347	70	71	100
cg21668347	72	73	100
cg21668347	75	76	100
cg21684886	44	45	0
cg21684886	45	46	100
cg21684886	48	49	100
cg21684886	49	50	100
cg21684886	58	59	60
cg21836885	44	45	42.8571428571429
cg21836885	50	51	72.5806451612903
cg21836885	52	53	65.5629139072848
cg21836885	54	55	66.2251655629139
cg21836885	58	59	58.2089552238806
cg21836885	59	60	62.992125984252
cg21836885	60	61	61.9047619047619
cg21836885	64	65	59.1666666666667
cg21836885	65	66	60.8695652173913
cg21836885	67	68	71.4285714285714
cg21836885	68	69	71.1340206185567
cg21836885	75	76	66.6666666666667
cg21836885	76	77	66.6666666666667
cg21836885	77	78	100
cg21881832	38	39	100
cg21881832	41	42	0
cg21893671	68	69	100
cg21893671	71	72	100
cg21893671	72	73	100
cg21893671	74	75	100
cg22029297	16	17	50
cg22029297	18	19	70
cg22029297	21	22	66.6666666666667
cg22029297	22	23	66.6666666666667
cg22029297	27	28	72.7272727272727
cg22029297	29	30	80
cg22029297	30	31	55.5555555555556
cg22029297	31	32	87.5
cg22031066	42	43	0
cg22031066	43	44	0
cg22069272	32	33	66.6666666666667
cg22069272	34	35	60
cg22069272	36	37	57.1428571428571
cg22069272	38	39	50
cg22069272	39	40	88.8888888888889
cg22069272	40	41	50
cg22069272	42	43	37.5
cg22069272	45	46	80
cg22069272	46	47	40
cg22078760	25	26	100
cg22078760	32	33	100
cg22290035	63	64	100
cg22290035	64	65	100
cg22290035	68	69	0
cg22316499	19	20	78.5714285714286
cg22316499	21	22	50
cg22316499	23	24	73.6842105263158
cg22316499	25	26	65
cg22320967	2	3	0
cg22320967	9	10	66.6666666666667
cg22320967	26	27	33.3333333333333
cg22320967	27	28	75
cg22320967	32	33	100
cg22320967	41	42	46.1538461538462
cg22320967	43	44	58.3333333333333
cg22320967	45	46	58.3333333333333
cg22320967	48	49	50
cg22724078	20	21	100
cg22724078	21	22	100
cg22724078	22	23	0
cg22724078	23	24	100
cg22724078	31	32	100
cg22875689	11	12	100
cg22875689	14	15	66.6666666666667
cg22875689	17	18	100
cg22875689	21	22	100
cg22875689	45	46	100
cg22875689	48	49	0
cg22914892	14	15	100
cg22914892	23	24	0
cg22914892	28	29	100
cg22914892	30	31	100
cg22993731	9	10	100
cg22993731	11	12	100
cg22993731	16	17	100
cg22993731	17	18	100
cg22993731	23	24	0
cg22993731	24	25	0
cg23001333	27	28	100
cg23001333	42	43	100
cg23001333	44	45	66.6666666666667
cg23001333	47	48	66.6666666666667
cg23001333	48	49	33.3333333333333
cg23001333	51	52	0
cg23001333	71	72	0
cg23001333	72	73	100
cg23076498	2	3	0
cg23076498	4	5	0
cg23076498	6	7	50
cg23076498	7	8	66.6666666666667
cg23076498	9	10	100
cg23076498	11	12	66.6666666666667
cg23076498	13	14	100
cg23076498	17	18	100
cg23076498	18	19	100
cg23076498	57	58	100
cg23076498	59	60	100
cg23091488	32	33	0
cg23091488	33	34	100
cg23091488	34	35	0
cg23091488	38	39	100
cg23091488	60	61	100
cg23091488	61	62	0
cg23091488	63	64	100
cg23091488	64	65	0
cg23091488	66	67	100
cg23091488	67	68	100
cg23146472	3	4	0
cg23146472	5	6	0
cg23146472	7	8	100
cg23146472	8	9	100
cg23146472	10	11	100
cg23146472	11	12	0
cg23146472	14	15	100
cg23146472	59	60	75
cg23146472	61	62	60
cg23146472	62	63	80
cg23146472	63	64	50
cg23146472	64	65	83.3333333333333
cg23146472	66	67	71.4285714285714
cg23146472	67	68	53.3333333333333
cg23146472	68	69	80
cg23146472	69	70	73.3333333333333
cg23146472	70	71	78.5714285714286
cg23146472	72	73	70
cg23146472	74	75	77.7777777777778
cg23146717	39	40	100
cg23146717	43	44	100
cg23146717	44	45	100
cg23189934	38	39	100
cg23189934	48	49	100
cg23189934	49	50	100
cg23189934	51	52	100
cg23189934	53	54	100
cg23449696	63	64	100
cg23449696	64	65	100
cg23449696	70	71	0
cg23449696	74	75	0
cg23575948	61	62	100
cg23575948	62	63	100
cg23575948	63	64	0
cg23582869	53	54	0
cg23626248	61	62	100
cg23758053	15	16	0
cg23758053	18	19	0
cg23758053	19	20	0
cg23758053	22	23	0
cg23758053	60	61	0
cg23778391	1	2	100
cg23778391	7	8	50
cg23778391	40	41	10
cg23778391	41	42	90
cg23778391	42	43	90.9090909090909
cg23778391	51	52	33.3333333333333
cg23778391	52	53	90
cg23778391	53	54	90
cg23829949	2	3	100
cg23829949	3	4	66.6666666666667
cg23829949	5	6	100
cg23829949	7	8	66.6666666666667
cg23829949	11	12	0
cg23829949	14	15	100
cg23829949	17	18	100
cg23829949	19	20	100
cg23829949	20	21	100
cg23829949	22	23	100
cg23829949	27	28	0
cg23829949	34	35	0
cg23993631	63	64	100
cg24082948	13	14	0
cg24082948	17	18	0
cg24082948	19	20	0
cg24082948	54	55	100
cg24082948	57	58	100
cg24082948	58	59	0
cg24082948	60	61	100
cg24178740	4	5	100
cg24178740	6	7	0
cg24178740	7	8	50
cg24178740	8	9	50
cg24178740	10	11	100
cg24178740	11	12	50
cg24178740	12	13	0
cg24178740	15	16	100
cg24178740	29	30	42.8571428571429
cg24178740	31	32	100
cg24178740	34	35	80
cg24178740	37	38	100
cg24226527	42	43	100
cg24226527	51	52	100
cg24226527	52	53	100
cg24226527	53	54	100
cg24240262	35	36	100
cg24240262	66	67	50
cg24240262	70	71	33.3333333333333
cg24240262	74	75	100
cg24240262	77	78	0
cg24255409	1	2	100
cg24255409	2	3	100
cg24255409	4	5	100
cg24255409	5	6	100
cg24255409	7	8	100
cg24255409	53	54	100
cg24255409	59	60	100
cg24255409	60	61	100
cg24275772	67	68	0
cg24275772	69	70	100
cg24275772	71	72	0
cg24573918	36	37	100
cg24573918	37	38	100
cg24573918	46	47	50
cg24686610	8	9	100
cg24686610	31	32	100
cg24686610	35	36	100
cg24686610	36	37	100
cg24686610	42	43	100
cg24717141	69	70	0
cg24822649	23	24	100
cg24822649	24	25	100
cg24822649	25	26	100
cg24822649	30	31	100
cg24822649	67	68	0
cg24822649	70	71	0
cg24897861	18	19	100
cg24897861	64	65	100
cg24897861	65	66	100
cg24897861	67	68	100
cg24897861	73	74	100
cg25001128	59	60	100
cg25001128	61	62	100
cg25001128	65	66	100
cg25020809	7	8	100
cg25020809	33	34	0
cg25020809	40	41	0
cg25073174	8	9	0
cg25211765	29	30	100
cg25211765	32	33	100
cg25211765	52	53	0
cg25211765	55	56	0
cg25211765	57	58	100
cg25211765	58	59	100
cg25226813	23	24	100
cg25226813	25	26	100
cg25226813	27	28	100
cg25226813	30	31	100
cg25226813	31	32	50
cg25226813	33	34	100
cg25226813	40	41	66.6666666666667
cg25226813	42	43	100
cg25226813	46	47	66.6666666666667
cg25226813	67	68	100
cg25226813	68	69	100
cg25248596	30	31	0
cg25248596	31	32	100
cg25248596	32	33	100
cg25248596	33	34	100
cg25248596	70	71	0
cg25322213	26	27	0
cg25322213	29	30	100
cg25322213	64	65	100
cg25322213	65	66	100
cg25322213	71	72	100
cg25322213	74	75	100
cg25322213	75	76	100
cg25379954	32	33	0
cg25379954	35	36	50
cg25379954	37	38	0
cg25398727	26	27	100
cg25398727	29	30	66.6666666666667
cg25398727	32	33	100
cg25398727	33	34	66.6666666666667
cg25398727	36	37	66.6666666666667
cg25398727	51	52	100
cg25398727	53	54	0
cg25398727	63	64	100
cg25398727	66	67	100
cg25398727	68	69	100
cg25398727	71	72	100
cg25398727	72	73	100
cg25398727	74	75	100
cg25402449	2	3	100
cg25402449	4	5	0
cg25402449	62	63	100
cg25402449	64	65	0
cg25430089	10	11	100
cg25430089	12	13	33.3333333333333
cg25430089	13	14	33.3333333333333
cg25430089	15	16	66.6666666666667
cg25430089	19	20	66.6666666666667
cg25430089	21	22	100
cg25430089	22	23	100
cg25430089	24	25	66.6666666666667
cg25430089	26	27	100
cg25502186	6	7	100
cg25502186	7	8	100
cg25502186	8	9	100
cg25502186	11	12	100
cg25502186	15	16	100
cg25502186	17	18	100
cg25502186	18	19	100
cg25502186	20	21	100
cg25636884	6	7	100
cg25636884	8	9	0
cg25636884	9	10	100
cg25636884	10	11	100
cg25636884	14	15	0
cg25636884	62	63	100
cg25636884	66	67	100
cg25642165	1	2	100
cg25642165	3	4	100
cg25642165	4	5	100
cg25642165	5	6	0
cg25642165	7	8	100
cg25642165	9	10	100
cg25642165	10	11	50
cg25642165	11	12	100
cg25642165	14	15	100
cg25642165	15	16	100
cg25642165	16	17	0
cg25642165	17	18	100
cg25642165	20	21	100
cg25731502	38	39	100
cg25731502	39	40	100
cg25731502	43	44	100
cg25731502	70	71	0
cg25731502	72	73	100
cg25731502	73	74	100
cg25743059	8	9	100
cg25743059	14	15	100
cg25743059	39	40	0
cg25743059	41	42	0
cg25743059	42	43	100
cg25743059	43	44	0
cg25763390	29	30	100
cg25763390	30	31	100
cg25763390	32	33	100
cg25763390	51	52	100
cg25763390	53	54	0
cg25763390	58	59	100
cg25763390	59	60	0
cg25773519	15	16	0
cg25773519	17	18	0
cg25773519	20	21	100
cg25773519	23	24	100
cg25773519	68	69	100
cg25773519	70	71	100
cg25773519	71	72	100
cg25773519	72	73	100
cg25773519	73	74	100
cg25831669	35	36	100
cg25831669	41	42	100
cg25831669	42	43	83.3333333333333
cg25831669	45	46	100
cg25831669	47	48	100
cg25957641	31	32	0
cg25957641	46	47	0
cg25957641	47	48	0
cg25957641	50	51	100
cg25957641	53	54	100
cg26155008	3	4	100
cg26155008	52	53	0
cg26155008	55	56	33.3333333333333
cg26155008	63	64	0
cg26155008	64	65	66.6666666666667
cg26155008	65	66	100
cg26155008	66	67	50
cg26155008	70	71	25
cg26155008	72	73	75
cg26306124	38	39	0
cg26306124	68	69	0
cg26306124	69	70	100
cg26438612	9	10	66.6666666666667
cg26438612	23	24	100
cg26438612	25	26	100
cg26438612	26	27	100
cg26438612	28	29	100
cg26438612	30	31	100
cg26438612	31	32	100
cg26438612	68	69	100
cg26438612	69	70	100
cg26438612	72	73	0
cg26438612	73	74	50
cg26438612	76	77	100
cg26491213	30	31	100
cg26491213	32	33	100
cg26491213	33	34	100
cg26491213	34	35	50
cg26491213	35	36	100
cg26495946	50	51	100
cg26495946	52	53	100
cg26495946	53	54	100
cg26495946	56	57	100
cg26495946	57	58	100
cg26495946	59	60	100
cg26530991	16	17	50
cg26530991	17	18	0
cg26530991	26	27	0
cg26530991	27	28	0
cg26581639	40	41	0
cg26581639	42	43	0
cg26581639	49	50	75
cg26581639	50	51	75
cg26581639	51	52	75
cg26581639	57	58	100
cg26631126	54	55	0
cg26631126	64	65	66.6666666666667
cg26631126	66	67	100
cg26631126	72	73	100
cg26834803	35	36	100
cg26834803	37	38	0
cg26927472	44	45	50
cg26927472	47	48	40
cg26927472	49	50	100
cg26927472	55	56	100
cg27061549	48	49	100
cg27061549	50	51	100
cg27061549	63	64	0
cg27061549	64	65	100
cg27061549	66	67	100
cg27061549	67	68	100
cg27061549	70	71	100
cg27088374	1	2	100
cg27088374	2	3	100
cg27088374	6	7	100
cg27088374	7	8	100
cg27088374	15	16	66.6666666666667
cg27088374	17	18	33.3333333333333
cg27088374	20	21	66.6666666666667
cg27088374	22	23	33.3333333333333
cg27088374	23	24	66.6666666666667
cg27121137	8	9	100
cg27121137	9	10	0
cg27121137	11	12	0
cg27121137	13	14	100
cg27121137	14	15	0
cg27121137	16	17	100
cg27121137	17	18	100
cg27121137	18	19	0
cg27121137	42	43	100
cg27159708	2	3	0
cg27159708	6	7	100
cg27159708	60	61	100
cg27159708	63	64	50
cg27159708	66	67	50
cg27159708	69	70	0
cg27159708	70	71	100
cg27196467	0	1	100
cg27196467	2	3	100
cg27196467	3	4	0
cg27196467	4	5	100
cg27196467	8	9	0
cg27196467	9	10	100
cg27196467	12	13	100
cg27257879	47	48	0
cg27257879	49	50	100
cg27257879	51	52	100
cg27257879	60	61	100
cg27257879	61	62	100
cg27257879	63	64	100
cg27389123	36	37	0
cg27389123	37	38	100
cg27389123	42	43	100
cg27389123	48	49	100
cg27389123	49	50	100
cg27514424	4	5	100
cg27514424	6	7	0
cg27582648	15	16	100
cg27582648	17	18	75
cg27582648	23	24	100
cg27582648	29	30	100
cg27582648	31	32	100
cg27605823	14	15	100
cg27605823	48	49	0
cg27605823	53	54	0
