track type=bedGraph
cg00153046	26	27	100
cg00153046	30	31	50
cg00153046	31	32	50
cg00153046	40	41	100
cg00153046	53	54	100
cg00279752	44	45	100
cg00279752	45	46	50
cg00279752	51	52	100
cg00367518	10	11	0
cg00367518	17	18	100
cg00367518	46	47	0
cg00367518	47	48	50
cg00370791	3	4	0
cg00370791	4	5	100
cg00370791	5	6	0
cg00370791	10	11	0
cg00370791	13	14	0
cg00370791	14	15	0
cg00370791	23	24	0
cg00370791	25	26	0
cg00370791	34	35	0
cg00370791	40	41	0
cg00370791	48	49	0
cg00370791	52	53	0
cg00370791	57	58	0
cg00370791	59	60	0
cg00370791	63	64	0
cg00370791	64	65	0
cg00370791	65	66	0
cg00370791	67	68	50
cg00370791	68	69	0
cg00370791	69	70	0
cg00370791	72	73	0
cg00475509	65	66	0
cg00475509	66	67	0
cg00475509	72	73	0
cg00546693	54	55	100
cg00546693	56	57	100
cg00546693	58	59	100
cg00777340	20	21	0
cg00777340	32	33	0
cg00777340	34	35	0
cg00777340	38	39	0
cg00777340	50	51	0
cg00952468	14	15	100
cg00952468	71	72	100
cg01008025	21	22	100
cg01008025	47	48	100
cg01008025	48	49	100
cg01008025	53	54	100
cg01008025	54	55	100
cg01008025	55	56	100
cg01049141	4	5	100
cg01049141	13	14	0
cg01049141	32	33	0
cg01049141	34	35	0
cg01049141	43	44	0
cg01049141	44	45	0
cg01049141	45	46	0
cg01049141	50	51	0
cg01049141	51	52	0
cg01099625	1	2	100
cg01099625	3	4	100
cg01099625	44	45	100
cg01099625	45	46	50
cg01099625	48	49	100
cg01099625	57	58	60
cg01099625	58	59	75
cg01099625	61	62	100
cg01429507	65	66	0
cg01429507	67	68	0
cg01429507	68	69	0
cg01522923	19	20	0
cg01522923	39	40	0
cg01620430	9	10	100
cg01620430	11	12	50
cg01620430	12	13	100
cg01620430	16	17	100
cg01620430	18	19	0
cg01620430	20	21	0
cg01650941	6	7	0
cg01650941	8	9	0
cg01650941	9	10	0
cg01650941	14	15	0
cg01650941	16	17	0
cg01650941	19	20	0
cg01650941	24	25	0
cg01650941	29	30	0
cg01650941	31	32	0
cg01650941	35	36	0
cg01650941	36	37	0
cg01650941	39	40	0
cg01650941	45	46	0
cg01650941	46	47	0
cg01650941	48	49	0
cg01650941	59	60	0
cg01650941	65	66	0
cg01650941	68	69	0
cg01856529	3	4	100
cg01856529	4	5	100
cg01856529	6	7	100
cg01856529	7	8	100
cg01856529	8	9	100
cg01856529	9	10	100
cg01856529	11	12	100
cg01856529	12	13	100
cg01856529	13	14	100
cg01856529	14	15	100
cg01856529	15	16	100
cg01856529	17	18	100
cg01935699	22	23	100
cg01935699	23	24	100
cg01935699	24	25	0
cg01935699	71	72	100
cg01935699	77	78	0
cg01992907	6	7	0
cg01992907	8	9	100
cg01992907	9	10	0
cg01992907	15	16	0
cg01992907	17	18	100
cg02040024	50	51	0
cg02040024	56	57	0
cg02040024	65	66	0
cg02040024	66	67	0
cg02040024	67	68	0
cg02040024	71	72	0
cg02286774	29	30	100
cg02286774	30	31	100
cg02286774	44	45	100
cg02286774	46	47	100
cg02317025	51	52	100
cg02317025	55	56	100
cg02334049	30	31	0
cg02334049	35	36	0
cg02334049	36	37	0
cg02334049	55	56	0
cg02334049	62	63	0
cg02343936	16	17	100
cg02343936	22	23	100
cg02343936	24	25	100
cg02343936	42	43	0
cg02343936	43	44	100
cg02343936	44	45	0
cg02351382	33	34	100
cg02351382	37	38	0
cg02351382	39	40	100
cg02351382	43	44	0
cg02352577	4	5	100
cg02352577	38	39	0
cg02352577	39	40	100
cg02352577	42	43	100
cg02456288	21	22	0
cg02456288	24	25	0
cg02456288	25	26	0
cg02456288	26	27	0
cg02456288	27	28	0
cg02456288	31	32	0
cg02456288	58	59	0
cg02456288	60	61	0
cg02456288	64	65	0
cg02456288	65	66	0
cg02538199	6	7	0
cg02538199	35	36	0
cg02538199	43	44	0
cg02538199	64	65	0
cg02762509	46	47	0
cg02762509	58	59	0
cg02762509	59	60	0
cg02762509	65	66	0
cg02873524	22	23	0
cg02873524	29	30	0
cg02873524	49	50	0
cg02894112	10	11	0
cg02894112	19	20	0
cg02894112	20	21	0
cg02894112	21	22	0
cg02894112	24	25	0
cg02894112	29	30	0
cg02894112	31	32	0
cg02894112	35	36	0
cg02894112	40	41	0
cg02894112	60	61	0
cg02894112	65	66	0
cg02905739	42	43	0
cg02905739	45	46	100
cg02905739	49	50	50
cg02905739	51	52	100
cg02905739	56	57	100
cg02905739	62	63	0
cg02905739	63	64	0
cg03094159	49	50	0
cg03094159	69	70	0
cg03094159	75	76	0
cg03144020	14	15	0
cg03144020	18	19	0
cg03144020	20	21	0
cg03144020	34	35	0
cg03144020	47	48	0
cg03144020	48	49	0
cg03144020	50	51	0
cg03144020	51	52	0
cg03144020	53	54	0
cg03144020	55	56	0
cg03144020	56	57	0
cg03144020	68	69	0
cg03144020	69	70	0
cg03260195	6	7	100
cg03260195	74	75	0
cg03391684	14	15	0
cg03391684	16	17	100
cg03391684	68	69	100
cg03391684	74	75	100
cg03536788	17	18	0
cg03536788	20	21	0
cg03536788	23	24	0
cg03536788	27	28	0
cg03597491	9	10	0
cg03597491	34	35	0
cg03597491	39	40	0
cg03597491	56	57	0
cg03597491	63	64	0
cg03597491	64	65	0
cg03600207	37	38	0
cg03600207	41	42	0
cg03600207	42	43	0
cg03600207	43	44	50
cg03674256	17	18	0
cg03674256	19	20	0
cg03674256	20	21	100
cg03674256	22	23	0
cg03674256	58	59	0
cg03674256	60	61	100
cg03787614	34	35	0
cg03787614	41	42	0
cg03787614	45	46	0
cg03787614	46	47	0
cg03787614	48	49	0
cg03787614	51	52	0
cg03787614	52	53	0
cg03787614	54	55	0
cg03938432	63	64	100
cg03938432	64	65	0
cg03938432	67	68	0
cg03938432	68	69	100
cg03938432	72	73	50
cg03938432	73	74	100
cg03938432	76	77	0
cg03938432	77	78	0
cg03938432	78	79	100
cg03938432	79	80	100
cg04449703	18	19	0
cg04449703	28	29	0
cg04449703	29	30	0
cg04449703	39	40	0
cg04449703	54	55	0
cg04449703	55	56	0
cg04449703	57	58	0
cg04449703	58	59	0
cg04449703	59	60	0
cg04449703	60	61	0
cg04449703	66	67	0
cg04449703	70	71	0
cg04583031	35	36	0
cg04583031	38	39	0
cg04583031	43	44	0
cg04583031	44	45	0
cg04583031	45	46	0
cg04583031	46	47	0
cg04583031	47	48	0
cg04583031	50	51	0
cg04583031	53	54	0
cg04583031	58	59	0
cg04583031	59	60	0
cg04583031	64	65	0
cg04804914	4	5	0
cg04804914	5	6	0
cg04905851	16	17	0
cg04905851	25	26	0
cg04951214	36	37	100
cg04951214	63	64	0
cg04951214	72	73	100
cg04951214	73	74	100
cg04956792	31	32	0
cg04956792	35	36	0
cg04956792	52	53	0
cg04956792	65	66	0
cg04956792	76	77	0
cg04956792	77	78	0
cg05035791	11	12	0
cg05035791	38	39	0
cg05173279	45	46	0
cg05173279	46	47	0
cg05173279	62	63	0
cg05173279	69	70	0
cg05190315	35	36	0
cg05190315	36	37	0
cg05190315	37	38	0
cg05190315	51	52	0
cg05190315	52	53	0
cg05190315	63	64	0
cg05190315	64	65	0
cg05275337	34	35	100
cg05275337	36	37	100
cg05275337	39	40	100
cg05275337	41	42	0
cg05275337	45	46	100
cg05331950	12	13	100
cg05331950	28	29	0
cg05406154	39	40	0
cg05406154	40	41	0
cg05406154	41	42	0
cg05406154	42	43	0
cg05406154	53	54	0
cg05642042	34	35	0
cg05642042	35	36	0
cg05642042	44	45	0
cg05642042	46	47	0
cg05642042	47	48	0
cg05642042	49	50	0
cg05642042	62	63	0
cg05660816	58	59	100
cg05660816	60	61	0
cg05660816	68	69	50
cg05660816	73	74	0
cg05688812	64	65	0
cg05688812	66	67	0
cg05688812	67	68	0
cg05688812	71	72	0
cg05688812	75	76	0
cg05693178	24	25	0
cg05693178	25	26	100
cg05821475	11	12	0
cg05821475	12	13	0
cg05821475	16	17	0
cg05821475	17	18	0
cg05821475	19	20	0
cg05821475	20	21	0
cg05821475	38	39	0
cg05821475	65	66	0
cg05879189	22	23	100
cg05879189	23	24	50
cg05879189	24	25	0
cg05879189	33	34	100
cg05933419	60	61	100
cg05933419	61	62	100
cg05933419	67	68	100
cg06023028	20	21	100
cg06023028	21	22	100
cg06023028	22	23	100
cg06023028	24	25	100
cg06023028	25	26	100
cg06037672	43	44	0
cg06113157	17	18	0
cg06113157	18	19	0
cg06113157	20	21	0
cg06113157	22	23	0
cg06113157	29	30	0
cg06113157	30	31	0
cg06113157	31	32	0
cg06113157	32	33	0
cg06113157	33	34	0
cg06113157	39	40	0
cg06113157	41	42	0
cg06113157	43	44	0
cg06113157	58	59	0
cg06113157	65	66	0
cg06115225	9	10	0
cg06115225	10	11	0
cg06115225	20	21	0
cg06115225	27	28	0
cg06115225	28	29	0
cg06115225	32	33	0
cg06115225	41	42	0
cg06115225	61	62	0
cg06292880	10	11	100
cg06292880	14	15	50
cg06292880	18	19	75
cg06292880	26	27	40
cg06292880	27	28	33.3333333333333
cg06292880	31	32	25
cg06292880	34	35	100
cg06550953	9	10	100
cg06550953	10	11	100
cg06610975	32	33	0
cg06610975	35	36	0
cg06610975	40	41	0
cg06610975	45	46	0
cg06610975	52	53	0
cg06610975	56	57	0
cg06610975	64	65	0
cg06708132	20	21	100
cg06708132	24	25	100
cg06708132	25	26	0
cg06708132	61	62	100
cg06718658	63	64	100
cg06718658	65	66	0
cg07171305	23	24	100
cg07171305	24	25	100
cg07171305	25	26	100
cg07171305	27	28	100
cg07171305	28	29	100
cg07171305	29	30	100
cg07171305	47	48	0
cg07171305	48	49	100
cg07171305	62	63	100
cg07171305	64	65	100
cg07171305	67	68	50
cg07171305	68	69	100
cg07171305	71	72	100
cg07232817	13	14	0
cg07232817	18	19	0
cg07232817	19	20	0
cg07232817	21	22	0
cg07232817	27	28	0
cg07232817	34	35	0
cg07232817	43	44	0
cg07232817	56	57	0
cg07232817	62	63	0
cg07645671	7	8	100
cg07645671	46	47	100
cg07645671	52	53	100
cg07645671	55	56	87.5
cg07645671	56	57	87.5
cg07645671	58	59	100
cg07645671	61	62	87.5
cg07645671	65	66	100
cg07704742	22	23	0
cg07704742	24	25	100
cg07704742	25	26	100
cg07704742	26	27	50
cg07704742	27	28	50
cg07704742	29	30	50
cg07990641	48	49	0
cg07990641	51	52	100
cg07990641	58	59	0
cg07990641	64	65	0
cg07990641	65	66	100
cg07990641	67	68	0
cg08005992	18	19	0
cg08005992	24	25	50
cg08005992	28	29	0
cg08170671	8	9	0
cg08170671	32	33	0
cg08170671	52	53	0
cg08170671	53	54	0
cg08170671	55	56	50
cg08170671	70	71	0
cg08170671	71	72	50
cg08170671	72	73	100
cg08281622	29	30	0
cg08281622	30	31	0
cg08281622	31	32	0
cg08281622	37	38	0
cg08281622	38	39	0
cg08281622	39	40	0
cg08281622	44	45	0
cg08281622	49	50	0
cg08281622	50	51	0
cg08281622	51	52	0
cg08281622	57	58	0
cg08281622	58	59	0
cg08281622	62	63	0
cg08281622	63	64	0
cg08281622	69	70	0
cg08281622	70	71	0
cg08281622	71	72	0
cg08281622	76	77	0
cg08285141	28	29	0
cg08285141	29	30	0
cg08285141	36	37	0
cg08285141	42	43	0
cg08285141	46	47	0
cg08285141	63	64	0
cg08285141	68	69	0
cg08372705	10	11	100
cg08372705	15	16	50
cg08372705	16	17	100
cg08372705	21	22	100
cg08372705	22	23	0
cg08460572	12	13	0
cg08460572	71	72	100
cg08519469	7	8	0
cg08519469	13	14	0
cg08519469	14	15	0
cg08519469	36	37	0
cg08519469	42	43	0
cg08519469	50	51	0
cg08519469	59	60	0
cg08519469	60	61	0
cg08519469	62	63	0
cg08519469	64	65	0
cg08519469	67	68	0
cg08519469	71	72	0
cg08519469	72	73	0
cg08519469	77	78	0
cg08629602	20	21	0
cg08629602	21	22	0
cg08629602	25	26	0
cg08629602	45	46	0
cg08629602	51	52	0
cg08629602	63	64	33.3333333333333
cg08629602	70	71	25
cg08854986	10	11	0
cg08921975	11	12	0
cg08921975	13	14	0
cg08921975	14	15	0
cg08921975	16	17	0
cg08921975	17	18	0
cg08921975	18	19	0
cg08921975	29	30	0
cg08921975	39	40	50
cg08921975	41	42	50
cg08921975	44	45	50
cg08921975	45	46	0
cg08921975	47	48	50
cg08921975	48	49	50
cg08921975	50	51	33.3333333333333
cg08921975	51	52	33.3333333333333
cg08921975	53	54	33.3333333333333
cg08921975	55	56	50
cg08921975	57	58	50
cg08921975	61	62	33.3333333333333
cg08921975	62	63	33.3333333333333
cg08921975	67	68	33.3333333333333
cg08924167	7	8	0
cg08924167	12	13	0
cg08924167	61	62	100
cg08924167	62	63	0
cg08924167	64	65	0
cg08933507	10	11	100
cg08933507	14	15	0
cg08933507	16	17	0
cg08933507	18	19	0
cg08933507	65	66	0
cg08933507	66	67	0
cg08933507	67	68	0
cg08987848	21	22	100
cg09102690	32	33	0
cg09102690	41	42	0
cg09102690	48	49	0
cg09102690	59	60	0
cg09102690	63	64	0
cg09102690	64	65	0
cg09102690	65	66	0
cg09207493	30	31	0
cg09207493	31	32	0
cg09207493	32	33	0
cg09207493	56	57	0
cg09207493	57	58	0
cg09313308	9	10	0
cg09313308	10	11	0
cg09313308	12	13	0
cg09313308	15	16	0
cg09313308	19	20	0
cg09313308	27	28	0
cg09313308	37	38	0
cg09313308	38	39	0
cg09313308	42	43	0
cg09313308	45	46	0
cg09313308	61	62	0
cg09317554	39	40	0
cg09367901	43	44	0
cg09367901	44	45	0
cg09367901	46	47	0
cg09367901	47	48	0
cg09367901	53	54	0
cg09367901	58	59	0
cg09367901	62	63	0
cg09376856	6	7	0
cg09376856	13	14	100
cg09376856	21	22	100
cg09376856	31	32	0
cg09376856	38	39	0
cg09510409	27	28	100
cg09579869	39	40	0
cg09579869	57	58	0
cg09579869	58	59	0
cg09579869	60	61	0
cg09579869	67	68	0
cg09579869	69	70	0
cg09682305	11	12	100
cg09682305	12	13	100
cg09682305	14	15	0
cg09682305	17	18	66.6666666666667
cg09682305	20	21	50
cg09682305	23	24	50
cg09682305	26	27	0
cg09682305	27	28	0
cg09682305	29	30	50
cg09682305	31	32	50
cg09682305	32	33	50
cg09682305	35	36	0
cg09682305	43	44	0
cg09682305	48	49	0
cg09682305	50	51	0
cg09682305	53	54	0
cg09682305	61	62	0
cg09682305	62	63	0
cg09699229	16	17	100
cg09699229	69	70	100
cg09699229	72	73	0
cg09699229	74	75	100
cg09817553	42	43	0
cg09817553	46	47	0
cg09817553	48	49	0
cg09817553	49	50	0
cg09817553	50	51	0
cg09817553	51	52	0
cg09841954	6	7	0
cg09841954	7	8	0
cg09841954	18	19	0
cg09841954	20	21	100
cg10024790	22	23	100
cg10024790	25	26	0
cg10024790	26	27	100
cg10024790	29	30	50
cg10024790	37	38	100
cg10024790	40	41	100
cg10024790	44	45	0
cg10024790	45	46	100
cg10024790	48	49	100
cg10024790	52	53	100
cg10024790	53	54	100
cg10024790	56	57	100
cg10131194	8	9	0
cg10131194	33	34	0
cg10131194	57	58	0
cg10131194	59	60	0
cg10131194	60	61	0
cg10131194	61	62	0
cg10131194	65	66	0
cg10131194	67	68	0
cg10131194	69	70	0
cg10131194	70	71	0
cg10287351	25	26	0
cg10287351	28	29	100
cg10287351	59	60	0
cg10583873	57	58	0
cg10583873	65	66	100
cg10591258	5	6	0
cg10591258	6	7	0
cg10591258	9	10	0
cg10591258	43	44	0
cg10591258	47	48	0
cg10593080	9	10	0
cg10593080	11	12	0
cg10593080	37	38	0
cg10593080	50	51	0
cg10593080	52	53	0
cg10593080	53	54	0
cg10593080	55	56	0
cg10593080	56	57	0
cg10604668	29	30	0
cg10604668	30	31	66.6666666666667
cg10604668	34	35	75
cg10604668	36	37	25
cg10604668	37	38	25
cg10604668	38	39	50
cg10604668	39	40	33.3333333333333
cg10604668	40	41	33.3333333333333
cg10604668	41	42	0
cg10604668	44	45	0
cg10604668	46	47	66.6666666666667
cg10604668	47	48	33.3333333333333
cg10604668	49	50	100
cg10604668	69	70	100
cg10624665	12	13	0
cg10624665	24	25	0
cg10624665	28	29	0
cg10624665	33	34	0
cg10624665	39	40	0
cg10624665	44	45	0
cg10624665	45	46	0
cg10624665	48	49	0
cg10624665	54	55	0
cg10624665	61	62	0
cg10624665	63	64	0
cg10624665	66	67	0
cg11156486	22	23	0
cg11156486	28	29	0
cg11156486	47	48	0
cg11156486	51	52	0
cg11458204	20	21	0
cg11458204	32	33	50
cg11458204	41	42	0
cg11458204	44	45	0
cg11458204	60	61	0
cg11458204	75	76	0
cg11666770	28	29	0
cg11666770	33	34	0
cg11666770	35	36	0
cg11666770	41	42	0
cg11729098	55	56	100
cg11729098	59	60	100
cg11729098	60	61	100
cg11729098	62	63	100
cg11729098	67	68	100
cg11729098	68	69	100
cg11741231	11	12	100
cg11741231	14	15	100
cg11741231	17	18	0
cg11772199	44	45	0
cg11772199	49	50	0
cg11908885	8	9	0
cg11908885	14	15	0
cg11908885	25	26	0
cg11908885	37	38	33.3333333333333
cg11908885	38	39	33.3333333333333
cg11908885	59	60	0
cg11908885	62	63	33.3333333333333
cg11908885	63	64	33.3333333333333
cg11908885	72	73	100
cg12046720	4	5	100
cg12046720	8	9	100
cg12046720	51	52	0
cg12046720	52	53	0
cg12046720	56	57	0
cg12046720	57	58	0
cg12046720	58	59	0
cg12046720	62	63	0
cg12046720	63	64	0
cg12145907	4	5	0
cg12145907	5	6	0
cg12306961	25	26	0
cg12306961	26	27	0
cg12306961	31	32	0
cg12306961	33	34	0
cg12306961	38	39	0
cg12306961	45	46	0
cg12306961	57	58	0
cg12306961	60	61	0
cg12306961	67	68	0
cg12306961	68	69	0
cg12306961	69	70	0
cg12338604	51	52	0
cg12338604	57	58	0
cg12338604	66	67	0
cg12338604	68	69	0
cg12406333	5	6	100
cg12406333	6	7	0
cg12406333	12	13	100
cg12406333	13	14	100
cg12406333	15	16	100
cg12406333	18	19	100
cg12593479	12	13	100
cg12593479	69	70	100
cg12593479	71	72	100
cg12593479	72	73	100
cg12593479	75	76	100
cg12780461	65	66	100
cg12780461	71	72	100
cg12841266	5	6	0
cg12841266	7	8	0
cg12841266	8	9	0
cg12841266	11	12	0
cg12841266	22	23	0
cg12841266	23	24	0
cg12841266	26	27	0
cg12841266	37	38	0
cg12841266	38	39	0
cg12841266	41	42	0
cg12841266	68	69	0
cg12841266	69	70	0
cg12903213	8	9	0
cg12903213	15	16	0
cg12935350	26	27	0
cg12935350	43	44	0
cg12935350	44	45	100
cg13143654	11	12	0
cg13143654	13	14	0
cg13143654	14	15	0
cg13143654	16	17	0
cg13143654	19	20	0
cg13143654	20	21	0
cg13143654	22	23	0
cg13143654	23	24	0
cg13143654	25	26	0
cg13143654	26	27	0
cg13143654	27	28	0
cg13143654	28	29	0
cg13143654	29	30	0
cg13143654	36	37	0
cg13143654	38	39	0
cg13143654	40	41	0
cg13143654	41	42	0
cg13143654	48	49	0
cg13143654	49	50	0
cg13143654	65	66	0
cg13143654	66	67	0
cg13143654	68	69	0
cg13143654	69	70	0
cg13163729	21	22	0
cg13163729	24	25	0
cg13163729	27	28	0
cg13163729	29	30	0
cg13163729	30	31	0
cg13163729	31	32	0
cg13163729	33	34	0
cg13163729	34	35	0
cg13163729	35	36	0
cg13163729	42	43	0
cg13163729	48	49	0
cg13163729	49	50	0
cg13163729	63	64	0
cg13163729	64	65	0
cg13163729	65	66	0
cg13163729	66	67	0
cg13163729	67	68	0
cg13163729	73	74	0
cg13163729	75	76	0
cg13192313	6	7	100
cg13192313	7	8	100
cg13192313	27	28	0
cg13288931	54	55	0
cg13288931	55	56	0
cg13288931	64	65	0
cg13300506	34	35	0
cg13300506	43	44	0
cg13300506	45	46	0
cg13300506	47	48	0
cg13300506	59	60	0
cg13300506	64	65	0
cg13300506	73	74	0
cg13331682	24	25	0
cg13331682	26	27	0
cg13331682	65	66	0
cg13331682	67	68	0
cg13366102	67	68	0
cg13366102	69	70	0
cg13366102	71	72	0
cg13366102	73	74	0
cg13366102	74	75	100
cg13366102	75	76	100
cg13487071	39	40	0
cg13487071	48	49	0
cg13487071	51	52	0
cg13487071	52	53	0
cg13487071	53	54	0
cg13548252	3	4	100
cg13548252	4	5	0
cg13548252	17	18	0
cg13548252	19	20	0
cg13548252	20	21	0
cg13604683	35	36	0
cg13604683	36	37	100
cg13604683	43	44	0
cg13677591	15	16	100
cg13677591	17	18	0
cg13694139	30	31	0
cg13694139	39	40	0
cg13854663	27	28	0
cg13854663	37	38	0
cg13854663	38	39	0
cg13854663	48	49	0
cg13854663	69	70	0
cg13854663	74	75	0
cg13854663	75	76	0
cg13922229	22	23	0
cg13922229	23	24	0
cg13922229	25	26	0
cg13922229	27	28	0
cg13922229	30	31	0
cg13922229	31	32	0
cg13922229	35	36	0
cg13922229	47	48	0
cg13922229	63	64	0
cg13922229	69	70	0
cg14140337	15	16	0
cg14140337	16	17	0
cg14140337	20	21	0
cg14140337	24	25	0
cg14140337	25	26	0
cg14140337	29	30	0
cg14360629	6	7	50
cg14360629	7	8	100
cg14360629	9	10	66.6666666666667
cg14360629	11	12	33.3333333333333
cg14360629	13	14	25
cg14360629	15	16	75
cg14360629	17	18	100
cg14360629	18	19	50
cg14360629	19	20	50
cg14360629	20	21	50
cg14360629	22	23	40
cg14360629	29	30	50
cg14415958	78	79	0
cg14715530	20	21	0
cg14715530	35	36	0
cg14715530	41	42	0
cg15028045	6	7	0
cg15028045	22	23	0
cg15028045	33	34	0
cg15028045	35	36	0
cg15028045	36	37	0
cg15028045	48	49	0
cg15075184	14	15	100
cg15234261	62	63	0
cg15234261	64	65	0
cg15262576	14	15	0
cg15262576	24	25	0
cg15262576	27	28	0
cg15262576	28	29	0
cg15262576	49	50	0
cg15262576	62	63	0
cg15469181	58	59	50
cg15469181	64	65	0
cg15469181	66	67	0
cg15469181	67	68	0
cg15639204	8	9	0
cg15639204	9	10	0
cg15639204	10	11	0
cg15639204	22	23	0
cg15639204	36	37	0
cg15639204	42	43	0
cg15639204	51	52	0
cg15639204	67	68	0
cg15890010	39	40	50
cg15890010	40	41	100
cg15890010	47	48	100
cg15890010	50	51	100
cg16046465	25	26	0
cg16046465	46	47	0
cg16095149	18	19	0
cg16095149	24	25	0
cg16095149	25	26	0
cg16095149	27	28	0
cg16095149	29	30	0
cg16095149	30	31	0
cg16277100	8	9	0
cg16277100	11	12	0
cg16277100	13	14	0
cg16456627	10	11	100
cg16456627	11	12	100
cg16456627	12	13	100
cg16456627	21	22	83.3333333333333
cg16456627	23	24	50
cg16456627	24	25	33.3333333333333
cg16456627	28	29	71.4285714285714
cg16456627	29	30	42.8571428571429
cg16456627	31	32	57.1428571428571
cg16456627	36	37	0
cg16532688	37	38	0
cg16582309	21	22	0
cg16582309	24	25	0
cg16582309	32	33	0
cg16606195	23	24	100
cg16658659	32	33	0
cg16744551	11	12	100
cg16744551	13	14	0
cg16744551	17	18	100
cg16744551	19	20	0
cg16744551	23	24	100
cg16839209	19	20	0
cg16839209	21	22	0
cg16839209	37	38	0
cg16839209	38	39	0
cg16839209	74	75	0
cg16839209	75	76	0
cg16948650	41	42	0
cg16948650	42	43	0
cg16948650	76	77	100
cg16948650	77	78	0
cg17644722	18	19	0
cg17644722	19	20	0
cg17644722	68	69	0
cg17696987	22	23	0
cg17696987	59	60	0
cg17696987	60	61	0
cg17779362	53	54	100
cg17779362	54	55	100
cg17779362	68	69	100
cg17779362	69	70	100
cg17779362	70	71	0
cg17779362	71	72	100
cg17854644	42	43	0
cg17854644	46	47	0
cg17854644	48	49	100
cg17854644	49	50	0
cg18014720	10	11	100
cg18014720	18	19	100
cg18014720	47	48	100
cg18120675	12	13	0
cg18120675	15	16	0
cg18120675	18	19	0
cg18120675	19	20	0
cg18120675	23	24	0
cg18120675	27	28	0
cg18120675	33	34	0
cg18120675	41	42	0
cg18120675	42	43	0
cg18120675	48	49	0
cg18120675	49	50	0
cg18120675	51	52	0
cg18135595	51	52	0
cg18135595	53	54	100
cg18135595	60	61	0
cg18192799	8	9	0
cg18192799	9	10	0
cg18192799	12	13	0
cg18192799	14	15	0
cg18243072	6	7	100
cg18243072	7	8	100
cg18243072	12	13	100
cg18243072	13	14	100
cg18243072	14	15	100
cg18243072	16	17	100
cg18243072	71	72	100
cg18299578	34	35	0
cg18299578	35	36	0
cg18480384	65	66	100
cg18760617	9	10	0
cg18815657	40	41	100
cg18815657	42	43	100
cg18815657	47	48	100
cg18815657	49	50	100
cg18815657	51	52	75
cg18815657	52	53	100
cg18815657	57	58	0
cg18821963	8	9	0
cg18821963	10	11	0
cg18821963	11	12	0
cg18821963	26	27	0
cg18821963	35	36	0
cg18821963	50	51	0
cg18821963	52	53	0
cg18821963	56	57	0
cg18821963	59	60	0
cg18821963	60	61	0
cg18845660	7	8	100
cg18845660	54	55	0
cg18972426	5	6	0
cg18972426	11	12	0
cg18972426	27	28	0
cg18972426	29	30	0
cg18972426	36	37	0
cg19117962	39	40	66.6666666666667
cg19117962	41	42	100
cg19117962	45	46	83.3333333333333
cg19117962	47	48	71.4285714285714
cg19117962	49	50	42.8571428571429
cg19117962	51	52	50
cg19117962	53	54	50
cg19117962	55	56	60
cg19117962	57	58	80
cg19117962	59	60	80
cg19117962	61	62	33.3333333333333
cg19117962	63	64	50
cg19223789	18	19	0
cg19223789	24	25	0
cg19291109	17	18	0
cg19291109	23	24	0
cg19291109	25	26	0
cg19291109	29	30	0
cg19314788	55	56	100
cg19314788	56	57	100
cg19314788	57	58	100
cg19314788	63	64	100
cg19314788	65	66	100
cg19314788	72	73	50
cg19560915	46	47	100
cg19560915	49	50	0
cg19658834	11	12	0
cg19658834	19	20	0
cg19658834	20	21	0
cg19702779	45	46	100
cg19702779	48	49	100
cg19702779	53	54	100
cg20167583	15	16	50
cg20167583	17	18	100
cg20167583	18	19	0
cg20167583	20	21	0
cg20167583	22	23	0
cg20167583	26	27	100
cg20167583	29	30	100
cg20167583	31	32	100
cg20192941	3	4	100
cg20192941	8	9	0
cg20192941	13	14	0
cg20192941	15	16	0
cg20192941	22	23	0
cg20192941	23	24	0
cg20233387.1	49	50	100
cg20233387.1	51	52	100
cg20233387.1	53	54	100
cg20233387.1	58	59	50
cg20233387.1	61	62	100
cg20477718	2	3	0
cg20477718	3	4	0
cg20477718	4	5	0
cg20477718	5	6	0
cg20477718	6	7	0
cg20477718	8	9	0
cg20477718	9	10	0
cg20627844	76	77	100
cg20805191	4	5	100
cg20805191	5	6	100
cg20805191	29	30	100
cg20821442	13	14	0
cg20821442	14	15	100
cg20821442	15	16	0
cg20821442	17	18	0
cg20821442	19	20	0
cg20821442	51	52	0
cg20872072	9	10	0
cg20872072	12	13	0
cg20872072	13	14	50
cg20872072	15	16	0
cg20872072	18	19	0
cg20872072	19	20	100
cg20872072	21	22	0
cg20872072	22	23	100
cg20916989	55	56	0
cg20916989	67	68	0
cg20916989	69	70	0
cg20916989	70	71	0
cg20916989	71	72	0
cg20916989	72	73	0
cg20916989	74	75	0
cg20925142	15	16	0
cg20925142	20	21	0
cg20925142	34	35	100
cg20925142	35	36	0
cg20925142	39	40	0
cg20925142	40	41	100
cg20925142	41	42	0
cg20950377	12	13	0
cg21046297	29	30	0
cg21046297	35	36	0
cg21077839	9	10	0
cg21077839	65	66	100
cg21077839	70	71	0
cg21077839	71	72	100
cg21294440	45	46	0
cg21314020	14	15	0
cg21314020	18	19	0
cg21314020	19	20	0
cg21333598	38	39	100
cg21333598	40	41	100
cg21333598	42	43	0
cg21333598	43	44	100
cg21333598	48	49	100
cg21333598	49	50	100
cg21335694	30	31	100
cg21335694	40	41	100
cg21335694	41	42	0
cg21344984	34	35	0
cg21344984	35	36	0
cg21344984	45	46	0
cg21344984	56	57	0
cg21452781	12	13	0
cg21452781	18	19	0
cg21452781	24	25	0
cg21452781	25	26	0
cg21452781	43	44	0
cg21452781	44	45	0
cg21452781	57	58	0
cg21452781	65	66	0
cg21452781	66	67	0
cg21520769	10	11	100
cg21520769	32	33	0
cg21520769	33	34	0
cg21520769	35	36	0
cg21520769	41	42	0
cg21520769	42	43	0
cg21520769	55	56	100
cg21668347	54	55	0
cg21668347	55	56	0
cg21668347	59	60	50
cg21668347	62	63	100
cg21668347	63	64	100
cg21714079	3	4	0
cg21714079	9	10	0
cg21714079	11	12	0
cg21714079	19	20	0
cg21714079	43	44	0
cg21714079	56	57	0
cg21714079	60	61	0
cg21767196	9	10	0
cg21767196	20	21	0
cg21767196	22	23	0
cg21767196	35	36	0
cg21767196	36	37	0
cg21767196	38	39	0
cg21767196	44	45	0
cg21767196	52	53	0
cg21836885	50	51	25
cg21836885	52	53	33.3333333333333
cg21836885	54	55	33.3333333333333
cg21836885	58	59	40
cg21836885	59	60	60
cg21836885	60	61	40
cg21836885	64	65	50
cg21836885	65	66	100
cg21836885	67	68	50
cg21836885	68	69	33.3333333333333
cg22029297	18	19	100
cg22029297	21	22	50
cg22029297	22	23	66.6666666666667
cg22029297	27	28	33.3333333333333
cg22029297	29	30	0
cg22029297	30	31	0
cg22029297	31	32	50
cg22029297	34	35	0
cg22029297	39	40	0
cg22029297	41	42	0
cg22029297	42	43	0
cg22029297	46	47	0
cg22029297	48	49	0
cg22029297	58	59	0
cg22029297	59	60	0
cg22029297	73	74	0
cg22044564	14	15	0
cg22044564	15	16	0
cg22044564	17	18	0
cg22044564	31	32	0
cg22044564	33	34	0
cg22044564	37	38	0
cg22044564	38	39	0
cg22044564	40	41	0
cg22044564	41	42	0
cg22044564	46	47	0
cg22044564	68	69	0
cg22044564	69	70	0
cg22044564	76	77	0
cg22078760	16	17	0
cg22078760	17	18	0
cg22078760	52	53	100
cg22097199	41	42	50
cg22097199	42	43	0
cg22191805	9	10	0
cg22191805	12	13	0
cg22191805	22	23	0
cg22191805	32	33	0
cg22191805	33	34	0
cg22191805	34	35	0
cg22191805	43	44	0
cg22191805	48	49	0
cg22191805	50	51	100
cg22191805	63	64	0
cg22191805	70	71	0
cg22316499	7	8	0
cg22316499	8	9	0
cg22527167	61	62	100
cg22527167	62	63	100
cg22527167	63	64	100
cg22529808	22	23	0
cg22529808	24	25	0
cg22529808	25	26	100
cg22529808	37	38	0
cg22529808	39	40	0
cg22529808	40	41	0
cg22719669	19	20	0
cg22719669	26	27	100
cg22719669	49	50	100
cg22724078	43	44	100
cg22724078	45	46	100
cg22724078	46	47	100
cg22875689	4	5	0
cg22875689	37	38	0
cg22875689	56	57	0
cg22875689	59	60	0
cg22875689	65	66	0
cg22875689	66	67	0
cg22875689	69	70	0
cg22875689	70	71	0
cg22875689	72	73	0
cg23146472	1	2	100
cg23146472	3	4	100
cg23146472	5	6	100
cg23146472	7	8	50
cg23146472	8	9	100
cg23146472	10	11	100
cg23146472	11	12	50
cg23146472	14	15	0
cg23146717	26	27	0
cg23415880	49	50	100
cg23415880	67	68	100
cg23415880	69	70	100
cg23415880	70	71	100
cg23575948	29	30	0
cg23575948	35	36	0
cg23575948	36	37	0
cg23575948	44	45	0
cg23575948	46	47	0
cg23575948	47	48	0
cg23575948	53	54	0
cg23575948	56	57	0
cg23575948	61	62	0
cg23575948	62	63	0
cg23575948	63	64	0
cg23677945	0	1	0
cg23677945	2	3	0
cg23677945	16	17	0
cg23677945	17	18	0
cg23677945	35	36	0
cg23677945	37	38	0
cg23677945	38	39	0
cg23677945	57	58	0
cg23677945	58	59	0
cg23677945	59	60	0
cg23677945	61	62	0
cg23677945	62	63	0
cg23677945	65	66	0
cg23677945	72	73	0
cg23743304	23	24	0
cg23758053	27	28	0
cg23758053	37	38	0
cg23758053	38	39	0
cg23758053	44	45	0
cg23778391	35	36	0
cg23778391	40	41	100
cg23778391	41	42	100
cg23778391	42	43	100
cg23845691	1	2	0
cg23845691	13	14	0
cg23845691	14	15	0
cg23845691	17	18	0
cg23845691	18	19	0
cg23845691	41	42	0
cg23845691	54	55	0
cg23845691	55	56	0
cg23993631	35	36	0
cg24265610	47	48	100
cg24275772	67	68	100
cg24275772	69	70	100
cg24275772	71	72	100
cg24310367	9	10	0
cg24310367	10	11	0
cg24310367	22	23	0
cg24310367	27	28	0
cg24310367	28	29	0
cg24310367	33	34	0
cg24310367	34	35	0
cg24310367	40	41	0
cg24310367	41	42	0
cg24310367	46	47	0
cg24310367	49	50	0
cg24310367	53	54	0
cg24310367	54	55	0
cg24444575	57	58	0
cg24444575	58	59	0
cg24444575	67	68	100
cg24444575	68	69	100
cg24444575	69	70	100
cg24557791	6	7	0
cg24557791	14	15	0
cg24557791	33	34	0
cg24557791	39	40	0
cg24557791	48	49	0
cg24557791	50	51	0
cg24557791	51	52	0
cg24557791	60	61	0
cg24557791	62	63	0
cg24557791	73	74	0
cg24557791	74	75	0
cg24557791	75	76	0
cg24642372	11	12	0
cg24642372	12	13	0
cg24642372	14	15	0
cg24642372	16	17	0
cg24642372	20	21	0
cg24642372	25	26	0
cg24686610	15	16	0
cg24686610	17	18	0
cg24686610	19	20	0
cg24686610	20	21	0
cg24686610	21	22	0
cg24686610	47	48	0
cg24724167	66	67	0
cg24970974	62	63	100
cg24970974	64	65	0
cg24970974	67	68	100
cg25091185	10	11	0
cg25091185	22	23	0
cg25091185	35	36	0
cg25091185	41	42	0
cg25091185	42	43	0
cg25091185	43	44	0
cg25091185	47	48	0
cg25091185	50	51	0
cg25091185	51	52	0
cg25226813	9	10	0
cg25226813	12	13	0
cg25226813	15	16	0
cg25226813	30	31	100
cg25226813	31	32	100
cg25226813	33	34	100
cg25226813	40	41	100
cg25226813	42	43	100
cg25226813	46	47	100
cg25226813	49	50	0
cg25502186	8	9	100
cg25502186	11	12	100
cg25502186	17	18	100
cg25502186	18	19	100
cg25502186	20	21	0
cg25502186	23	24	50
cg25502186	26	27	0
cg25502186	66	67	0
cg25502186	68	69	0
cg25502186	69	70	100
cg25581768	58	59	0
cg25581768	61	62	100
cg25878799	6	7	0
cg25878799	8	9	0
cg25878799	24	25	0
cg25878799	25	26	0
cg25878799	36	37	0
cg25878799	40	41	0
cg25878799	41	42	0
cg25878799	42	43	0
cg25878799	43	44	0
cg25878799	48	49	0
cg25878799	49	50	0
cg25878799	50	51	0
cg25878799	62	63	0
cg25878799	64	65	0
cg25878799	75	76	0
cg25878799	77	78	0
cg25878799	78	79	0
cg25878799	79	80	0
cg25974818	7	8	100
cg25974818	10	11	0
cg25974818	16	17	100
cg25974818	18	19	0
cg25974818	22	23	0
cg25974818	23	24	0
cg26219540	38	39	100
cg26219540	39	40	0
cg26219540	41	42	100
cg26313355	7	8	66.6666666666667
cg26313355	11	12	66.6666666666667
cg26313355	12	13	50
cg26313355	14	15	50
cg26313355	15	16	50
cg26313355	19	20	0
cg26313355	28	29	0
cg26313355	34	35	0
cg26313355	36	37	0
cg26313355	37	38	0
cg26313355	50	51	0
cg26352306	5	6	0
cg26352306	9	10	0
cg26352306	10	11	0
cg26352306	11	12	0
cg26352306	21	22	0
cg26352306	28	29	0
cg26352306	29	30	0
cg26352306	30	31	0
cg26352306	33	34	0
cg26352306	48	49	0
cg26352306	49	50	0
cg26352306	57	58	0
cg26352306	58	59	0
cg26352306	74	75	0
cg26438612	52	53	0
cg26438612	53	54	0
cg26457229	29	30	100
cg26457229	30	31	100
cg26457229	44	45	100
cg26631126	12	13	100
cg26631126	13	14	100
cg26631126	15	16	100
cg26674451	12	13	0
cg26674451	13	14	100
cg26674451	72	73	100
cg26690989	10	11	100
cg26690989	11	12	0
cg26690989	14	15	100
cg26690989	67	68	0
cg26690989	68	69	0
cg26690989	71	72	100
cg26690989	72	73	100
cg27049734	42	43	0
cg27088374	15	16	100
cg27088374	17	18	100
cg27088374	20	21	0
cg27088374	22	23	100
cg27088374	23	24	100
cg27213895	34	35	0
cg27213895	36	37	0
cg27213895	37	38	0
cg27213895	46	47	0
cg27213895	48	49	0
cg27213895	51	52	0
cg27213895	53	54	0
cg27213895	54	55	0
cg27213895	57	58	0
cg27213895	58	59	0
cg27294582	4	5	100
cg27294582	28	29	0
cg27294582	47	48	0
cg27294582	49	50	0
cg27294582	52	53	0
cg27294582	64	65	0
cg27344974	3	4	0
cg27344974	10	11	0
cg27344974	16	17	0
cg27344974	32	33	0
cg27344974	54	55	0
cg27344974	60	61	0
cg27626343	18	19	0
cg27626343	24	25	0
cg27664916	18	19	0
cg27664916	19	20	0
cg27664916	22	23	0
cg27664916	69	70	0
