track type=bedGraph
cg00029553	15	16	100
cg00029553	20	21	50
cg00153046	2	3	100
cg00153046	3	4	100
cg00153046	8	9	50
cg00153046	9	10	100
cg00153046	71	72	0
cg00158333	61	62	100
cg00158333	65	66	0
cg00158333	67	68	100
cg00158333	68	69	100
cg00158333	69	70	100
cg00158333	70	71	100
cg00158333	74	75	100
cg00279752	40	41	100
cg00279752	41	42	100
cg00279752	44	45	100
cg00279752	45	46	86.6666666666667
cg00279752	51	52	78.5714285714286
cg00300211	25	26	100
cg00300211	26	27	100
cg00300211	27	28	100
cg00300211	56	57	0
cg00367518	9	10	50
cg00367518	10	11	50
cg00367518	17	18	0
cg00367518	25	26	0
cg00612925	6	7	0
cg00612925	8	9	0
cg00612925	64	65	100
cg00612925	65	66	100
cg00612925	69	70	0
cg00842325	57	58	100
cg00842325	58	59	100
cg00842325	59	60	100
cg00877739	18	19	100
cg00877739	21	22	100
cg00877739	24	25	100
cg00877739	25	26	100
cg00877739	64	65	100
cg00877739	66	67	100
cg00877739	67	68	100
cg00877739	68	69	50
cg00877739	69	70	100
cg00877739	72	73	100
cg00877739	76	77	100
cg00877739	77	78	100
cg00877739	78	79	100
cg01008025	12	13	0
cg01008025	15	16	100
cg01008025	21	22	100
cg01047058	61	62	100
cg01047058	63	64	100
cg01047058	65	66	100
cg01049141	43	44	50
cg01049141	44	45	50
cg01049141	45	46	0
cg01049141	50	51	0
cg01049141	61	62	100
cg01099625	1	2	0
cg01099625	3	4	85.7142857142857
cg01099625	9	10	100
cg01099625	28	29	100
cg01099625	31	32	100
cg01099625	44	45	63.6363636363636
cg01099625	45	46	87.5
cg01099625	48	49	84
cg01099625	57	58	78.125
cg01099625	58	59	80
cg01099625	61	62	50
cg01187271	11	12	100
cg01187271	14	15	100
cg01187271	19	20	100
cg01187271	27	28	100
cg01187271	40	41	100
cg01187271	42	43	100
cg01187271	44	45	33.3333333333333
cg01187271	59	60	54.5454545454545
cg01187271	61	62	46.1538461538462
cg01187271	63	64	57.1428571428571
cg01187271	66	67	63.6363636363636
cg01187271	67	68	80
cg01368226	30	31	80
cg01368226	31	32	60
cg01368226	33	34	83.3333333333333
cg01368226	35	36	66.6666666666667
cg01368226	36	37	50
cg01368226	37	38	80
cg01368226	40	41	100
cg01368226	56	57	100
cg01368226	59	60	100
cg01368226	68	69	100
cg01368226	72	73	100
cg01522923	19	20	100
cg01522923	70	71	0
cg01522923	71	72	0
cg01522923	76	77	100
cg01856529	1	2	42.8571428571429
cg01856529	2	3	90
cg01856529	3	4	100
cg01856529	4	5	100
cg01856529	6	7	20
cg01856529	7	8	94.1176470588235
cg01856529	8	9	89.4736842105263
cg01856529	9	10	95
cg01856529	11	12	57.1428571428571
cg01856529	12	13	90.4761904761905
cg01856529	13	14	95
cg01856529	14	15	93.3333333333333
cg01856529	15	16	100
cg01856529	17	18	83.3333333333333
cg01856529	19	20	100
cg01856529	21	22	50
cg01856529	22	23	50
cg01883716	10	11	100
cg01883716	13	14	0
cg01901522	16	17	0
cg01901522	17	18	100
cg01901522	18	19	100
cg01901522	32	33	100
cg01901522	34	35	0
cg01901522	36	37	100
cg01901522	38	39	100
cg01915021	45	46	0
cg01915021	47	48	50
cg01915021	57	58	100
cg01915021	58	59	100
cg01915021	72	73	100
cg01933636	12	13	0
cg01933636	18	19	66.6666666666667
cg01933636	19	20	33.3333333333333
cg01933636	20	21	66.6666666666667
cg01933636	22	23	100
cg01933636	25	26	33.3333333333333
cg01935699	22	23	100
cg01935699	23	24	100
cg01935699	24	25	100
cg01935699	71	72	100
cg01935699	77	78	100
cg01935699	78	79	100
cg01992907	8	9	100
cg01992907	9	10	0
cg01992907	15	16	0
cg01992907	17	18	50
cg01992907	19	20	0
cg02000659	11	12	100
cg02000659	15	16	0
cg02000659	22	23	100
cg02000659	25	26	100
cg02000659	26	27	100
cg02000659	46	47	0
cg02000659	52	53	50
cg02000659	59	60	100
cg02000659	61	62	33.3333333333333
cg02000659	63	64	33.3333333333333
cg02000659	65	66	66.6666666666667
cg02000659	66	67	0
cg02000659	67	68	0
cg02017717	41	42	60
cg02017717	42	43	75
cg02017717	43	44	100
cg02017717	45	46	40
cg02017717	52	53	100
cg02017717	53	54	50
cg02083803	44	45	100
cg02231349	25	26	100
cg02231349	55	56	100
cg02231349	56	57	100
cg02231349	58	59	0
cg02247164	45	46	100
cg02247164	46	47	50
cg02247164	48	49	0
cg02247164	49	50	0
cg02247164	50	51	0
cg02247164	54	55	0
cg02286774	2	3	100
cg02286774	8	9	20
cg02286774	12	13	100
cg02286774	13	14	100
cg02286774	17	18	100
cg02334049	60	61	66.6666666666667
cg02334049	61	62	33.3333333333333
cg02334049	67	68	50
cg02334049	68	69	50
cg02334049	71	72	100
cg02334049	72	73	0
cg02334049	73	74	100
cg02334049	74	75	0
cg02554923	21	22	100
cg02554923	57	58	0
cg02554923	60	61	0
cg02554923	61	62	0
cg02554923	66	67	0
cg02554923	68	69	0
cg02688223	49	50	66.6666666666667
cg02688223	52	53	75
cg02688223	54	55	50
cg02688223	58	59	100
cg02688223	60	61	66.6666666666667
cg02688223	66	67	100
cg02688223	67	68	100
cg02688223	74	75	100
cg02697105	44	45	100
cg02697105	47	48	100
cg02697105	51	52	100
cg02737031	30	31	0
cg02737031	32	33	0
cg02737031	43	44	100
cg02737031	47	48	100
cg02737031	53	54	90
cg02737031	59	60	85.7142857142857
cg02737031	60	61	33.3333333333333
cg02762509	25	26	100
cg02762509	26	27	100
cg02762509	33	34	100
cg02762509	41	42	100
cg02805342	42	43	0
cg02805342	49	50	0
cg02805342	63	64	100
cg02805342	64	65	0
cg02895393	8	9	100
cg02895393	23	24	0
cg02895393	25	26	100
cg02895393	26	27	100
cg02895393	27	28	0
cg02895393	29	30	100
cg02898094	73	74	0
cg02926165	33	34	0
cg02926165	36	37	100
cg02926165	39	40	0
cg02926165	42	43	100
cg02932095	55	56	100
cg02932095	59	60	100
cg02972618	0	1	100
cg02972618	1	2	100
cg02972618	3	4	100
cg02972618	4	5	50
cg02972618	6	7	50
cg02972618	65	66	100
cg02972618	67	68	100
cg02972618	69	70	100
cg02972618	71	72	100
cg02972618	75	76	100
cg03064443	42	43	0
cg03064443	53	54	0
cg03064443	54	55	0
cg03064443	55	56	0
cg03077729	31	32	100
cg03077729	34	35	100
cg03077729	63	64	100
cg03077729	65	66	100
cg03077729	69	70	50
cg03077729	70	71	100
cg03077729	71	72	100
cg03094159	28	29	0
cg03094159	31	32	0
cg03094159	49	50	0
cg03094159	55	56	100
cg03094159	69	70	50
cg03094159	75	76	50
cg03122810	28	29	0
cg03122810	54	55	0
cg03122810	60	61	0
cg03163633	51	52	100
cg03163633	55	56	100
cg03265102	10	11	0
cg03265102	38	39	100
cg03265102	40	41	100
cg03265102	44	45	0
cg03265102	49	50	0
cg03265102	50	51	100
cg03265102	70	71	0
cg03639871	30	31	50
cg03639871	32	33	33.3333333333333
cg03639871	36	37	75
cg03639871	37	38	100
cg03639871	38	39	33.3333333333333
cg03639871	40	41	0
cg03639871	43	44	50
cg03639871	44	45	50
cg03639871	47	48	0
cg03724450	49	50	100
cg03724450	52	53	50
cg03724450	54	55	100
cg03724450	55	56	50
cg03724450	56	57	50
cg03787614	41	42	100
cg03787614	45	46	100
cg03787614	46	47	100
cg03787614	48	49	100
cg03787614	51	52	100
cg03787614	52	53	100
cg03938432	26	27	100
cg03938432	28	29	100
cg03938432	61	62	75
cg03938432	63	64	80
cg03938432	64	65	40
cg03938432	67	68	83.3333333333333
cg03938432	68	69	66.6666666666667
cg03938432	72	73	50
cg03938432	73	74	42.8571428571429
cg03938432	76	77	50
cg03938432	77	78	100
cg03938432	78	79	66.6666666666667
cg03938432	79	80	33.3333333333333
cg03957108	5	6	50
cg03957108	7	8	0
cg03957108	11	12	0
cg03957108	12	13	100
cg03957108	47	48	100
cg03957108	50	51	100
cg03957108	51	52	100
cg03957108	53	54	100
cg03957108	54	55	0
cg03972287	19	20	100
cg03972287	20	21	100
cg03972287	45	46	75
cg03972287	49	50	100
cg03972287	51	52	100
cg03972287	55	56	100
cg03972287	72	73	100
cg03972287	73	74	100
cg03972287	77	78	100
cg03972287	79	80	100
cg04087693	3	4	50
cg04087693	6	7	50
cg04087693	7	8	100
cg04087693	8	9	100
cg04087693	10	11	100
cg04087693	35	36	100
cg04087693	37	38	66.6666666666667
cg04087693	42	43	66.6666666666667
cg04093430	26	27	57.1428571428571
cg04093430	29	30	100
cg04093430	36	37	100
cg04093430	37	38	100
cg04093430	38	39	87.5
cg04093430	39	40	50
cg04093430	68	69	100
cg04093430	69	70	0
cg04093430	71	72	100
cg04093430	73	74	100
cg04107706	20	21	0
cg04107706	27	28	100
cg04107706	59	60	100
cg04124389	14	15	0
cg04124389	16	17	100
cg04124389	18	19	0
cg04124389	48	49	100
cg04150055	5	6	0
cg04150055	7	8	100
cg04150055	17	18	100
cg04336027	8	9	100
cg04336027	18	19	0
cg04336027	22	23	0
cg04336027	27	28	100
cg04336027	29	30	100
cg04348533	16	17	100
cg04348533	26	27	100
cg04348533	42	43	50
cg04348533	45	46	100
cg04348533	49	50	100
cg04348533	50	51	50
cg04348533	51	52	0
cg04428702	51	52	0
cg04428702	52	53	0
cg04428702	57	58	0
cg04504700	64	65	0
cg04504700	72	73	0
cg04504700	73	74	100
cg04504700	76	77	100
cg04504700	78	79	0
cg04585419	30	31	0
cg04585419	31	32	0
cg04585419	32	33	0
cg04585419	33	34	0
cg04585419	37	38	0
cg04585419	38	39	0
cg04585419	65	66	0
cg04585419	67	68	100
cg04585419	70	71	0
cg04611891	8	9	100
cg04611891	13	14	100
cg04611891	18	19	100
cg04627479	30	31	100
cg04627479	31	32	100
cg04769815	40	41	0
cg04769815	42	43	100
cg04769815	62	63	100
cg04769815	63	64	100
cg04769815	67	68	100
cg04769815	68	69	100
cg04769815	70	71	100
cg04769815	75	76	100
cg04802182	11	12	100
cg04802182	15	16	100
cg04802182	18	19	50
cg04802182	19	20	50
cg04802182	21	22	50
cg04802182	22	23	100
cg04802182	23	24	50
cg04802182	25	26	100
cg04804914	52	53	0
cg04804914	54	55	0
cg04804914	56	57	100
cg04804914	58	59	0
cg04804914	60	61	100
cg04804914	66	67	100
cg04804914	67	68	100
cg04804914	72	73	100
cg04804914	74	75	50
cg04804914	76	77	100
cg04804914	77	78	50
cg04804914	78	79	100
cg04863645	12	13	100
cg04863645	15	16	100
cg04878542	2	3	0
cg04878542	4	5	0
cg04878542	14	15	100
cg04878542	15	16	33.3333333333333
cg04878542	16	17	50
cg04878542	17	18	50
cg04878542	19	20	66.6666666666667
cg04878542	20	21	50
cg04878542	22	23	50
cg04878542	23	24	75
cg04878542	25	26	25
cg04878542	26	27	100
cg04878542	28	29	25
cg04878542	29	30	50
cg04878542	35	36	100
cg04905851	4	5	100
cg04905851	16	17	100
cg04905851	25	26	33.3333333333333
cg04951214	47	48	100
cg04951214	50	51	0
cg04951214	59	60	0
cg05060618	48	49	100
cg05060618	53	54	100
cg05060618	58	59	100
cg05060618	60	61	100
cg05097610	60	61	0
cg05097610	61	62	0
cg05097610	64	65	0
cg05097610	65	66	0
cg05097610	79	80	100
cg05108018	5	6	100
cg05108018	7	8	100
cg05108018	42	43	100
cg05108018	43	44	0
cg05108018	45	46	100
cg05108018	46	47	100
cg05121253	2	3	0
cg05121253	7	8	100
cg05121253	19	20	0
cg05121253	34	35	100
cg05121253	40	41	100
cg05121253	42	43	100
cg05121253	45	46	100
cg05121253	47	48	100
cg05124292	5	6	0
cg05124292	6	7	0
cg05124292	7	8	100
cg05124292	9	10	100
cg05124292	52	53	0
cg05194810	8	9	100
cg05194810	11	12	100
cg05194810	13	14	100
cg05194810	16	17	0
cg05234920	7	8	0
cg05234920	11	12	50
cg05234920	12	13	50
cg05234920	14	15	0
cg05234920	15	16	100
cg05260361	6	7	100
cg05260361	7	8	100
cg05260361	9	10	0
cg05260361	11	12	0
cg05260361	18	19	100
cg05260361	21	22	100
cg05260361	23	24	100
cg05260361	25	26	100
cg05260361	28	29	100
cg05260361	50	51	100
cg05260361	51	52	100
cg05260361	53	54	100
cg05260361	59	60	100
cg05260361	64	65	100
cg05260361	66	67	100
cg05275337	9	10	0
cg05275337	39	40	100
cg05275337	41	42	100
cg05275337	45	46	100
cg05275337	49	50	100
cg05407325	35	36	0
cg05407325	41	42	100
cg05407325	43	44	100
cg05491758	0	1	100
cg05491758	17	18	0
cg05497416	24	25	100
cg05497416	40	41	0
cg05497416	41	42	100
cg05497416	44	45	0
cg05497416	48	49	0
cg05497416	49	50	100
cg05532671	7	8	100
cg05532671	8	9	100
cg05532671	13	14	100
cg05532671	14	15	100
cg05532671	20	21	100
cg05532671	53	54	100
cg05532671	55	56	100
cg05575054	26	27	100
cg05575054	29	30	100
cg05575054	32	33	100
cg05575054	33	34	100
cg05660816	16	17	0
cg05660816	19	20	100
cg05660816	55	56	0
cg05660816	58	59	100
cg05660816	60	61	100
cg05660816	68	69	100
cg05660816	73	74	100
cg05688812	14	15	100
cg05688812	19	20	42.8571428571429
cg05688812	22	23	87.5
cg05688812	23	24	87.5
cg05688812	25	26	71.4285714285714
cg05688812	35	36	100
cg05688812	36	37	100
cg05688812	39	40	100
cg05688812	42	43	0
cg05688812	44	45	0
cg05688812	45	46	100
cg05688812	47	48	100
cg05688812	51	52	100
cg05688812	56	57	100
cg05688812	64	65	100
cg05688812	66	67	100
cg05688812	67	68	100
cg05705884	37	38	0
cg05705884	40	41	100
cg05705884	54	55	100
cg05705884	55	56	100
cg05705884	58	59	100
cg05705884	59	60	100
cg05705884	63	64	100
cg05705884	64	65	100
cg05705884	67	68	100
cg05730460	9	10	100
cg05730460	11	12	100
cg05730460	13	14	100
cg05730460	14	15	0
cg05730460	17	18	100
cg05730460	19	20	100
cg05765439	44	45	100
cg05765439	48	49	0
cg05765439	49	50	100
cg05765439	50	51	100
cg05886164	45	46	0
cg05886164	47	48	100
cg05886164	52	53	100
cg05886164	54	55	100
cg05886164	57	58	100
cg05886164	58	59	100
cg05907933	70	71	0
cg05907933	72	73	100
cg05907933	75	76	0
cg05907933	76	77	0
cg05928030	65	66	50
cg05928030	74	75	100
cg05933419	49	50	0
cg05933419	55	56	100
cg06023028	17	18	0
cg06023028	18	19	0
cg06023028	20	21	100
cg06023028	21	22	0
cg06023028	22	23	0
cg06023028	24	25	100
cg06023028	25	26	0
cg06023028	36	37	100
cg06023028	38	39	0
cg06023028	39	40	0
cg06023028	40	41	100
cg06055418	6	7	66.6666666666667
cg06055418	17	18	83.3333333333333
cg06055418	18	19	66.6666666666667
cg06055418	19	20	83.3333333333333
cg06055418	20	21	80
cg06055418	25	26	100
cg06097717	9	10	100
cg06097717	58	59	100
cg06097717	64	65	100
cg06097717	65	66	100
cg06184939	2	3	100
cg06184939	4	5	50
cg06184939	7	8	0
cg06242145	23	24	100
cg06242145	25	26	100
cg06242145	27	28	100
cg06242145	57	58	100
cg06242145	60	61	0
cg06242145	61	62	100
cg06292880	6	7	0
cg06292880	10	11	50
cg06292880	14	15	72.7272727272727
cg06292880	18	19	64.7727272727273
cg06292880	26	27	76.9230769230769
cg06292880	27	28	60.7843137254902
cg06292880	31	32	64.1025641025641
cg06292880	34	35	66.6666666666667
cg06292880	46	47	100
cg06292880	55	56	66.6666666666667
cg06292880	58	59	50
cg06292880	59	60	0
cg06292880	68	69	50
cg06360155	7	8	100
cg06360155	24	25	100
cg06360155	26	27	0
cg06360155	27	28	100
cg06360155	29	30	100
cg06360155	32	33	100
cg06363517	9	10	100
cg06363517	11	12	50
cg06363517	15	16	100
cg06363517	16	17	100
cg06363517	18	19	100
cg06363517	19	20	100
cg06363517	21	22	100
cg06363517	23	24	100
cg06363517	63	64	100
cg06363517	64	65	100
cg06392318	6	7	100
cg06392318	7	8	100
cg06392318	25	26	0
cg06392318	30	31	0
cg06392318	34	35	33.3333333333333
cg06392318	36	37	100
cg06392318	37	38	60
cg06392318	38	39	0
cg06392318	40	41	80
cg06392318	44	45	50
cg06392318	45	46	33.3333333333333
cg06392318	46	47	50
cg06392318	48	49	100
cg06479604	9	10	0
cg06479604	10	11	100
cg06479604	13	14	100
cg06479604	14	15	100
cg06479604	18	19	100
cg06550953	41	42	0
cg06550953	55	56	0
cg06550953	59	60	100
cg06550953	61	62	100
cg06708132	0	1	100
cg06708132	2	3	50
cg06708132	3	4	100
cg06708132	6	7	40
cg06708132	8	9	50
cg06708132	10	11	83.3333333333333
cg06718658	5	6	0
cg06718658	9	10	0
cg06718658	10	11	0
cg06718658	63	64	100
cg06718658	65	66	100
cg06718658	68	69	33.3333333333333
cg06718658	69	70	100
cg06718658	70	71	50
cg06718658	71	72	50
cg06723671	18	19	100
cg06723671	21	22	0
cg06723671	37	38	100
cg06764225	28	29	0
cg06764225	32	33	100
cg06764225	33	34	0
cg06764225	74	75	0
cg06764225	75	76	0
cg06812724	5	6	100
cg06812724	10	11	100
cg06812724	56	57	100
cg06812724	57	58	100
cg06812724	58	59	100
cg06839075	19	20	100
cg06839075	21	22	0
cg06839075	23	24	66.6666666666667
cg06839075	25	26	100
cg06878766	21	22	100
cg06878766	22	23	100
cg06878766	23	24	50
cg06907391	7	8	100
cg06907391	8	9	100
cg06907391	11	12	100
cg06907391	12	13	100
cg06907391	16	17	100
cg07094804	53	54	100
cg07094804	56	57	100
cg07171305	20	21	100
cg07171305	23	24	100
cg07171305	24	25	100
cg07171305	25	26	0
cg07171305	27	28	100
cg07171305	28	29	85.7142857142857
cg07171305	29	30	57.1428571428571
cg07171305	32	33	100
cg07171305	47	48	100
cg07171305	48	49	0
cg07171305	59	60	85.7142857142857
cg07171305	60	61	62.5
cg07171305	61	62	77.7777777777778
cg07171305	62	63	88.8888888888889
cg07171305	64	65	72.7272727272727
cg07171305	67	68	91.6666666666667
cg07171305	68	69	50
cg07171305	71	72	63.6363636363636
cg07206761	37	38	0
cg07206761	39	40	100
cg07206761	41	42	100
cg07206761	44	45	100
cg07254032	33	34	50
cg07254032	34	35	50
cg07254032	36	37	75
cg07254032	39	40	50
cg07254032	40	41	50
cg07254032	42	43	50
cg07254032	46	47	0
cg07254032	50	51	0
cg07254032	51	52	33.3333333333333
cg07254032	52	53	0
cg07309253	41	42	100
cg07309253	44	45	33.3333333333333
cg07309253	47	48	50
cg07309253	48	49	100
cg07309253	49	50	100
cg07309253	52	53	100
cg07373698	29	30	100
cg07373698	31	32	0
cg07373698	33	34	66.6666666666667
cg07373698	34	35	60
cg07373698	35	36	40
cg07373698	36	37	40
cg07373698	38	39	60
cg07373698	41	42	100
cg07373698	42	43	80
cg07373698	51	52	66.6666666666667
cg07373698	52	53	100
cg07373698	54	55	33.3333333333333
cg07373698	55	56	33.3333333333333
cg07373698	60	61	100
cg07644544	17	18	0
cg07644544	35	36	0
cg07644544	36	37	0
cg07644544	41	42	0
cg07645671	26	27	100
cg07645671	37	38	100
cg07645671	38	39	100
cg07645671	45	46	100
cg07645671	46	47	100
cg07645671	52	53	100
cg07645671	55	56	100
cg07645671	56	57	100
cg07645671	58	59	100
cg07676047	6	7	100
cg07676047	8	9	100
cg07676047	13	14	0
cg07676047	14	15	100
cg07676047	72	73	100
cg07676047	76	77	100
cg07676047	77	78	100
cg07751902	31	32	100
cg07751902	32	33	0
cg07751902	33	34	100
cg07751902	65	66	0
cg07751902	67	68	100
cg07751902	69	70	0
cg07751902	70	71	50
cg07751902	72	73	50
cg07751902	73	74	0
cg07751902	75	76	100
cg07795407	1	2	100
cg07795407	2	3	100
cg07795407	5	6	100
cg07795407	9	10	100
cg07795407	13	14	100
cg07795407	15	16	100
cg07795407	18	19	100
cg07795407	19	20	100
cg07866592	10	11	100
cg07866592	11	12	0
cg07866592	71	72	100
cg07875786	43	44	100
cg07875786	45	46	0
cg07875786	69	70	0
cg07875786	70	71	100
cg07875786	71	72	100
cg07875786	72	73	0
cg07875786	73	74	0
cg07893689	33	34	100
cg07966323	10	11	0
cg07966323	11	12	0
cg07966323	53	54	0
cg07966323	54	55	0
cg07966323	58	59	0
cg08005992	18	19	100
cg08005992	24	25	100
cg08005992	28	29	100
cg08060524	21	22	100
cg08060524	26	27	100
cg08060524	31	32	100
cg08060524	33	34	100
cg08156863	48	49	100
cg08156863	55	56	100
cg08156863	56	57	0
cg08156863	58	59	100
cg08156863	59	60	0
cg08170671	70	71	50
cg08170671	71	72	0
cg08170671	72	73	100
cg08194812	3	4	100
cg08194812	14	15	0
cg08194812	20	21	100
cg08194812	39	40	50
cg08194812	40	41	100
cg08194812	43	44	100
cg08194812	45	46	100
cg08315393	39	40	100
cg08315393	40	41	100
cg08315393	42	43	0
cg08315393	43	44	100
cg08315393	68	69	100
cg08315393	69	70	100
cg08315393	71	72	100
cg08315393	72	73	0
cg08315393	73	74	100
cg08372705	10	11	100
cg08372705	15	16	100
cg08372705	16	17	75
cg08372705	21	22	50
cg08372705	22	23	75
cg08659076	36	37	0
cg08659076	37	38	100
cg08659076	70	71	0
cg08659076	71	72	100
cg08855194	8	9	50
cg08855194	10	11	50
cg08855194	12	13	100
cg08855194	22	23	100
cg08855194	30	31	100
cg08855194	32	33	44.4444444444444
cg08855194	35	36	37.5
cg08855194	43	44	75
cg08921975	39	40	50
cg08921975	41	42	100
cg08921975	44	45	50
cg08921975	45	46	100
cg08921975	47	48	0
cg08921975	48	49	50
cg08921975	50	51	100
cg08921975	51	52	50
cg08921975	53	54	100
cg08921975	55	56	100
cg08921975	57	58	100
cg08921975	61	62	0
cg08921975	62	63	100
cg08938156	34	35	100
cg08938156	35	36	0
cg08938156	36	37	0
cg08938156	38	39	100
cg08938156	61	62	0
cg08981690	19	20	100
cg08981690	21	22	100
cg08981690	22	23	100
cg08981690	25	26	100
cg08981690	27	28	100
cg08981690	32	33	100
cg08981690	33	34	100
cg08981690	34	35	100
cg08987848	9	10	100
cg08987848	21	22	100
cg09103452	30	31	0
cg09105275	55	56	100
cg09207493	47	48	100
cg09207493	50	51	0
cg09207493	51	52	0
cg09244212	29	30	100
cg09244212	31	32	100
cg09244212	36	37	100
cg09244212	38	39	100
cg09244212	39	40	100
cg09244212	40	41	0
cg09244212	41	42	100
cg09252678	31	32	100
cg09252678	32	33	0
cg09252678	34	35	100
cg09252678	35	36	100
cg09252678	41	42	100
cg09252678	44	45	100
cg09252678	47	48	100
cg09313308	9	10	100
cg09313308	10	11	100
cg09313308	12	13	0
cg09313308	37	38	0
cg09313308	38	39	0
cg09313308	42	43	0
cg09313308	45	46	100
cg09347937	2	3	100
cg09347937	4	5	100
cg09347937	6	7	100
cg09347937	7	8	100
cg09347937	8	9	100
cg09347937	9	10	0
cg09347937	11	12	50
cg09400505	13	14	0
cg09400505	21	22	100
cg09400505	26	27	100
cg09400505	34	35	100
cg09400505	43	44	100
cg09400505	45	46	100
cg09400505	47	48	0
cg09400505	49	50	100
cg09400505	64	65	100
cg09400505	66	67	100
cg09510409	27	28	0
cg09510409	38	39	100
cg09510409	59	60	100
cg09510409	61	62	50
cg09510409	62	63	33.3333333333333
cg09510409	65	66	66.6666666666667
cg09510409	67	68	0
cg09510409	68	69	100
cg09510409	71	72	0
cg09536551	13	14	100
cg09536551	15	16	0
cg09536551	17	18	100
cg09536551	44	45	100
cg09536551	45	46	100
cg09536551	48	49	66.6666666666667
cg09536551	49	50	66.6666666666667
cg09536551	51	52	66.6666666666667
cg09536551	53	54	50
cg09536551	54	55	50
cg09536551	55	56	100
cg09682305	11	12	100
cg09682305	12	13	0
cg09682305	14	15	100
cg09682305	17	18	100
cg09682305	20	21	96.078431372549
cg09682305	23	24	98.1481481481482
cg09682305	26	27	96.4285714285714
cg09682305	27	28	33.9285714285714
cg09682305	29	30	98.1132075471698
cg09682305	31	32	94.5945945945946
cg09682305	32	33	100
cg09682305	35	36	100
cg09682305	43	44	100
cg09682305	48	49	0
cg09682305	50	51	100
cg09682305	53	54	100
cg09692427	8	9	0
cg09692427	11	12	100
cg09692427	13	14	100
cg09692427	46	47	100
cg09692427	47	48	100
cg09692427	51	52	100
cg09692427	54	55	100
cg09692427	56	57	0
cg09726978	66	67	100
cg09726978	69	70	100
cg09726978	70	71	100
cg09789765	28	29	100
cg09789765	56	57	0
cg09789765	57	58	100
cg09816507	17	18	0
cg09816507	18	19	100
cg09816507	19	20	100
cg09816507	21	22	100
cg09816507	22	23	100
cg09816507	24	25	100
cg09816507	25	26	100
cg09816507	33	34	0
cg09816507	34	35	100
cg09816507	37	38	100
cg09816507	40	41	100
cg09817427	61	62	0
cg09817427	63	64	100
cg09817427	65	66	100
cg09817427	70	71	100
cg09817427	71	72	100
cg09817427	72	73	100
cg09817427	75	76	100
cg09899564	5	6	100
cg09899564	7	8	100
cg09899564	9	10	66.6666666666667
cg09899564	10	11	66.6666666666667
cg09899564	11	12	100
cg09899564	13	14	100
cg09899564	61	62	100
cg09985753	16	17	100
cg09985753	17	18	0
cg09985753	19	20	100
cg09985753	22	23	0
cg09985753	23	24	0
cg09985753	74	75	0
cg09985753	76	77	0
cg10024790	17	18	0
cg10024790	18	19	100
cg10024790	21	22	88.8888888888889
cg10024790	22	23	94.7368421052632
cg10024790	25	26	90.9090909090909
cg10024790	26	27	100
cg10024790	29	30	88
cg10024790	40	41	0
cg10024790	44	45	100
cg10024790	45	46	33.3333333333333
cg10024790	48	49	50
cg10024790	52	53	100
cg10024790	53	54	0
cg10024790	56	57	100
cg10040493	57	58	100
cg10040493	65	66	0
cg10064809	5	6	66.6666666666667
cg10064809	7	8	100
cg10064809	10	11	75
cg10064809	11	12	75
cg10064809	13	14	75
cg10064809	14	15	85.7142857142857
cg10064809	15	16	57.1428571428571
cg10064809	20	21	100
cg10064809	25	26	100
cg10067250	15	16	100
cg10067250	17	18	100
cg10125423	37	38	0
cg10125423	38	39	100
cg10125423	39	40	100
cg10125423	53	54	0
cg10131194	55	56	75
cg10131194	57	58	80
cg10131194	59	60	60
cg10131194	60	61	80
cg10131194	61	62	66.6666666666667
cg10131194	65	66	83.3333333333333
cg10131194	67	68	25
cg10131194	69	70	66.6666666666667
cg10131194	70	71	100
cg10182925	11	12	100
cg10182925	13	14	100
cg10182925	16	17	100
cg10182925	19	20	100
cg10287351	22	23	0
cg10287351	25	26	100
cg10287351	28	29	100
cg10287351	69	70	100
cg10287351	70	71	0
cg10287351	71	72	100
cg10566829	7	8	100
cg10566829	8	9	100
cg10566829	9	10	100
cg10566829	11	12	0
cg10566829	14	15	100
cg10566829	19	20	0
cg10566829	20	21	100
cg10604668	14	15	100
cg10604668	29	30	56.7307692307692
cg10604668	30	31	49.0384615384615
cg10604668	34	35	67.3076923076923
cg10604668	36	37	62.7272727272727
cg10604668	37	38	69.7247706422018
cg10604668	38	39	47.7477477477478
cg10604668	39	40	75
cg10604668	40	41	59.4827586206897
cg10604668	41	42	61.2068965517241
cg10604668	44	45	54.8672566371681
cg10604668	46	47	63.5514018691589
cg10604668	47	48	68.2692307692308
cg10604668	49	50	77.0833333333333
cg10604668	54	55	100
cg10604668	56	57	100
cg10736991	12	13	100
cg10736991	13	14	100
cg10736991	17	18	50
cg10736991	20	21	0
cg10736991	23	24	0
cg10736991	73	74	0
cg10736991	77	78	0
cg10736991	78	79	100
cg10736991	79	80	0
cg10901415	56	57	100
cg10901415	57	58	0
cg10901415	60	61	100
cg10901415	61	62	100
cg10901415	64	65	100
cg10901415	66	67	100
cg10901415	67	68	100
cg11025714	22	23	100
cg11025714	23	24	100
cg11025714	24	25	0
cg11025714	25	26	0
cg11025714	37	38	100
cg11025714	39	40	0
cg11025714	41	42	100
cg11025714	46	47	0
cg11025714	47	48	0
cg11034948	11	12	0
cg11034948	13	14	100
cg11034948	14	15	100
cg11034948	15	16	100
cg11034948	16	17	100
cg11034948	19	20	100
cg11034948	20	21	0
cg11034948	21	22	0
cg11034948	23	24	100
cg11034948	25	26	100
cg11058785	28	29	0
cg11058785	37	38	60
cg11058785	39	40	25
cg11058785	42	43	50
cg11058785	49	50	100
cg11058785	51	52	100
cg11058785	52	53	50
cg11142389	49	50	100
cg11142389	53	54	50
cg11142389	56	57	0
cg11142389	58	59	0
cg11156486	64	65	100
cg11156486	66	67	100
cg11156486	68	69	100
cg11156486	70	71	75
cg11156486	72	73	33.3333333333333
cg11156486	75	76	0
cg11156486	76	77	0
cg11156486	77	78	100
cg11179893	44	45	100
cg11179893	47	48	100
cg11201611	9	10	0
cg11201611	13	14	0
cg11201611	14	15	100
cg11201611	15	16	100
cg11201611	16	17	0
cg11201611	42	43	100
cg11319388	4	5	100
cg11319388	10	11	80
cg11319388	11	12	66.6666666666667
cg11319388	13	14	72.2222222222222
cg11319388	16	17	93.3333333333333
cg11319388	17	18	60
cg11319388	56	57	100
cg11319388	58	59	100
cg11352219	47	48	100
cg11352219	52	53	100
cg11437639	6	7	100
cg11437639	58	59	100
cg11437639	62	63	0
cg11437639	67	68	100
cg11437639	72	73	100
cg11458204	41	42	50
cg11458204	44	45	0
cg11458204	60	61	100
cg11584091	33	34	100
cg11584091	36	37	50
cg11584091	37	38	75
cg11584091	40	41	75
cg11729098	39	40	100
cg11729098	42	43	66.6666666666667
cg11729098	43	44	100
cg11729098	44	45	100
cg11729098	54	55	100
cg11729098	55	56	100
cg11729098	59	60	92.3076923076923
cg11729098	60	61	100
cg11729098	62	63	38.4615384615385
cg11729098	67	68	40
cg11729098	68	69	88.8888888888889
cg11729098	70	71	100
cg11741231	11	12	50
cg11741231	14	15	0
cg11741231	17	18	0
cg11792642	43	44	0
cg11792642	60	61	0
cg11792642	64	65	0
cg11807038	6	7	0
cg11807038	7	8	0
cg11807038	35	36	0
cg11807038	46	47	100
cg11807038	52	53	88.8888888888889
cg11807038	54	55	25
cg11807038	59	60	55.5555555555556
cg11807038	63	64	80
cg11807038	64	65	60
cg11819496	14	15	100
cg11819496	16	17	100
cg11819496	19	20	50
cg11848212	45	46	0
cg11848212	68	69	100
cg11848212	70	71	100
cg11848212	71	72	0
cg11848212	74	75	0
cg11875079	35	36	100
cg11875079	48	49	0
cg11875079	51	52	33.3333333333333
cg11875079	52	53	0
cg11875079	55	56	100
cg11875079	57	58	6.66666666666667
cg11875079	60	61	100
cg11875079	63	64	0
cg11875079	66	67	100
cg11875079	67	68	100
cg11875079	68	69	100
cg11899916	11	12	100
cg11899916	69	70	100
cg11899916	74	75	100
cg11899916	76	77	100
cg11914037	23	24	100
cg11914037	26	27	33.3333333333333
cg11914037	55	56	100
cg11914037	57	58	100
cg11975654	41	42	0
cg11975654	44	45	0
cg11975654	45	46	0
cg11975654	46	47	100
cg11975654	48	49	100
cg11975654	62	63	100
cg11975654	66	67	100
cg12031700	12	13	0
cg12031700	20	21	0
cg12046720	14	15	0
cg12046720	51	52	100
cg12046720	52	53	100
cg12046720	56	57	100
cg12046720	57	58	0
cg12046720	58	59	0
cg12046720	62	63	50
cg12046720	63	64	66.6666666666667
cg12046720	64	65	33.3333333333333
cg12046720	65	66	0
cg12053353	18	19	100
cg12053353	21	22	0
cg12053353	22	23	100
cg12053353	24	25	0
cg12053353	26	27	50
cg12053353	27	28	0
cg12053353	63	64	0
cg12145907	10	11	0
cg12145907	11	12	0
cg12145907	17	18	0
cg12241489	6	7	100
cg12241489	8	9	100
cg12241489	9	10	100
cg12241489	11	12	100
cg12241489	13	14	100
cg12241489	14	15	100
cg12241489	50	51	100
cg12241489	55	56	100
cg12241489	56	57	100
cg12241489	63	64	100
cg12306961	15	16	0
cg12306961	21	22	0
cg12306961	23	24	100
cg12376071	8	9	100
cg12376071	12	13	100
cg12376071	19	20	100
cg12553580	2	3	100
cg12553580	4	5	66.6666666666667
cg12553580	6	7	66.6666666666667
cg12553580	7	8	50
cg12553580	8	9	100
cg12553580	9	10	33.3333333333333
cg12553580	11	12	75
cg12553580	12	13	50
cg12553580	14	15	25
cg12553580	15	16	100
cg12553580	16	17	25
cg12553580	17	18	66.6666666666667
cg12553580	62	63	0
cg12553580	74	75	100
cg12553580	76	77	100
cg12572894	41	42	100
cg12572894	50	51	80
cg12572894	52	53	50
cg12572894	53	54	50
cg12572894	54	55	75
cg12572894	61	62	100
cg12572894	73	74	100
cg12572894	75	76	100
cg12593479	7	8	66.6666666666667
cg12593479	8	9	33.3333333333333
cg12593479	10	11	75
cg12593479	12	13	75
cg12593479	69	70	80
cg12593479	71	72	60
cg12593479	72	73	60
cg12593479	75	76	60
cg12593479	77	78	75
cg12597232	44	45	100
cg12597232	45	46	100
cg12597232	48	49	100
cg12597232	51	52	100
cg12597232	53	54	100
cg12597232	56	57	100
cg12620743	24	25	0
cg12620743	25	26	100
cg12620743	26	27	100
cg12620743	27	28	0
cg12620743	65	66	100
cg12620743	68	69	0
cg12620743	69	70	100
cg12741020	53	54	50
cg12741020	55	56	25
cg12741020	57	58	100
cg12741020	58	59	50
cg12741020	59	60	50
cg12741020	62	63	40
cg12741020	64	65	40
cg12741020	65	66	25
cg12741020	66	67	50
cg12741020	67	68	50
cg12741020	68	69	66.6666666666667
cg12741020	70	71	66.6666666666667
cg12757011	1	2	100
cg12757011	2	3	100
cg12757011	3	4	66.6666666666667
cg12757011	4	5	100
cg12757011	5	6	33.3333333333333
cg12757011	7	8	66.6666666666667
cg12757011	11	12	100
cg12757011	17	18	100
cg12757011	29	30	100
cg12757011	31	32	100
cg12757011	34	35	100
cg12757011	36	37	100
cg12757011	37	38	100
cg12780461	65	66	66.6666666666667
cg12780461	71	72	0
cg12780461	75	76	50
cg12927674	37	38	0
cg12986671	33	34	0
cg12986671	35	36	100
cg12986671	38	39	100
cg12986671	40	41	100
cg12986671	41	42	100
cg12986671	44	45	100
cg12986671	54	55	100
cg12986671	56	57	100
cg12986671	57	58	100
cg12986671	59	60	100
cg12986671	62	63	100
cg13143654	7	8	100
cg13143654	8	9	0
cg13143654	10	11	66.6666666666667
cg13143654	11	12	66.6666666666667
cg13143654	13	14	60
cg13143654	14	15	66.6666666666667
cg13143654	16	17	57.1428571428571
cg13143654	19	20	57.1428571428571
cg13143654	20	21	42.8571428571429
cg13143654	22	23	33.3333333333333
cg13143654	23	24	83.3333333333333
cg13143654	25	26	66.6666666666667
cg13143654	26	27	66.6666666666667
cg13143654	27	28	83.3333333333333
cg13143654	28	29	40
cg13143654	29	30	100
cg13181002	12	13	100
cg13181002	15	16	100
cg13181002	19	20	100
cg13181002	50	51	0
cg13181002	51	52	0
cg13181002	56	57	0
cg13181002	58	59	100
cg13230634	6	7	0
cg13230634	7	8	0
cg13230634	8	9	0
cg13230634	9	10	0
cg13230634	13	14	0
cg13230634	49	50	100
cg13230634	51	52	100
cg13278722	60	61	100
cg13278722	64	65	0
cg13278722	65	66	0
cg13278722	72	73	0
cg13320676	46	47	100
cg13320676	48	49	33.3333333333333
cg13320676	60	61	50
cg13320676	61	62	100
cg13331682	2	3	50
cg13331682	3	4	100
cg13331682	9	10	100
cg13331682	14	15	100
cg13331682	35	36	0
cg13349948	10	11	0
cg13349948	45	46	50
cg13349948	46	47	100
cg13349948	47	48	50
cg13349948	52	53	100
cg13349948	54	55	100
cg13366102	67	68	100
cg13366102	69	70	100
cg13366102	71	72	50
cg13366102	73	74	0
cg13366102	74	75	0
cg13366102	75	76	100
cg13486820	14	15	0
cg13486820	15	16	100
cg13486820	16	17	100
cg13486820	56	57	100
cg13486820	69	70	68.4210526315789
cg13486820	72	73	68.75
cg13486820	74	75	71.4285714285714
cg13486820	75	76	28.5714285714286
cg13486820	77	78	85.7142857142857
cg13486820	78	79	100
cg13604683	35	36	100
cg13604683	36	37	100
cg13604683	43	44	0
cg13660279	15	16	0
cg13660279	17	18	0
cg13660279	22	23	33.3333333333333
cg13660279	23	24	100
cg13660279	26	27	100
cg13660279	28	29	66.6666666666667
cg13660279	29	30	100
cg13660279	31	32	0
cg13660279	37	38	0
cg13677591	64	65	0
cg13677591	66	67	0
cg13677591	73	74	100
cg13677591	75	76	0
cg13677591	76	77	0
cg13677591	78	79	100
cg13702567	33	34	100
cg13702567	40	41	0
cg13702567	72	73	100
cg13702567	73	74	100
cg13702567	74	75	100
cg13766016	31	32	100
cg13766016	32	33	100
cg13766016	57	58	75
cg13776863	38	39	0
cg13776863	39	40	0
cg13776863	41	42	100
cg13906190	20	21	100
cg13906190	36	37	100
cg13906190	38	39	100
cg13906190	39	40	100
cg13906190	40	41	100
cg14012997	12	13	100
cg14012997	48	49	100
cg14043264	4	5	100
cg14043264	8	9	100
cg14043264	9	10	100
cg14043264	31	32	100
cg14043264	32	33	100
cg14140337	9	10	100
cg14140337	10	11	100
cg14140337	62	63	100
cg14140337	63	64	100
cg14140337	65	66	0
cg14160701	27	28	0
cg14160701	29	30	100
cg14160701	31	32	100
cg14160701	32	33	100
cg14160701	33	34	0
cg14299268	12	13	100
cg14299268	16	17	50
cg14299268	22	23	100
cg14299268	36	37	100
cg14311946	10	11	100
cg14311946	11	12	0
cg14311946	13	14	100
cg14311946	14	15	100
cg14311946	15	16	100
cg14311946	18	19	100
cg14311946	26	27	0
cg14311946	30	31	50
cg14311946	33	34	50
cg14311946	35	36	80
cg14311946	36	37	80
cg14311946	39	40	75
cg14311946	52	53	0
cg14311946	54	55	0
cg14360629	6	7	33.3333333333333
cg14360629	7	8	61.9047619047619
cg14360629	9	10	66.6666666666667
cg14360629	11	12	69.6969696969697
cg14360629	13	14	69.4444444444444
cg14360629	15	16	58.974358974359
cg14360629	17	18	58.5365853658537
cg14360629	18	19	62.5
cg14360629	19	20	48.5714285714286
cg14360629	20	21	78.125
cg14360629	22	23	65.5172413793103
cg14660630	1	2	0
cg14660630	2	3	100
cg14660630	4	5	0
cg14660630	7	8	100
cg14660630	8	9	100
cg14726968	25	26	100
cg14726968	27	28	50
cg14726968	29	30	0
cg14726968	37	38	0
cg14728698	6	7	0
cg14728698	54	55	100
cg14728698	58	59	0
cg14728698	59	60	50
cg14728698	61	62	0
cg14728698	63	64	0
cg14728698	65	66	0
cg14728698	67	68	50
cg14783231	41	42	100
cg14783231	42	43	100
cg14783231	44	45	100
cg14783231	50	51	100
cg14850368	29	30	0
cg14850368	31	32	0
cg14850368	32	33	0
cg14850368	64	65	0
cg14880389	5	6	100
cg14880389	8	9	100
cg14880389	11	12	100
cg14880389	14	15	100
cg14880389	17	18	100
cg14880389	20	21	100
cg14880389	23	24	100
cg14880389	29	30	100
cg14880389	32	33	100
cg14880389	35	36	100
cg14890920	21	22	0
cg14890920	54	55	100
cg14890920	56	57	100
cg15028045	16	17	100
cg15028045	17	18	100
cg15028045	18	19	100
cg15028045	39	40	100
cg15028045	40	41	100
cg15028045	47	48	100
cg15075184	14	15	100
cg15166827	14	15	0
cg15214658	27	28	100
cg15214658	29	30	100
cg15214658	31	32	66.6666666666667
cg15214658	33	34	100
cg15214658	34	35	83.3333333333333
cg15214658	36	37	100
cg15214658	40	41	100
cg15214658	42	43	100
cg15214658	55	56	100
cg15262576	12	13	0
cg15262576	35	36	50
cg15262576	36	37	50
cg15262576	39	40	40
cg15262576	41	42	100
cg15262576	43	44	60
cg15262576	44	45	75
cg15262576	45	46	75
cg15262576	66	67	100
cg15469181	2	3	100
cg15469181	4	5	100
cg15469181	5	6	100
cg15469181	6	7	50
cg15469181	8	9	100
cg15469181	9	10	66.6666666666667
cg15469181	15	16	100
cg15469181	17	18	100
cg15469181	64	65	100
cg15469181	66	67	100
cg15469181	67	68	50
cg15469181	68	69	50
cg15469181	70	71	100
cg15555425	51	52	100
cg15555425	52	53	100
cg15555425	53	54	0
cg15555425	59	60	0
cg15555425	63	64	100
cg15566115	4	5	85.7142857142857
cg15566115	7	8	63.6363636363636
cg15566115	8	9	41.6666666666667
cg15566115	11	12	43.75
cg15566115	13	14	50
cg15566115	16	17	56.25
cg15566115	19	20	53.3333333333333
cg15566115	20	21	85.7142857142857
cg15566115	55	56	100
cg15566115	58	59	0
cg15566115	69	70	43.75
cg15566115	71	72	46.1538461538462
cg15566115	72	73	54.5454545454545
cg15566115	76	77	60
cg15566115	77	78	50
cg15566115	78	79	0
cg15693666	1	2	100
cg15693666	2	3	0
cg15693666	4	5	100
cg15693666	12	13	0
cg15693666	14	15	100
cg15693666	15	16	0
cg15693666	16	17	0
cg15693666	18	19	100
cg15693666	19	20	0
cg15693666	25	26	100
cg15693666	26	27	0
cg15693666	28	29	100
cg15693666	29	30	100
cg15693666	35	36	100
cg15693666	37	38	100
cg15693666	39	40	66.6666666666667
cg15693666	44	45	75
cg15693666	47	48	100
cg15693666	52	53	60
cg15711227	53	54	0
cg15711227	58	59	100
cg15711227	66	67	0
cg15711227	67	68	100
cg15823859	37	38	58.3333333333333
cg15823859	40	41	58.3333333333333
cg15823859	41	42	66.6666666666667
cg15823859	43	44	41.6666666666667
cg15823859	48	49	72.7272727272727
cg15823859	49	50	40
cg15823859	50	51	22.2222222222222
cg15823859	59	60	66.6666666666667
cg15823859	60	61	100
cg15823859	63	64	40
cg15823859	64	65	60
cg15823859	65	66	100
cg15846956	25	26	100
cg15846956	36	37	100
cg15846956	51	52	100
cg15846956	52	53	100
cg15890010	15	16	100
cg15890010	22	23	100
cg15890010	23	24	100
cg15890010	31	32	100
cg15890010	33	34	50
cg15890010	35	36	50
cg15890010	37	38	100
cg15890010	47	48	100
cg15890010	50	51	100
cg15890010	51	52	0
cg15890010	64	65	0
cg15913680	5	6	100
cg15913680	7	8	100
cg15913680	10	11	100
cg15913680	11	12	100
cg15913680	13	14	100
cg15913680	52	53	100
cg15913680	55	56	100
cg15913680	56	57	100
cg15913680	58	59	100
cg15932297	13	14	80
cg15932297	20	21	100
cg15932297	23	24	100
cg15932297	33	34	71.4285714285714
cg15932297	36	37	100
cg15932297	48	49	0
cg15932297	49	50	0
cg15932297	50	51	0
cg15988120	1	2	100
cg15988120	6	7	50
cg15988120	9	10	50
cg15988120	11	12	50
cg15988120	12	13	100
cg15988120	14	15	100
cg15988120	15	16	100
cg16290725	3	4	100
cg16290725	4	5	100
cg16290725	5	6	100
cg16290725	7	8	75
cg16290725	8	9	100
cg16290725	11	12	100
cg16290725	13	14	100
cg16290725	18	19	100
cg16313026	21	22	0
cg16313026	22	23	100
cg16313026	23	24	100
cg16313026	24	25	0
cg16313026	25	26	0
cg16313026	41	42	100
cg16456408	12	13	0
cg16456408	13	14	100
cg16456408	17	18	0
cg16456408	51	52	0
cg16456408	70	71	0
cg16456408	71	72	100
cg16456627	10	11	51.8518518518518
cg16456627	11	12	59.2592592592593
cg16456627	12	13	60
cg16456627	21	22	63.9344262295082
cg16456627	23	24	67.1875
cg16456627	24	25	64.0625
cg16456627	28	29	61.6666666666667
cg16456627	29	30	68.9655172413793
cg16456627	31	32	65.3846153846154
cg16456627	36	37	66.6666666666667
cg16456627	55	56	100
cg16456627	56	57	100
cg16456627	57	58	66.6666666666667
cg16456627	58	59	50
cg16456627	59	60	60
cg16456627	62	63	0
cg16456627	65	66	66.6666666666667
cg16456627	66	67	66.6666666666667
cg16456627	67	68	100
cg16524928	53	54	0
cg16524928	54	55	100
cg16524928	55	56	100
cg16524928	63	64	100
cg16524928	64	65	50
cg16524928	68	69	100
cg16524928	69	70	100
cg16532688	18	19	100
cg16532688	19	20	100
cg16532688	22	23	100
cg16532688	27	28	100
cg16550733	43	44	100
cg16550733	58	59	0
cg16550733	59	60	100
cg16550733	62	63	100
cg16550733	63	64	100
cg16550733	65	66	0
cg16603464	22	23	100
cg16603464	24	25	75
cg16603464	26	27	100
cg16606195	33	34	75
cg16606195	34	35	100
cg16606195	35	36	100
cg16632407	33	34	0
cg16632407	35	36	100
cg16632407	54	55	0
cg16632407	56	57	0
cg16633088	53	54	100
cg16633088	57	58	100
cg16633088	66	67	100
cg16633088	67	68	100
cg16678811	22	23	100
cg16678811	26	27	100
cg16678811	27	28	100
cg16678811	28	29	100
cg16678811	29	30	100
cg16678811	31	32	100
cg16678811	33	34	100
cg16743922	39	40	0
cg16743922	41	42	0
cg16743922	51	52	0
cg16743922	52	53	100
cg16744551	0	1	100
cg16744551	2	3	0
cg16744551	5	6	100
cg16744551	6	7	66.6666666666667
cg16744551	11	12	75
cg16744551	13	14	100
cg16744551	17	18	100
cg16744551	19	20	100
cg16744551	23	24	50
cg16744551	26	27	100
cg16744551	31	32	100
cg16873877	57	58	100
cg16873877	62	63	100
cg16873877	64	65	100
cg16873877	67	68	100
cg16938805	51	52	100
cg16938805	53	54	100
cg16938805	58	59	0
cg17050836	18	19	0
cg17050836	20	21	0
cg17050836	55	56	100
cg17050836	56	57	100
cg17050836	57	58	100
cg17137627	57	58	50
cg17137627	59	60	100
cg17206772	55	56	0
cg17206772	64	65	0
cg17216365	4	5	0
cg17216365	7	8	50
cg17216365	9	10	0
cg17216365	11	12	0
cg17216365	12	13	0
cg17216365	16	17	0
cg17329011	13	14	100
cg17329011	14	15	100
cg17329011	15	16	100
cg17329011	17	18	0
cg17329011	22	23	100
cg17329011	25	26	100
cg17426532	45	46	100
cg17426532	47	48	100
cg17426532	50	51	100
cg17426532	59	60	100
cg17426532	64	65	100
cg17426532	66	67	50
cg17517572	66	67	100
cg17517572	67	68	100
cg17517572	68	69	100
cg17517572	69	70	50
cg17517572	71	72	100
cg17517572	72	73	100
cg17644722	40	41	100
cg17644722	44	45	100
cg17662507	7	8	100
cg17662507	8	9	100
cg17662507	9	10	100
cg17662507	11	12	66.6666666666667
cg17662507	12	13	50
cg17662507	13	14	100
cg17662507	14	15	100
cg17662507	18	19	100
cg17662507	19	20	100
cg17662507	20	21	100
cg17662507	69	70	100
cg17711361	10	11	100
cg17711361	12	13	0
cg17711361	14	15	50
cg17711361	19	20	100
cg17779362	6	7	100
cg17779362	7	8	0
cg17779362	9	10	0
cg17779362	30	31	0
cg17779362	37	38	100
cg17779362	38	39	0
cg17779362	40	41	100
cg17779362	59	60	0
cg17779362	64	65	0
cg17820491	1	2	100
cg17820491	3	4	0
cg17820491	4	5	100
cg17820491	5	6	100
cg17820491	59	60	100
cg17820491	62	63	100
cg17820491	65	66	0
cg17820491	67	68	100
cg17840681	4	5	50
cg17840681	14	15	100
cg17840681	19	20	85
cg17840681	21	22	58.8235294117647
cg17840681	22	23	87.5
cg17840681	25	26	50
cg17840681	30	31	100
cg17840681	41	42	100
cg17854644	38	39	100
cg17854644	41	42	0
cg17942031	14	15	100
cg17942031	15	16	100
cg17942031	20	21	100
cg17942031	21	22	0
cg17942031	37	38	0
cg17942031	40	41	100
cg17942031	41	42	0
cg17942031	47	48	100
cg17942031	48	49	0
cg17942031	55	56	80
cg17942031	56	57	75
cg17942031	57	58	50
cg17942031	61	62	75
cg17942031	62	63	75
cg17961335	8	9	0
cg17961335	9	10	0
cg17961335	26	27	100
cg17961335	30	31	100
cg17961335	32	33	100
cg18120675	33	34	100
cg18149227	8	9	100
cg18149227	12	13	100
cg18149227	15	16	100
cg18149227	17	18	80
cg18149227	20	21	100
cg18221275	64	65	100
cg18221275	66	67	100
cg18221275	67	68	100
cg18221275	73	74	100
cg18221275	74	75	100
cg18221275	76	77	100
cg18257298	31	32	0
cg18257298	34	35	0
cg18257298	36	37	100
cg18277399	22	23	100
cg18278971	37	38	100
cg18278971	57	58	100
cg18278971	63	64	100
cg18278971	64	65	50
cg18278971	66	67	100
cg18306254	4	5	0
cg18306254	5	6	100
cg18306254	6	7	100
cg18306254	8	9	66.6666666666667
cg18306254	9	10	66.6666666666667
cg18306254	13	14	100
cg18306254	15	16	100
cg18306254	17	18	100
cg18306254	22	23	50
cg18306254	24	25	0
cg18306254	31	32	100
cg18331800	17	18	0
cg18331800	31	32	100
cg18342041	14	15	0
cg18342041	15	16	50
cg18394148	56	57	100
cg18394148	59	60	100
cg18397523	48	49	100
cg18397523	50	51	100
cg18397523	51	52	100
cg18397523	63	64	100
cg18397523	67	68	0
cg18397523	70	71	100
cg18397523	72	73	100
cg18397523	73	74	0
cg18531946	7	8	50
cg18531946	11	12	50
cg18531946	12	13	100
cg18531946	13	14	0
cg18531946	14	15	0
cg18531946	19	20	0
cg18531946	21	22	100
cg18531946	47	48	100
cg18531946	48	49	0
cg18531946	53	54	0
cg18531946	70	71	100
cg18531946	76	77	100
cg18629679	6	7	100
cg18629679	14	15	100
cg18629679	17	18	100
cg18629679	71	72	100
cg18678822	12	13	100
cg18678822	15	16	100
cg18678822	17	18	100
cg18678822	21	22	100
cg18678822	22	23	100
cg18678822	41	42	100
cg18678822	42	43	100
cg18815657	20	21	0
cg18815657	40	41	57.1428571428571
cg18815657	42	43	90
cg18815657	47	48	83.3333333333333
cg18815657	49	50	92.8571428571429
cg18815657	51	52	100
cg18815657	52	53	100
cg18815657	57	58	60
cg18815657	65	66	100
cg18821963	26	27	0
cg18821963	35	36	100
cg18849004	7	8	100
cg18849004	10	11	100
cg18849004	11	12	100
cg18849004	12	13	100
cg18849004	33	34	100
cg18849004	38	39	100
cg18907778	60	61	100
cg18907778	62	63	100
cg18907778	63	64	100
cg18907778	67	68	100
cg18907778	68	69	50
cg18907778	73	74	100
cg18907778	75	76	0
cg18907778	76	77	100
cg18919816	39	40	100
cg18919816	43	44	50
cg18919816	44	45	100
cg18919816	45	46	100
cg18919816	49	50	100
cg18922837	27	28	100
cg18922837	32	33	100
cg18922837	34	35	100
cg18922837	39	40	100
cg18922837	40	41	100
cg18922837	41	42	50
cg18922837	42	43	100
cg18977692	23	24	100
cg18977692	24	25	100
cg18977692	26	27	100
cg18977692	34	35	100
cg19011483	17	18	100
cg19011483	18	19	100
cg19011483	25	26	100
cg19011483	46	47	100
cg19011483	47	48	100
cg19011483	55	56	100
cg19028261	6	7	0
cg19028261	8	9	0
cg19028261	9	10	0
cg19028261	10	11	0
cg19028261	12	13	0
cg19028261	23	24	0
cg19028261	25	26	0
cg19050854	41	42	100
cg19050854	42	43	100
cg19050854	47	48	100
cg19050854	69	70	100
cg19050854	72	73	100
cg19117962	39	40	63.8297872340426
cg19117962	41	42	70.5882352941177
cg19117962	45	46	65.1162790697674
cg19117962	47	48	66.4233576642336
cg19117962	49	50	69.5652173913043
cg19117962	51	52	56.5217391304348
cg19117962	53	54	60.8
cg19117962	55	56	64.957264957265
cg19117962	57	58	48.5981308411215
cg19117962	59	60	73.4939759036145
cg19117962	61	62	62.2950819672131
cg19117962	63	64	52.3809523809524
cg19121679	16	17	0
cg19121679	28	29	0
cg19121679	55	56	100
cg19121679	56	57	0
cg19121679	58	59	100
cg19121679	60	61	100
cg19121679	62	63	0
cg19121679	63	64	50
cg19133511	32	33	100
cg19133511	41	42	0
cg19133511	42	43	100
cg19133511	43	44	0
cg19133511	74	75	0
cg19219102	69	70	0
cg19219102	70	71	100
cg19219102	71	72	100
cg19243613	28	29	100
cg19243613	30	31	100
cg19243613	31	32	50
cg19243613	67	68	75
cg19243613	69	70	100
cg19243613	74	75	75
cg19243613	76	77	66.6666666666667
cg19243613	77	78	100
cg19291109	17	18	0
cg19291109	23	24	100
cg19291109	25	26	100
cg19291109	29	30	100
cg19291109	56	57	0
cg19298873	50	51	100
cg19298873	51	52	0
cg19298873	54	55	100
cg19314788	55	56	100
cg19314788	56	57	100
cg19314788	57	58	100
cg19314788	63	64	83.3333333333333
cg19314788	65	66	66.6666666666667
cg19314788	72	73	100
cg19345073	29	30	100
cg19345073	31	32	100
cg19345073	35	36	100
cg19345073	63	64	100
cg19345073	64	65	0
cg19345073	65	66	100
cg19615998	3	4	100
cg19615998	4	5	100
cg19615998	6	7	100
cg19615998	8	9	100
cg19615998	10	11	100
cg19615998	11	12	100
cg19615998	13	14	100
cg19615998	14	15	0
cg19615998	36	37	100
cg19615998	38	39	100
cg19615998	41	42	33.3333333333333
cg19615998	46	47	100
cg19615998	47	48	50
cg19615998	50	51	100
cg19702779	16	17	100
cg19702779	20	21	100
cg19702779	66	67	33.3333333333333
cg19702779	68	69	66.6666666666667
cg19702779	71	72	33.3333333333333
cg19702779	72	73	100
cg19702779	74	75	0
cg19711579	51	52	100
cg19804266	65	66	100
cg19804266	67	68	100
cg19804266	68	69	100
cg19804266	70	71	100
cg19828220	11	12	100
cg19828220	12	13	0
cg19828220	17	18	100
cg19828220	25	26	100
cg19860820	49	50	100
cg19860820	51	52	100
cg19860820	53	54	100
cg19860820	55	56	100
cg19860820	56	57	100
cg19860820	62	63	100
cg19860820	64	65	100
cg20149183	34	35	0
cg20149183	36	37	100
cg20149183	37	38	0
cg20149183	38	39	100
cg20167583	15	16	87.5
cg20167583	17	18	70
cg20167583	18	19	36.3636363636364
cg20167583	20	21	27.2727272727273
cg20167583	22	23	27.2727272727273
cg20167583	26	27	53.8461538461538
cg20167583	29	30	50
cg20167583	31	32	20
cg20167583	33	34	33.3333333333333
cg20167583	34	35	100
cg20167583	40	41	100
cg20167583	42	43	100
cg20167583	60	61	100
cg20167583	62	63	100
cg20199880	21	22	100
cg20199880	23	24	0
cg20199880	62	63	100
cg20199880	72	73	0
cg20233387.1	22	23	100
cg20233387.1	25	26	100
cg20233387.1	48	49	100
cg20233387.1	49	50	33.3333333333333
cg20233387.1	51	52	33.3333333333333
cg20233387.1	53	54	66.6666666666667
cg20233387.1	58	59	100
cg20233387.1	61	62	100
cg20312798	33	34	100
cg20312798	34	35	100
cg20312798	37	38	100
cg20312798	40	41	100
cg20374928	30	31	0
cg20374928	31	32	50
cg20374928	35	36	100
cg20374928	45	46	0
cg20374928	46	47	0
cg20374928	47	48	0
cg20374928	51	52	0
cg20488057	13	14	100
cg20488057	67	68	100
cg20488057	68	69	0
cg20568292	59	60	50
cg20568292	60	61	100
cg20568292	62	63	0
cg20568292	65	66	0
cg20568292	68	69	33.3333333333333
cg20568292	69	70	33.3333333333333
cg20568292	74	75	100
cg20568292	77	78	0
cg20568292	78	79	100
cg20568292	79	80	100
cg20609321	45	46	100
cg20609321	49	50	50
cg20609321	52	53	100
cg20609321	53	54	100
cg20609321	58	59	100
cg20627844	3	4	100
cg20627844	6	7	100
cg20627844	60	61	100
cg20627844	61	62	100
cg20627844	66	67	100
cg20638025	43	44	50
cg20638025	44	45	50
cg20638025	48	49	100
cg20638025	49	50	100
cg20638025	50	51	100
cg20638025	51	52	100
cg20638025	55	56	100
cg20785169	19	20	100
cg20785169	21	22	0
cg20785169	27	28	0
cg20805191	5	6	100
cg20805191	14	15	50
cg20805191	15	16	50
cg20805191	37	38	100
cg20805191	39	40	100
cg20805191	40	41	100
cg20829742	0	1	100
cg20829742	1	2	100
cg20829742	3	4	100
cg20829742	6	7	0
cg20829742	12	13	100
cg20829742	24	25	0
cg20829742	26	27	100
cg20829742	60	61	100
cg20829742	67	68	100
cg20872072	9	10	78.5714285714286
cg20872072	12	13	43.75
cg20872072	13	14	81.25
cg20872072	15	16	63.1578947368421
cg20872072	18	19	68.1818181818182
cg20872072	19	20	68.1818181818182
cg20872072	21	22	63.6363636363636
cg20872072	22	23	72.7272727272727
cg20872072	27	28	58.3333333333333
cg20872072	28	29	60
cg20872072	30	31	71.4285714285714
cg20872072	39	40	100
cg20872072	42	43	100
cg20872072	43	44	100
cg20872072	45	46	100
cg20950377	22	23	100
cg20950377	24	25	100
cg20950377	25	26	100
cg20950377	28	29	0
cg20950377	49	50	100
cg20950377	50	51	100
cg20950377	53	54	100
cg21027178	13	14	50
cg21027178	14	15	50
cg21027178	15	16	0
cg21027178	18	19	50
cg21027178	19	20	50
cg21027178	55	56	100
cg21027178	56	57	100
cg21027178	58	59	100
cg21028063	18	19	0
cg21028063	69	70	0
cg21028063	73	74	100
cg21097283	36	37	33.3333333333333
cg21097283	58	59	100
cg21166964	12	13	0
cg21166964	16	17	0
cg21166964	24	25	0
cg21166964	30	31	83.3333333333333
cg21166964	39	40	71.4285714285714
cg21166964	40	41	57.1428571428571
cg21166964	41	42	85.7142857142857
cg21166964	52	53	0
cg21166964	54	55	0
cg21177673	36	37	100
cg21177673	39	40	100
cg21177673	45	46	100
cg21177673	46	47	100
cg21177673	50	51	100
cg21177673	54	55	100
cg21181292	12	13	100
cg21181292	15	16	50
cg21181292	17	18	50
cg21181292	23	24	100
cg21214122	55	56	0
cg21214122	59	60	0
cg21258436	3	4	100
cg21258436	5	6	100
cg21258436	7	8	100
cg21258436	10	11	100
cg21258436	12	13	0
cg21258436	14	15	100
cg21258436	15	16	0
cg21258436	16	17	100
cg21258436	21	22	100
cg21294440	30	31	0
cg21294440	32	33	0
cg21314020	32	33	0
cg21314020	33	34	0
cg21314020	44	45	100
cg21314020	45	46	0
cg21314020	47	48	0
cg21314020	64	65	100
cg21314020	66	67	100
cg21314020	70	71	100
cg21333598	32	33	100
cg21333598	40	41	100
cg21333598	42	43	100
cg21333598	43	44	100
cg21333598	48	49	100
cg21333598	49	50	0
cg21392555	2	3	100
cg21392555	4	5	100
cg21392555	6	7	100
cg21392555	8	9	100
cg21392555	9	10	100
cg21392555	24	25	100
cg21392555	25	26	100
cg21516079	39	40	100
cg21516079	40	41	100
cg21516079	42	43	100
cg21516079	43	44	33.3333333333333
cg21516079	44	45	100
cg21516079	48	49	100
cg21526720	3	4	100
cg21526720	7	8	100
cg21526720	10	11	100
cg21526720	19	20	100
cg21526720	23	24	100
cg21526720	25	26	100
cg21526720	26	27	0
cg21576760	10	11	0
cg21576760	13	14	100
cg21576760	15	16	100
cg21576760	40	41	100
cg21576760	48	49	50
cg21576760	49	50	50
cg21576760	53	54	0
cg21576760	56	57	50
cg21576760	58	59	100
cg21607628	12	13	0
cg21607628	72	73	100
cg21607628	73	74	100
cg21608575	20	21	0
cg21608575	24	25	0
cg21608575	25	26	0
cg21608575	32	33	0
cg21608575	36	37	0
cg21639837	34	35	100
cg21639837	35	36	0
cg21639837	37	38	100
cg21639837	43	44	100
cg21639837	46	47	100
cg21639837	48	49	100
cg21639837	57	58	100
cg21639837	58	59	100
cg21639837	59	60	100
cg21664322	29	30	100
cg21664322	35	36	100
cg21664322	36	37	100
cg21684886	44	45	100
cg21684886	45	46	50
cg21684886	48	49	50
cg21684886	49	50	100
cg21684886	58	59	83.3333333333333
cg21797039	8	9	50
cg21797039	10	11	50
cg21797039	11	12	50
cg21836885	44	45	100
cg21836885	50	51	62.0689655172414
cg21836885	52	53	68.3760683760684
cg21836885	54	55	67.8571428571429
cg21836885	58	59	64
cg21836885	59	60	74.2268041237113
cg21836885	60	61	72.6315789473684
cg21836885	64	65	69.4117647058823
cg21836885	65	66	56.0975609756098
cg21836885	67	68	74.025974025974
cg21836885	68	69	75
cg21836885	75	76	83.3333333333333
cg21836885	76	77	66.6666666666667
cg21836885	77	78	100
cg21881832	27	28	100
cg21881832	28	29	100
cg21881832	55	56	100
cg21881832	56	57	100
cg21881832	58	59	100
cg21973311	41	42	100
cg21973311	43	44	100
cg21973311	45	46	50
cg21973311	46	47	50
cg22029297	16	17	80
cg22029297	18	19	100
cg22029297	21	22	100
cg22029297	22	23	85.7142857142857
cg22029297	27	28	87.5
cg22029297	29	30	71.4285714285714
cg22029297	30	31	100
cg22029297	31	32	66.6666666666667
cg22029297	50	51	100
cg22069272	32	33	50
cg22069272	34	35	75
cg22069272	36	37	50
cg22069272	38	39	40
cg22069272	39	40	100
cg22069272	40	41	60
cg22069272	42	43	40
cg22069272	45	46	50
cg22069272	46	47	75
cg22070406	11	12	100
cg22070406	18	19	100
cg22070406	20	21	100
cg22070406	24	25	100
cg22070406	25	26	100
cg22070406	70	71	100
cg22070406	72	73	100
cg22070406	77	78	100
cg22097199	35	36	0
cg22097199	50	51	50
cg22097199	53	54	0
cg22097199	55	56	100
cg22290035	4	5	0
cg22290035	6	7	100
cg22290035	19	20	0
cg22290035	24	25	0
cg22290035	28	29	0
cg22290035	63	64	0
cg22290035	64	65	100
cg22290035	68	69	0
cg22290035	73	74	0
cg22316499	19	20	80
cg22316499	21	22	40
cg22316499	23	24	81.8181818181818
cg22316499	25	26	50
cg22320967	9	10	0
cg22320967	27	28	100
cg22320967	32	33	100
cg22320967	41	42	75
cg22320967	43	44	70
cg22320967	45	46	70
cg22320967	48	49	88.8888888888889
cg22320967	58	59	0
cg22320967	59	60	0
cg22472903	16	17	100
cg22472903	20	21	0
cg22472903	21	22	0
cg22472903	25	26	0
cg22472903	26	27	0
cg22472903	47	48	0
cg22527167	52	53	100
cg22527167	54	55	0
cg22527167	62	63	0
cg22527167	63	64	100
cg22704389	45	46	100
cg22704389	57	58	100
cg22704389	60	61	100
cg22875689	11	12	0
cg22875689	14	15	100
cg22875689	17	18	100
cg22875689	21	22	100
cg22875689	23	24	100
cg22875689	45	46	50
cg22875689	48	49	0
cg22875689	49	50	100
cg22875689	50	51	100
cg22993731	9	10	100
cg22993731	11	12	100
cg22993731	16	17	100
cg22993731	17	18	100
cg22993731	23	24	100
cg22993731	24	25	100
cg23015165	28	29	100
cg23015165	29	30	100
cg23015165	30	31	100
cg23015165	33	34	100
cg23015165	46	47	100
cg23015165	48	49	100
cg23055029	10	11	0
cg23055029	28	29	0
cg23055029	29	30	0
cg23076498	54	55	0
cg23091488	6	7	100
cg23091488	8	9	0
cg23091488	25	26	0
cg23091488	27	28	0
cg23091488	32	33	100
cg23091488	33	34	100
cg23091488	34	35	100
cg23091488	38	39	100
cg23091488	39	40	100
cg23091488	60	61	100
cg23091488	61	62	100
cg23091488	63	64	100
cg23091488	64	65	0
cg23091488	66	67	100
cg23146472	1	2	100
cg23146472	3	4	66.6666666666667
cg23146472	5	6	75
cg23146472	7	8	50
cg23146472	8	9	100
cg23146472	10	11	0
cg23146472	11	12	0
cg23146472	14	15	100
cg23146472	59	60	33.3333333333333
cg23146472	61	62	72.7272727272727
cg23146472	62	63	84.6153846153846
cg23146472	63	64	31.25
cg23146472	64	65	75
cg23146472	66	67	64.7058823529412
cg23146472	67	68	66.6666666666667
cg23146472	68	69	66.6666666666667
cg23146472	69	70	83.3333333333333
cg23146472	70	71	72.2222222222222
cg23146472	72	73	41.6666666666667
cg23146472	74	75	70
cg23146717	9	10	100
cg23281380	8	9	0
cg23281380	10	11	0
cg23281380	28	29	0
cg23281380	35	36	0
cg23281380	36	37	100
cg23281380	51	52	0
cg23281380	52	53	0
cg23281380	58	59	0
cg23302461	65	66	100
cg23302461	66	67	0
cg23302461	67	68	100
cg23302461	71	72	100
cg23302461	73	74	100
cg23423113	15	16	100
cg23423113	16	17	100
cg23423113	19	20	50
cg23423113	22	23	0
cg23423113	26	27	0
cg23423113	28	29	100
cg23423113	30	31	0
cg23423113	52	53	0
cg23423113	55	56	100
cg23423113	56	57	50
cg23423113	57	58	0
cg23423113	58	59	0
cg23423113	61	62	100
cg23527723	35	36	100
cg23527723	41	42	0
cg23527723	72	73	0
cg23778391	7	8	100
cg23778391	24	25	100
cg23778391	25	26	0
cg23778391	26	27	100
cg23778391	28	29	100
cg23778391	35	36	100
cg23778391	40	41	75
cg23778391	41	42	80
cg23778391	42	43	100
cg23778391	51	52	100
cg23778391	52	53	50
cg23778391	53	54	100
cg23829949	2	3	100
cg23829949	3	4	100
cg23829949	5	6	100
cg23829949	7	8	100
cg23829949	11	12	100
cg23829949	17	18	100
cg23829949	19	20	100
cg23829949	20	21	100
cg23829949	22	23	100
cg23829949	55	56	100
cg23829949	56	57	100
cg23829949	71	72	0
cg23865846	28	29	0
cg23865846	32	33	50
cg23865846	37	38	100
cg23865846	41	42	100
cg23993631	6	7	100
cg23993631	11	12	100
cg23993631	12	13	100
cg23993631	36	37	100
cg24178740	2	3	0
cg24178740	4	5	0
cg24178740	6	7	0
cg24178740	7	8	0
cg24178740	8	9	0
cg24178740	10	11	0
cg24178740	11	12	0
cg24178740	12	13	0
cg24178740	15	16	0
cg24178740	29	30	0
cg24178740	31	32	100
cg24178740	69	70	100
cg24178740	71	72	0
cg24178740	72	73	100
cg24178740	73	74	0
cg24178740	74	75	0
cg24178740	75	76	100
cg24178740	77	78	100
cg24178740	78	79	100
cg24240262	3	4	100
cg24240262	8	9	100
cg24240262	66	67	0
cg24240262	70	71	100
cg24240262	74	75	100
cg24275772	67	68	100
cg24275772	69	70	0
cg24275772	71	72	50
cg24458752	33	34	100
cg24458752	60	61	100
cg24570563	15	16	100
cg24570563	17	18	100
cg24570563	19	20	100
cg24570563	22	23	100
cg24602691	34	35	100
cg24602691	36	37	0
cg24602691	42	43	0
cg24602691	63	64	100
cg24602691	66	67	100
cg24713149	54	55	0
cg24713149	58	59	0
cg24713149	64	65	100
cg24717141	54	55	0
cg24717141	55	56	0
cg24746619	60	61	100
cg24746619	65	66	50
cg24782168	19	20	100
cg24782168	22	23	0
cg25001128	50	51	0
cg25001128	59	60	100
cg25001128	61	62	100
cg25001128	65	66	66.6666666666667
cg25001128	70	71	0
cg25001128	72	73	0
cg25061778	59	60	0
cg25061778	67	68	0
cg25165498	24	25	100
cg25165498	28	29	0
cg25165498	29	30	100
cg25165498	31	32	100
cg25165498	34	35	100
cg25165498	35	36	0
cg25165498	36	37	0
cg25226813	12	13	0
cg25226813	15	16	0
cg25226813	30	31	66.6666666666667
cg25226813	31	32	33.3333333333333
cg25226813	33	34	100
cg25226813	40	41	75
cg25226813	42	43	33.3333333333333
cg25226813	46	47	33.3333333333333
cg25226813	49	50	100
cg25402449	4	5	0
cg25402449	29	30	100
cg25402449	30	31	100
cg25402449	31	32	50
cg25402449	32	33	0
cg25402449	34	35	100
cg25402449	62	63	0
cg25402449	64	65	100
cg25430089	12	13	100
cg25430089	13	14	100
cg25430089	15	16	100
cg25430089	19	20	100
cg25430089	21	22	60
cg25430089	22	23	80
cg25430089	24	25	75
cg25430089	26	27	100
cg25642165	1	2	100
cg25642165	3	4	50
cg25642165	4	5	100
cg25642165	5	6	100
cg25642165	7	8	100
cg25642165	9	10	40
cg25642165	10	11	85.7142857142857
cg25642165	11	12	71.4285714285714
cg25642165	14	15	66.6666666666667
cg25642165	15	16	85.7142857142857
cg25642165	16	17	100
cg25642165	17	18	100
cg25642165	20	21	40
cg25831669	31	32	100
cg25831669	35	36	100
cg25831669	41	42	100
cg25831669	42	43	100
cg25831669	45	46	90
cg25831669	47	48	87.5
cg25854701	10	11	100
cg25854701	12	13	100
cg25878799	48	49	0
cg25878799	49	50	100
cg25878799	50	51	100
cg25878799	62	63	100
cg25878799	64	65	100
cg25943464	12	13	100
cg25943464	17	18	50
cg25943464	18	19	50
cg25943464	21	22	50
cg25943464	22	23	66.6666666666667
cg25943464	24	25	66.6666666666667
cg25943464	27	28	100
cg25943464	28	29	100
cg25943464	51	52	50
cg25943464	56	57	100
cg25943464	62	63	0
cg25943464	68	69	100
cg25966893	11	12	0
cg25966893	49	50	100
cg25974818	16	17	100
cg25974818	18	19	100
cg25974818	22	23	100
cg25974818	23	24	100
cg25974818	24	25	100
cg26109480	20	21	100
cg26109480	21	22	100
cg26109480	40	41	100
cg26109480	41	42	100
cg26192895	3	4	100
cg26192895	4	5	100
cg26192895	6	7	66.6666666666667
cg26192895	7	8	66.6666666666667
cg26192895	9	10	100
cg26192895	12	13	100
cg26192895	14	15	100
cg26192895	16	17	100
cg26192895	19	20	100
cg26192895	20	21	100
cg26192895	22	23	100
cg26192895	23	24	100
cg26192895	50	51	100
cg26192895	51	52	100
cg26226211	30	31	100
cg26226211	33	34	0
cg26226211	35	36	100
cg26226211	36	37	75
cg26226211	39	40	28.5714285714286
cg26226211	40	41	100
cg26226211	42	43	100
cg26226211	44	45	57.1428571428571
cg26226211	46	47	100
cg26230100	3	4	0
cg26230100	7	8	100
cg26230100	8	9	50
cg26230100	11	12	100
cg26230100	14	15	100
cg26352306	48	49	100
cg26352306	49	50	0
cg26352306	57	58	100
cg26352306	58	59	33.3333333333333
cg26438612	9	10	100
cg26438612	30	31	100
cg26438612	31	32	100
cg26457229	21	22	50
cg26457229	29	30	100
cg26457229	30	31	100
cg26491213	20	21	100
cg26491213	22	23	100
cg26491213	30	31	100
cg26491213	32	33	0
cg26491213	33	34	100
cg26491213	34	35	100
cg26491213	35	36	100
cg26530991	53	54	100
cg26530991	55	56	100
cg26530991	61	62	100
cg26538799	18	19	100
cg26538799	19	20	100
cg26538799	34	35	100
cg26538799	39	40	100
cg26538799	40	41	100
cg26538799	60	61	33.3333333333333
cg26538799	61	62	66.6666666666667
cg26538799	66	67	66.6666666666667
cg26538799	69	70	33.3333333333333
cg26538799	71	72	100
cg26566168	35	36	100
cg26566168	57	58	100
cg26566168	58	59	100
cg26566168	60	61	0
cg26566168	61	62	100
cg26566168	63	64	50
cg26566168	65	66	100
cg26566168	68	69	33.3333333333333
cg26566168	69	70	100
cg26566168	70	71	100
cg26566168	76	77	0
cg26567841	35	36	100
cg26567841	37	38	100
cg26567841	39	40	100
cg26567841	40	41	100
cg26567841	44	45	100
cg26567841	47	48	0
cg26567841	50	51	100
cg26567841	53	54	100
cg26581639	17	18	100
cg26581639	19	20	100
cg26581639	22	23	100
cg26581639	49	50	100
cg26581639	50	51	50
cg26581639	51	52	100
cg26581639	57	58	100
cg26581639	71	72	100
cg26603143	21	22	100
cg26603143	66	67	0
cg26603143	68	69	100
cg26603143	69	70	0
cg26603143	70	71	100
cg26603143	71	72	100
cg26603143	72	73	0
cg26830742	33	34	0
cg26830742	39	40	0
cg26830742	40	41	100
cg26830742	41	42	0
cg26927472	7	8	100
cg26927472	22	23	100
cg26927472	23	24	100
cg26927472	24	25	100
cg26927472	25	26	100
cg26927472	55	56	100
cg26973329	51	52	100
cg26973329	53	54	100
cg26973329	54	55	100
cg27061549	63	64	100
cg27061549	64	65	100
cg27061549	66	67	0
cg27061549	67	68	0
cg27061549	70	71	0
cg27088374	20	21	100
cg27088374	22	23	100
cg27088374	23	24	100
cg27088374	61	62	100
cg27088374	67	68	100
cg27101921	15	16	100
cg27101921	22	23	100
cg27101921	23	24	100
cg27101921	25	26	100
cg27101921	27	28	100
cg27121137	8	9	100
cg27121137	9	10	0
cg27121137	11	12	100
cg27121137	13	14	0
cg27121137	14	15	0
cg27121137	16	17	100
cg27121137	17	18	0
cg27121137	18	19	0
cg27121137	41	42	100
cg27121137	42	43	100
cg27255867	45	46	0
cg27255867	48	49	0
cg27255867	50	51	0
cg27255867	65	66	0
cg27255867	70	71	0
cg27255867	71	72	0
cg27255867	72	73	100
cg27255867	74	75	0
cg27255867	75	76	0
cg27257879	14	15	100
cg27257879	17	18	100
cg27257879	47	48	0
cg27257879	49	50	50
cg27257879	51	52	100
cg27344974	35	36	100
cg27344974	38	39	50
cg27344974	42	43	0
cg27344974	43	44	100
cg27389123	42	43	100
cg27389123	48	49	100
cg27389123	49	50	100
cg27389123	60	61	100
cg27389123	61	62	100
cg27389123	63	64	100
cg27389123	64	65	100
cg27425459	17	18	100
cg27425459	18	19	33.3333333333333
cg27425459	27	28	100
cg27425459	29	30	100
cg27496468	24	25	0
cg27496468	29	30	0
cg27496468	68	69	100
cg27553955	36	37	0
cg27553955	38	39	100
cg27553955	40	41	0
cg27553955	41	42	100
cg27553955	44	45	100
cg27553955	47	48	0
cg27582648	15	16	72.7272727272727
cg27582648	17	18	42.8571428571429
cg27582648	23	24	100
cg27582648	29	30	100
cg27582648	31	32	100
cg27582648	34	35	0
cg27582648	70	71	0
cg27582648	71	72	100
cg27626343	18	19	100
cg27626343	24	25	100
cg27626343	29	30	100
cg27626343	63	64	100
cg27626343	64	65	100
