track type=bedGraph
cg00367518	23	24	100
cg00370791	11	12	0
cg00370791	12	13	0
cg00370791	20	21	0
cg00370791	21	22	0
cg00370791	45	46	0
cg00370791	46	47	0
cg00475509	49	50	0
cg00475509	62	63	0
cg00546693	20	21	100
cg00546693	52	53	100
cg00777340	43	44	0
cg01049141	6	7	0
cg01049141	15	16	50
cg01049141	26	27	0
cg01049141	53	54	0
cg01099625	64	65	100
cg01650941	3	4	0
cg01650941	4	5	0
cg01650941	20	21	0
cg01650941	21	22	0
cg02040024	42	43	0
cg02040024	54	55	0
cg02040024	75	76	0
cg02317025	69	70	0
cg02456288	71	72	0
cg02538199	4	5	0
cg02538199	61	62	0
cg02538199	70	71	0
cg02538199	74	75	0
cg02762509	49	50	0
cg02762509	55	56	0
cg02762509	68	69	0
cg02873524	5	6	0
cg02873524	15	16	0
cg02873524	18	19	0
cg02873524	26	27	0
cg02873524	47	48	0
cg02894112	44	45	0
cg02894112	45	46	0
cg02894112	47	48	0
cg02894112	48	49	0
cg02905739	54	55	100
cg03144020	27	28	0
cg03144020	45	46	100
cg03391684	70	71	100
cg03391684	72	73	100
cg03391684	77	78	100
cg04449703	51	52	0
cg04583031	33	34	0
cg04583031	61	62	0
cg04583031	66	67	0
cg04583031	68	69	0
cg04956792	70	71	100
cg05173279	42	43	100
cg05173279	57	58	0
cg05173279	64	65	0
cg05406154	19	20	0
cg05406154	23	24	0
cg05406154	27	28	0
cg05406154	30	31	0
cg05406154	37	38	0
cg05406154	45	46	0
cg05693178	12	13	100
cg05821475	30	31	0
cg05821475	51	52	0
cg05821475	56	57	0
cg05821475	60	61	0
cg05821475	62	63	0
cg05879189	19	20	100
cg06023028	27	28	100
cg06037672	51	52	0
cg06037672	60	61	0
cg06113157	15	16	0
cg06113157	24	25	0
cg06113157	71	72	0
cg06115225	4	5	0
cg06115225	18	19	50
cg06115225	43	44	0
cg06115225	52	53	0
cg06115225	55	56	0
cg06292880	12	13	66.6666666666667
cg06610975	38	39	0
cg06718658	53	54	0
cg07232817	24	25	100
cg07232817	69	70	0
cg07645671	67	68	100
cg08170671	19	20	0
cg08170671	23	24	0
cg08170671	30	31	0
cg08285141	40	41	0
cg08285141	54	55	0
cg08460572	10	11	0
cg08519469	23	24	0
cg08629602	7	8	0
cg08629602	8	9	0
cg08629602	17	18	0
cg08629602	18	19	0
cg08629602	23	24	0
cg08629602	24	25	0
cg08629602	27	28	0
cg08629602	28	29	0
cg08629602	30	31	0
cg08629602	53	54	0
cg08629602	59	60	0
cg08854986	54	55	0
cg08921975	20	21	0
cg08921975	22	23	0
cg09207493	18	19	50
cg09207493	23	24	0
cg09207493	25	26	50
cg09207493	54	55	50
cg09313308	24	25	0
cg09313308	31	32	50
cg09317554	33	34	100
cg09317554	36	37	50
cg09317554	73	74	0
cg09367901	49	50	100
cg09367901	51	52	0
cg09579869	50	51	0
cg09682305	38	39	0
cg09682305	58	59	0
cg09817553	7	8	0
cg09817553	44	45	0
cg10131194	4	5	0
cg10131194	27	28	0
cg10131194	30	31	0
cg10593080	58	59	0
cg10593080	62	63	0
cg10624665	10	11	0
cg10624665	14	15	0
cg10624665	50	51	0
cg10624665	56	57	50
cg10624665	59	60	50
cg10624665	68	69	0
cg10624665	71	72	0
cg11666770	44	45	50
cg11666770	49	50	0
cg11666770	53	54	0
cg11666770	57	58	0
cg11908885	6	7	0
cg11908885	18	19	0
cg11908885	35	36	0
cg11908885	44	45	0
cg11908885	47	48	0
cg11908885	69	70	0
cg12145907	14	15	0
cg12145907	21	22	0
cg12306961	35	36	0
cg12306961	41	42	0
cg12593479	16	17	0
cg12841266	13	14	0
cg12841266	17	18	0
cg12841266	20	21	0
cg12841266	31	32	0
cg12841266	35	36	0
cg12841266	44	45	0
cg12841266	71	72	100
cg12935350	30	31	0
cg13143654	74	75	0
cg13163729	16	17	0
cg13163729	19	20	0
cg13163729	61	62	0
cg13192313	30	31	0
cg13288931	59	60	0
cg13288931	61	62	0
cg13300506	77	78	100
cg13548252	1	2	0
cg13694139	20	21	0
cg13694139	36	37	100
cg13854663	65	66	0
cg13854663	71	72	50
cg13922229	49	50	0
cg14140337	13	14	0
cg14140337	22	23	0
cg14415958	52	53	0
cg14415958	60	61	0
cg14715530	43	44	0
cg15028045	29	30	0
cg15234261	60	61	0
cg15262576	21	22	0
cg15262576	22	23	0
cg15639204	20	21	0
cg15639204	69	70	100
cg16046465	10	11	0
cg16046465	32	33	0
cg16046465	34	35	0
cg16046465	49	50	0
cg16046465	53	54	0
cg16046465	64	65	0
cg16839209	8	9	100
cg16839209	29	30	100
cg16839209	35	36	100
cg16839209	44	45	100
cg18120675	8	9	0
cg18120675	24	25	0
cg18120675	25	26	0
cg18120675	35	36	0
cg18120675	36	37	0
cg18120675	38	39	0
cg18120675	39	40	0
cg18120675	52	53	0
cg18120675	54	55	0
cg18192799	61	62	0
cg18243072	9	10	0
cg18243072	66	67	0
cg18821963	3	4	0
cg18821963	20	21	0
cg18821963	31	32	0
cg18821963	33	34	0
cg18821963	47	48	0
cg18821963	62	63	0
cg18821963	65	66	0
cg18972426	13	14	0
cg18972426	31	32	0
cg18972426	64	65	0
cg19658834	29	30	0
cg20477718	21	22	0
cg20872072	25	26	100
cg20925142	12	13	0
cg20950377	3	4	0
cg20950377	18	19	0
cg21294440	40	41	0
cg21314020	16	17	0
cg21344984	13	14	0
cg21344984	37	38	0
cg21344984	39	40	0
cg21344984	52	53	0
cg21344984	65	66	0
cg21452781	30	31	0
cg21520769	29	30	100
cg21520769	30	31	100
cg21520769	50	51	100
cg21714079	14	15	0
cg21714079	24	25	0
cg21714079	46	47	0
cg21767196	17	18	100
cg21767196	32	33	0
cg21767196	50	51	0
cg21767196	54	55	0
cg21767196	64	65	0
cg22029297	65	66	0
cg22044564	20	21	0
cg22044564	29	30	0
cg22044564	48	49	0
cg22044564	55	56	0
cg22044564	57	58	0
cg22097199	39	40	0
cg22191805	45	46	0
cg22724078	48	49	100
cg22875689	26	27	0
cg22875689	74	75	0
cg23575948	38	39	0
cg23575948	65	66	100
cg23677945	22	23	0
cg23743304	13	14	0
cg23743304	15	16	0
cg23743304	25	26	0
cg23743304	74	75	0
cg23845691	23	24	100
cg23845691	29	30	0
cg24265610	42	43	0
cg24310367	13	14	0
cg24310367	59	60	0
cg24444575	20	21	0
cg24444575	29	30	0
cg24444575	31	32	0
cg24444575	44	45	0
cg24444575	65	66	25
cg24557791	21	22	50
cg24557791	29	30	0
cg24557791	55	56	0
cg24557791	70	71	0
cg24642372	37	38	0
cg24724167	52	53	0
cg24724167	54	55	0
cg24724167	57	58	0
cg24724167	62	63	0
cg24724167	64	65	0
cg24970974	28	29	0
cg25091185	12	13	0
cg25091185	30	31	0
cg25226813	6	7	0
cg25226813	58	59	0
cg25502186	29	30	100
cg25558655	61	62	50
cg25558655	69	70	100
cg25878799	10	11	0
cg25878799	30	31	0
cg25878799	73	74	0
cg26313355	54	55	0
cg26352306	16	17	0
cg26352306	24	25	0
cg27213895	30	31	0
cg27294582	25	26	0
cg27344974	29	30	0
cg27344974	73	74	0
cg27639460	60	61	0
cg27664916	29	30	0
